#stackID(UINT32), frameID(UINT32), eventID(UINT32), x0(float), y0(float), z0(float), photon_count0(float), sigmaX0(float), sigmaY0(float) 
    0,     0,     1,       8.76,      14.70,       0.00,     2549.1,       1.80,       1.25
    0,     0,     2,      29.08,      31.08,       0.00,    16440.9,       2.07,       1.26
    0,     0,     3,      43.70,      73.16,       0.00,     7739.2,       1.96,       1.18
    0,     0,     4,      68.33,      72.90,       0.00,    18049.1,       2.00,       1.28
    0,     0,     5,      86.00,      74.02,       0.00,     7999.5,       1.79,       1.21
    0,     0,     6,     136.76,      74.91,       0.00,    14187.4,       1.88,       1.25
    0,     0,     7,     103.55,      78.44,       0.00,    10853.0,       1.86,       1.23
    0,     0,     8,      69.95,     111.41,       0.00,    12094.8,       1.95,       1.21
    0,     0,     9,     112.59,     131.35,       0.00,    15588.4,       1.96,       1.23
    0,     0,    10,      94.95,     138.21,       0.00,     9584.5,       1.92,       1.24
    0,     0,    11,     101.71,     164.31,       0.00,     7952.4,       1.94,       1.23
    0,     1,     1,       8.80,      14.79,       0.00,     2513.7,       1.91,       1.22
    0,     1,     2,      29.10,      31.09,       0.00,    15785.5,       2.02,       1.24
    0,     1,     3,      43.74,      73.15,       0.00,     7929.1,       2.00,       1.20
    0,     1,     4,      68.38,      72.90,       0.00,    17730.3,       1.96,       1.29
    0,     1,     5,      85.98,      74.06,       0.00,     8325.3,       1.84,       1.23
    0,     1,     6,     136.74,      74.94,       0.00,    13828.5,       1.90,       1.23
    0,     1,     7,     103.51,      78.46,       0.00,    10391.3,       1.84,       1.23
    0,     1,     8,      69.95,     111.39,       0.00,    11937.8,       1.94,       1.23
    0,     1,     9,     112.56,     131.36,       0.00,    15389.2,       1.96,       1.23
    0,     1,    10,      94.99,     138.21,       0.00,     9451.4,       1.89,       1.20
    0,     1,    11,     101.74,     164.29,       0.00,     7481.7,       1.86,       1.21
    0,     2,     1,       8.80,      14.74,       0.00,     2575.3,       1.84,       1.22
    0,     2,     2,      29.08,      31.06,       0.00,    15492.7,       2.05,       1.25
    0,     2,     3,      43.72,      73.16,       0.00,     7692.5,       1.90,       1.19
    0,     2,     4,      68.38,      72.90,       0.00,    17742.1,       1.95,       1.29
    0,     2,     5,      86.04,      74.07,       0.00,     8230.1,       1.84,       1.23
    0,     2,     6,     136.81,      74.88,       0.00,    14112.6,       1.90,       1.27
    0,     2,     7,     103.53,      78.45,       0.00,    10580.8,       1.85,       1.23
    0,     2,     8,      69.96,     111.39,       0.00,    12222.8,       1.93,       1.22
    0,     2,     9,     112.64,     131.35,       0.00,    15095.2,       1.95,       1.22
    0,     2,    10,      94.92,     138.22,       0.00,     9466.9,       1.88,       1.24
    0,     2,    11,     101.79,     164.31,       0.00,     7487.7,       1.89,       1.21
    0,     3,     1,       8.68,      14.74,       0.00,     2359.7,       1.73,       1.18
    0,     3,     2,      29.10,      31.10,       0.00,    15658.9,       2.06,       1.25
    0,     3,     3,      43.67,      73.16,       0.00,     7816.6,       1.95,       1.19
    0,     3,     4,      68.38,      72.90,       0.00,    17427.0,       1.98,       1.26
    0,     3,     5,      86.04,      74.04,       0.00,     8110.5,       1.85,       1.24
    0,     3,     6,     136.73,      74.92,       0.00,    13729.0,       1.91,       1.23
    0,     3,     7,     103.53,      78.43,       0.00,    10389.9,       1.81,       1.26
    0,     3,     8,      69.98,     111.39,       0.00,    11996.9,       1.95,       1.21
    0,     3,     9,     112.61,     131.35,       0.00,    14847.1,       1.95,       1.20
    0,     3,    10,      95.01,     138.18,       0.00,     9448.7,       1.94,       1.21
    0,     3,    11,     101.76,     164.33,       0.00,     7181.1,       1.88,       1.21
    0,     4,     1,       8.73,      14.74,       0.00,     2674.0,       1.83,       1.29
    0,     4,     2,      29.10,      31.08,       0.00,    15597.1,       2.02,       1.27
    0,     4,     3,      68.35,      72.88,       0.00,    17483.2,       1.96,       1.29
    0,     4,     4,      43.66,      73.16,       0.00,     7802.1,       1.95,       1.21
    0,     4,     5,      86.02,      74.09,       0.00,     7983.1,       1.82,       1.19
    0,     4,     6,     136.78,      74.91,       0.00,    13642.2,       1.94,       1.23
    0,     4,     7,     103.48,      78.44,       0.00,    10434.8,       1.82,       1.23
    0,     4,     8,      69.92,     111.39,       0.00,    12021.9,       1.95,       1.23
    0,     4,     9,     112.59,     131.35,       0.00,    15332.1,       1.98,       1.24
    0,     4,    10,      94.94,     138.21,       0.00,     9294.2,       1.91,       1.23
    0,     4,    11,     101.71,     164.32,       0.00,     7344.7,       1.89,       1.21
    0,     5,     1,       8.76,      14.74,       0.00,     2535.6,       1.75,       1.18
    0,     5,     2,      29.11,      31.08,       0.00,    15705.0,       2.06,       1.25
    0,     5,     3,      68.37,      72.90,       0.00,    17182.1,       1.94,       1.28
    0,     5,     4,      43.68,      73.17,       0.00,     7794.2,       1.94,       1.21
    0,     5,     5,      86.04,      74.05,       0.00,     7987.3,       1.82,       1.20
    0,     5,     6,     136.75,      74.92,       0.00,    13658.6,       1.89,       1.25
    0,     5,     7,     103.53,      78.48,       0.00,    10209.3,       1.81,       1.26
    0,     5,     8,      69.93,     111.39,       0.00,    11565.0,       1.91,       1.21
    0,     5,     9,     112.61,     131.35,       0.00,    15182.4,       1.97,       1.22
    0,     5,    10,      94.94,     138.19,       0.00,     9046.6,       1.90,       1.23
    0,     5,    11,     101.74,     164.33,       0.00,     7547.9,       1.95,       1.20
    0,     6,     1,       8.78,      14.81,       0.00,     2442.9,       1.86,       1.20
    0,     6,     2,      29.10,      31.07,       0.00,    15380.1,       2.01,       1.26
    0,     6,     3,      68.37,      72.87,       0.00,    17285.6,       1.92,       1.28
    0,     6,     4,      43.72,      73.13,       0.00,     7386.5,       1.89,       1.16
    0,     6,     5,      86.08,      74.05,       0.00,     7773.4,       1.78,       1.22
    0,     6,     6,     136.77,      74.90,       0.00,    13343.3,       1.88,       1.24
    0,     6,     7,     103.54,      78.44,       0.00,    10197.0,       1.79,       1.23
    0,     6,     8,      70.00,     111.39,       0.00,    12081.4,       1.94,       1.25
    0,     6,     9,     112.61,     131.32,       0.00,    15095.4,       1.95,       1.22
    0,     6,    10,      94.95,     138.22,       0.00,     9326.5,       1.89,       1.23
    0,     6,    11,     101.73,     164.30,       0.00,     7248.8,       1.83,       1.22
    0,     7,     1,       8.74,      14.77,       0.00,     2351.6,       1.73,       1.17
    0,     7,     2,      29.10,      31.07,       0.00,    15438.2,       2.02,       1.26
    0,     7,     3,      43.68,      73.16,       0.00,     7681.7,       1.93,       1.21
    0,     7,     4,      68.36,      72.90,       0.00,    17099.6,       1.94,       1.27
    0,     7,     5,      86.03,      74.08,       0.00,     7894.9,       1.89,       1.20
    0,     7,     6,     136.75,      74.90,       0.00,    13654.2,       1.93,       1.25
    0,     7,     7,     103.50,      78.43,       0.00,    10135.4,       1.84,       1.21
    0,     7,     8,      69.92,     111.39,       0.00,    11915.0,       1.92,       1.26
    0,     7,     9,     112.62,     131.36,       0.00,    15116.9,       1.97,       1.22
    0,     7,    10,      94.96,     138.19,       0.00,     9169.1,       1.93,       1.22
    0,     7,    11,     101.73,     164.34,       0.00,     7180.4,       1.91,       1.19
    0,     8,     1,       8.75,      14.74,       0.00,     2436.4,       1.93,       1.21
    0,     8,     2,      29.08,      31.09,       0.00,    15521.3,       2.03,       1.29
    0,     8,     3,      68.40,      72.89,       0.00,    17078.6,       1.94,       1.27
    0,     8,     4,      43.68,      73.13,       0.00,     7484.9,       1.94,       1.19
    0,     8,     5,      86.09,      74.07,       0.00,     7673.9,       1.80,       1.21
    0,     8,     6,     136.76,      74.90,       0.00,    13507.7,       1.94,       1.22
    0,     8,     7,     103.56,      78.42,       0.00,    10216.5,       1.83,       1.21
    0,     8,     8,      69.94,     111.39,       0.00,    11930.4,       1.98,       1.22
    0,     8,     9,     112.59,     131.34,       0.00,    14865.0,       1.93,       1.23
    0,     8,    10,      94.91,     138.19,       0.00,     9247.0,       1.94,       1.21
    0,     8,    11,     101.75,     164.28,       0.00,     7167.6,       1.85,       1.19
    0,     9,     1,       8.72,      14.81,       0.00,     2482.7,       1.84,       1.26
    0,     9,     2,      29.11,      31.07,       0.00,    15188.5,       2.01,       1.26
    0,     9,     3,      43.67,      73.11,       0.00,     7331.6,       1.90,       1.19
    0,     9,     4,      68.33,      72.91,       0.00,    17101.6,       1.92,       1.28
    0,     9,     5,      86.05,      74.08,       0.00,     8222.5,       1.84,       1.25
    0,     9,     6,     136.80,      74.88,       0.00,    14034.0,       1.94,       1.26
    0,     9,     7,     103.55,      78.44,       0.00,    10483.9,       1.84,       1.21
    0,     9,     8,      69.94,     111.40,       0.00,    11937.6,       1.91,       1.23
    0,     9,     9,     112.58,     131.34,       0.00,    14971.1,       1.93,       1.22
    0,     9,    10,      94.92,     138.19,       0.00,     9018.7,       1.88,       1.21
    0,     9,    11,     101.75,     164.30,       0.00,     7148.6,       1.88,       1.17
    0,    10,     1,       8.73,      14.75,       0.00,     2440.6,       1.76,       1.22
    0,    10,     2,      29.08,      31.08,       0.00,    15453.0,       2.03,       1.26
    0,    10,     3,      43.70,      73.13,       0.00,     7510.9,       1.94,       1.21
    0,    10,     4,      68.38,      72.91,       0.00,    17542.5,       1.98,       1.29
    0,    10,     5,      86.01,      74.08,       0.00,     7962.9,       1.89,       1.24
    0,    10,     6,     136.73,      74.90,       0.00,    13602.5,       1.93,       1.26
    0,    10,     7,     103.55,      78.46,       0.00,    10472.2,       1.86,       1.25
    0,    10,     8,      69.95,     111.41,       0.00,    11626.4,       1.94,       1.25
    0,    10,     9,     112.63,     131.30,       0.00,    14941.6,       1.94,       1.24
    0,    10,    10,      94.92,     138.20,       0.00,     9246.0,       1.90,       1.27
    0,    10,    11,     101.71,     164.30,       0.00,     7503.7,       1.90,       1.27
    0,    11,     1,       8.73,      14.78,       0.00,     2300.5,       1.83,       1.14
    0,    11,     2,      29.10,      31.08,       0.00,    15539.6,       2.02,       1.26
    0,    11,     3,      43.69,      73.14,       0.00,     7643.2,       1.93,       1.21
    0,    11,     4,      68.40,      72.89,       0.00,    16812.0,       1.95,       1.28
    0,    11,     5,      86.05,      74.01,       0.00,     7988.1,       1.87,       1.25
    0,    11,     6,     136.72,      74.92,       0.00,    13614.6,       1.90,       1.26
    0,    11,     7,     103.49,      78.44,       0.00,    10041.4,       1.81,       1.22
    0,    11,     8,      69.94,     111.43,       0.00,    11708.2,       1.94,       1.26
    0,    11,     9,     112.61,     131.34,       0.00,    14944.6,       1.96,       1.21
    0,    11,    10,      94.96,     138.20,       0.00,     9177.5,       1.90,       1.24
    0,    11,    11,     101.71,     164.34,       0.00,     7465.3,       1.95,       1.20
    0,    12,     1,       8.75,      14.78,       0.00,     2589.4,       1.93,       1.25
    0,    12,     2,      29.11,      31.04,       0.00,    15599.3,       2.04,       1.27
    0,    12,     3,      43.68,      73.13,       0.00,     7537.4,       1.92,       1.20
    0,    12,     4,      68.39,      72.89,       0.00,    17211.3,       1.96,       1.29
    0,    12,     5,      86.08,      74.02,       0.00,     8048.3,       1.78,       1.25
    0,    12,     6,     136.79,      74.87,       0.00,    13396.8,       1.88,       1.23
    0,    12,     7,     103.53,      78.45,       0.00,    10098.3,       1.79,       1.24
    0,    12,     8,      69.97,     111.42,       0.00,    11923.0,       1.98,       1.24
    0,    12,     9,     112.61,     131.33,       0.00,    14869.7,       1.95,       1.24
    0,    12,    10,      94.98,     138.23,       0.00,     8872.8,       1.80,       1.20
    0,    12,    11,     101.74,     164.30,       0.00,     7106.4,       1.85,       1.20
    0,    13,     1,       8.71,      14.80,       0.00,     2402.0,       1.77,       1.17
    0,    13,     2,      29.08,      31.07,       0.00,    15669.3,       2.04,       1.27
    0,    13,     3,      68.39,      72.88,       0.00,    17001.9,       1.92,       1.30
    0,    13,     4,      43.74,      73.12,       0.00,     7560.9,       1.91,       1.20
    0,    13,     5,      86.06,      74.06,       0.00,     7763.7,       1.79,       1.23
    0,    13,     6,     136.78,      74.90,       0.00,    13495.4,       1.92,       1.25
    0,    13,     7,     103.51,      78.42,       0.00,     9998.0,       1.82,       1.23
    0,    13,     8,      69.94,     111.39,       0.00,    11620.9,       1.99,       1.25
    0,    13,     9,     112.63,     131.32,       0.00,    14912.9,       1.92,       1.22
    0,    13,    10,      94.99,     138.20,       0.00,     8992.5,       1.83,       1.17
    0,    13,    11,     101.68,     164.33,       0.00,     7388.1,       1.86,       1.20
    0,    14,     1,       8.77,      14.68,       0.00,     2467.9,       1.80,       1.22
    0,    14,     2,      29.08,      31.08,       0.00,    15358.6,       1.99,       1.29
    0,    14,     3,      68.37,      72.90,       0.00,    16773.4,       1.89,       1.30
    0,    14,     4,      43.73,      73.13,       0.00,     7578.7,       1.98,       1.20
    0,    14,     5,      86.04,      74.05,       0.00,     7997.4,       1.80,       1.22
    0,    14,     6,     136.76,      74.88,       0.00,    13549.8,       1.89,       1.27
    0,    14,     7,     103.51,      78.46,       0.00,    10015.9,       1.82,       1.22
    0,    14,     8,      69.98,     111.40,       0.00,    11557.0,       1.93,       1.22
    0,    14,     9,     112.65,     131.34,       0.00,    14965.8,       1.96,       1.24
    0,    14,    10,      94.95,     138.19,       0.00,     9161.8,       1.84,       1.24
    0,    14,    11,     101.77,     164.31,       0.00,     7130.6,       1.85,       1.20
    0,    15,     1,       8.84,      14.78,       0.00,     2519.9,       1.86,       1.22
    0,    15,     2,      29.06,      31.07,       0.00,    15456.2,       2.03,       1.28
    0,    15,     3,      43.65,      73.13,       0.00,     7477.4,       1.93,       1.21
    0,    15,     4,      68.38,      72.89,       0.00,    16998.1,       1.91,       1.32
    0,    15,     5,      86.04,      74.03,       0.00,     7859.0,       1.74,       1.23
    0,    15,     6,     136.72,      74.90,       0.00,    13135.4,       1.85,       1.24
    0,    15,     7,     103.57,      78.45,       0.00,    10386.3,       1.80,       1.28
    0,    15,     8,      69.98,     111.38,       0.00,    11762.9,       1.93,       1.24
    0,    15,     9,     112.61,     131.35,       0.00,    14760.5,       1.95,       1.23
    0,    15,    10,      94.98,     138.15,       0.00,     9077.7,       1.86,       1.21
    0,    15,    11,     101.74,     164.29,       0.00,     7262.8,       1.89,       1.22
    0,    16,     1,       8.73,      14.73,       0.00,     2443.8,       1.88,       1.20
    0,    16,     2,      29.11,      31.05,       0.00,    15533.3,       1.99,       1.29
    0,    16,     3,      68.37,      72.90,       0.00,    16888.6,       1.91,       1.30
    0,    16,     4,      43.68,      73.12,       0.00,     7344.5,       1.87,       1.23
    0,    16,     5,      86.00,      74.06,       0.00,     7851.6,       1.74,       1.24
    0,    16,     6,     136.76,      74.90,       0.00,    13106.0,       1.90,       1.24
    0,    16,     7,     103.56,      78.43,       0.00,    10018.9,       1.77,       1.27
    0,    16,     8,      69.96,     111.40,       0.00,    11792.2,       1.97,       1.23
    0,    16,     9,     112.64,     131.31,       0.00,    14317.7,       1.93,       1.25
    0,    16,    10,      94.96,     138.21,       0.00,     9185.8,       1.91,       1.23
    0,    16,    11,     101.78,     164.32,       0.00,     7224.1,       1.84,       1.22
    0,    17,     1,       8.71,      14.71,       0.00,     2565.9,       1.82,       1.20
    0,    17,     2,      29.09,      31.08,       0.00,    15258.8,       2.01,       1.26
    0,    17,     3,      68.35,      72.88,       0.00,    16675.8,       1.94,       1.27
    0,    17,     4,      43.68,      73.17,       0.00,     7811.0,       2.06,       1.25
    0,    17,     5,      86.07,      74.05,       0.00,     7802.9,       1.82,       1.22
    0,    17,     6,     136.80,      74.91,       0.00,    13358.9,       1.91,       1.24
    0,    17,     7,     103.54,      78.45,       0.00,    10085.7,       1.85,       1.22
    0,    17,     8,      69.95,     111.40,       0.00,    11787.7,       1.93,       1.27
    0,    17,     9,     112.65,     131.34,       0.00,    14575.4,       1.93,       1.23
    0,    17,    10,      94.93,     138.18,       0.00,     8956.5,       1.85,       1.23
    0,    17,    11,     101.76,     164.33,       0.00,     7230.4,       1.89,       1.18
    0,    18,     1,       8.77,      14.77,       0.00,     2635.9,       1.78,       1.26
    0,    18,     2,      29.05,      31.06,       0.00,    15214.1,       2.03,       1.27
    0,    18,     3,      68.39,      72.89,       0.00,    17285.7,       1.94,       1.29
    0,    18,     4,      43.70,      73.13,       0.00,     7422.0,       1.91,       1.22
    0,    18,     5,      86.07,      74.06,       0.00,     7792.2,       1.80,       1.25
    0,    18,     6,     136.80,      74.90,       0.00,    13460.3,       1.90,       1.26
    0,    18,     7,     103.51,      78.44,       0.00,     9957.6,       1.85,       1.25
    0,    18,     8,      69.93,     111.41,       0.00,    11645.9,       1.93,       1.23
    0,    18,     9,     112.62,     131.32,       0.00,    14797.4,       1.93,       1.21
    0,    18,    10,      94.95,     138.18,       0.00,     8939.4,       1.83,       1.20
    0,    18,    11,     101.76,     164.30,       0.00,     7122.5,       1.85,       1.21
    0,    19,     1,       8.72,      14.70,       0.00,     2601.1,       1.82,       1.28
    0,    19,     2,      29.10,      31.07,       0.00,    15514.1,       2.06,       1.28
    0,    19,     3,      68.37,      72.89,       0.00,    16897.3,       1.95,       1.27
    0,    19,     4,      43.66,      73.15,       0.00,     7489.0,       1.90,       1.22
    0,    19,     5,      86.07,      74.04,       0.00,     8164.1,       1.80,       1.21
    0,    19,     6,     136.76,      74.92,       0.00,    13370.8,       1.89,       1.27
    0,    19,     7,     103.53,      78.43,       0.00,    10031.9,       1.81,       1.24
    0,    19,     8,      69.94,     111.42,       0.00,    11537.0,       1.96,       1.23
    0,    19,     9,     112.64,     131.33,       0.00,    14806.2,       1.99,       1.21
    0,    19,    10,      94.96,     138.21,       0.00,     9152.9,       1.91,       1.23
    0,    19,    11,     101.73,     164.31,       0.00,     7206.6,       1.94,       1.19
    0,    20,     1,       8.80,      14.68,       0.00,     2448.4,       1.81,       1.21
    0,    20,     2,      29.05,      31.07,       0.00,    15268.6,       2.03,       1.24
    0,    20,     3,      68.37,      72.88,       0.00,    16838.2,       1.94,       1.29
    0,    20,     4,      43.66,      73.17,       0.00,     7592.7,       1.95,       1.20
    0,    20,     5,      86.07,      74.03,       0.00,     7710.0,       1.76,       1.20
    0,    20,     6,     136.76,      74.91,       0.00,    13362.0,       1.90,       1.23
    0,    20,     7,     103.50,      78.42,       0.00,    10193.4,       1.82,       1.25
    0,    20,     8,      69.94,     111.40,       0.00,    11572.5,       1.93,       1.24
    0,    20,     9,     112.58,     131.34,       0.00,    14844.0,       1.93,       1.24
    0,    20,    10,      94.95,     138.19,       0.00,     9020.8,       1.89,       1.24
    0,    20,    11,     101.73,     164.31,       0.00,     7157.5,       1.89,       1.21
    0,    21,     1,       8.73,      14.75,       0.00,     2441.9,       1.69,       1.22
    0,    21,     2,      29.05,      31.07,       0.00,    14995.3,       1.99,       1.27
    0,    21,     3,      43.65,      73.17,       0.00,     7717.4,       2.00,       1.23
    0,    21,     4,      68.41,      72.89,       0.00,    16798.1,       1.96,       1.27
    0,    21,     5,      86.05,      74.04,       0.00,     7965.7,       1.78,       1.23
    0,    21,     6,     136.76,      74.90,       0.00,    13556.2,       1.89,       1.25
    0,    21,     7,     103.54,      78.43,       0.00,    10213.8,       1.81,       1.24
    0,    21,     8,      69.96,     111.38,       0.00,    11541.3,       1.93,       1.22
    0,    21,     9,     112.59,     131.33,       0.00,    14578.3,       1.91,       1.25
    0,    21,    10,      94.92,     138.17,       0.00,     9232.1,       1.94,       1.24
    0,    21,    11,     101.74,     164.31,       0.00,     7068.5,       1.84,       1.18
    0,    22,     1,       8.75,      14.73,       0.00,     2512.1,       1.77,       1.20
    0,    22,     2,      29.09,      31.07,       0.00,    14989.1,       2.00,       1.28
    0,    22,     3,      68.38,      72.88,       0.00,    16798.1,       1.91,       1.28
    0,    22,     4,      43.63,      73.15,       0.00,     7513.7,       1.92,       1.23
    0,    22,     5,      86.02,      74.02,       0.00,     7849.2,       1.85,       1.24
    0,    22,     6,     136.72,      74.89,       0.00,    13144.0,       1.90,       1.26
    0,    22,     7,     103.55,      78.43,       0.00,    10147.9,       1.81,       1.23
    0,    22,     8,      69.95,     111.41,       0.00,    11438.2,       1.94,       1.22
    0,    22,     9,     112.61,     131.34,       0.00,    14291.1,       1.92,       1.23
    0,    22,    10,      94.94,     138.21,       0.00,     9158.6,       1.90,       1.24
    0,    22,    11,     101.73,     164.32,       0.00,     7387.0,       1.92,       1.18
    0,    23,     1,       8.82,      14.72,       0.00,     2510.1,       1.89,       1.23
    0,    23,     2,      29.13,      31.06,       0.00,    15169.6,       2.04,       1.27
    0,    23,     3,      68.38,      72.91,       0.00,    17177.1,       1.93,       1.31
    0,    23,     4,      43.70,      73.15,       0.00,     7592.5,       1.93,       1.21
    0,    23,     5,      86.03,      74.02,       0.00,     7808.8,       1.78,       1.21
    0,    23,     6,     136.78,      74.90,       0.00,    13108.3,       1.90,       1.26
    0,    23,     7,     103.54,      78.46,       0.00,    10182.6,       1.84,       1.27
    0,    23,     8,      69.96,     111.38,       0.00,    11708.3,       1.97,       1.24
    0,    23,     9,     112.58,     131.34,       0.00,    14438.4,       1.95,       1.23
    0,    23,    10,      94.95,     138.18,       0.00,     9005.5,       1.87,       1.24
    0,    23,    11,     101.72,     164.30,       0.00,     7023.1,       1.87,       1.23
    0,    24,     1,       8.76,      14.74,       0.00,     2502.0,       1.92,       1.20
    0,    24,     2,      29.11,      31.06,       0.00,    15320.7,       2.03,       1.27
    0,    24,     3,      68.39,      72.89,       0.00,    16788.5,       1.98,       1.26
    0,    24,     4,      43.69,      73.17,       0.00,     7403.3,       1.95,       1.19
    0,    24,     5,      86.05,      74.05,       0.00,     7932.0,       1.86,       1.22
    0,    24,     6,     136.79,      74.90,       0.00,    12844.4,       1.87,       1.21
    0,    24,     7,     103.55,      78.43,       0.00,    10166.2,       1.86,       1.23
    0,    24,     8,      69.96,     111.40,       0.00,    11638.7,       1.93,       1.23
    0,    24,     9,     112.61,     131.31,       0.00,    14279.4,       1.95,       1.21
    0,    24,    10,      94.91,     138.17,       0.00,     8719.2,       1.83,       1.23
    0,    24,    11,     101.73,     164.28,       0.00,     7179.2,       1.93,       1.21
    0,    25,     1,       8.75,      14.82,       0.00,     2452.3,       1.86,       1.25
    0,    25,     2,      29.12,      31.07,       0.00,    15323.9,       2.05,       1.26
    0,    25,     3,      43.69,      73.17,       0.00,     7454.9,       1.93,       1.20
    0,    25,     4,      68.41,      72.89,       0.00,    17059.5,       1.95,       1.27
    0,    25,     5,      86.03,      74.03,       0.00,     7603.3,       1.81,       1.21
    0,    25,     6,     136.79,      74.88,       0.00,    12957.1,       1.88,       1.24
    0,    25,     7,     103.53,      78.45,       0.00,    10377.1,       1.81,       1.26
    0,    25,     8,      69.94,     111.38,       0.00,    11910.5,       1.97,       1.27
    0,    25,     9,     112.62,     131.35,       0.00,    14295.5,       1.94,       1.21
    0,    25,    10,      94.95,     138.22,       0.00,     8957.0,       1.93,       1.24
    0,    25,    11,     101.71,     164.34,       0.00,     7220.0,       1.89,       1.21
    0,    26,     1,       8.78,      14.75,       0.00,     2532.0,       1.82,       1.28
    0,    26,     2,      29.14,      31.07,       0.00,    14963.7,       2.04,       1.26
    0,    26,     3,      68.41,      72.89,       0.00,    17308.2,       1.96,       1.29
    0,    26,     4,      43.73,      73.17,       0.00,     7533.0,       2.00,       1.18
    0,    26,     5,      86.07,      74.05,       0.00,     7754.1,       1.78,       1.24
    0,    26,     6,     136.78,      74.90,       0.00,    13379.5,       1.89,       1.25
    0,    26,     7,     103.58,      78.42,       0.00,    10273.1,       1.85,       1.24
    0,    26,     8,      69.97,     111.40,       0.00,    11832.0,       1.96,       1.24
    0,    26,     9,     112.63,     131.35,       0.00,    14395.2,       1.95,       1.22
    0,    26,    10,      94.95,     138.16,       0.00,     8864.9,       1.89,       1.22
    0,    26,    11,     101.75,     164.35,       0.00,     7051.1,       1.85,       1.20
    0,    27,     1,       8.77,      14.70,       0.00,     2327.2,       1.81,       1.15
    0,    27,     2,      29.09,      31.04,       0.00,    14906.5,       2.00,       1.25
    0,    27,     3,      68.39,      72.90,       0.00,    16861.2,       1.94,       1.27
    0,    27,     4,      43.74,      73.15,       0.00,     7541.4,       1.92,       1.20
    0,    27,     5,      86.05,      74.05,       0.00,     8006.3,       1.84,       1.22
    0,    27,     6,     136.80,      74.90,       0.00,    13394.5,       1.91,       1.23
    0,    27,     7,     103.56,      78.45,       0.00,    10050.0,       1.82,       1.23
    0,    27,     8,      69.97,     111.40,       0.00,    11641.6,       1.93,       1.25
    0,    27,     9,     112.64,     131.34,       0.00,    14164.4,       1.95,       1.23
    0,    27,    10,      94.93,     138.20,       0.00,     8985.5,       1.91,       1.23
    0,    27,    11,     101.77,     164.31,       0.00,     7149.2,       1.89,       1.21
    0,    28,     1,       8.87,      14.78,       0.00,     2397.5,       1.77,       1.22
    0,    28,     2,      29.14,      31.07,       0.00,    15096.3,       1.99,       1.27
    0,    28,     3,      68.37,      72.86,       0.00,    16919.9,       1.91,       1.28
    0,    28,     4,      43.72,      73.15,       0.00,     7487.1,       1.93,       1.20
    0,    28,     5,      86.06,      74.04,       0.00,     8170.4,       1.91,       1.22
    0,    28,     6,     136.78,      74.89,       0.00,    13196.0,       1.90,       1.26
    0,    28,     7,     103.53,      78.42,       0.00,    10078.8,       1.81,       1.24
    0,    28,     8,      69.95,     111.41,       0.00,    11485.0,       1.91,       1.22
    0,    28,     9,     112.61,     131.33,       0.00,    14653.8,       1.97,       1.25
    0,    28,    10,      94.95,     138.17,       0.00,     8995.6,       1.88,       1.23
    0,    28,    11,     101.71,     164.27,       0.00,     7230.4,       1.88,       1.18
    0,    29,     1,       8.87,      14.72,       0.00,     2480.0,       1.82,       1.30
    0,    29,     2,      29.12,      31.07,       0.00,    15219.8,       2.06,       1.26
    0,    29,     3,      68.42,      72.88,       0.00,    17115.7,       1.94,       1.29
    0,    29,     4,      43.69,      73.11,       0.00,     7353.1,       1.89,       1.23
    0,    29,     5,      86.09,      74.08,       0.00,     7869.6,       1.86,       1.22
    0,    29,     6,     136.76,      74.90,       0.00,    13311.0,       1.90,       1.24
    0,    29,     7,     103.54,      78.43,       0.00,    10156.0,       1.83,       1.23
    0,    29,     8,      70.00,     111.41,       0.00,    11429.6,       1.91,       1.22
    0,    29,     9,     112.61,     131.37,       0.00,    14508.2,       1.97,       1.23
    0,    29,    10,      94.94,     138.18,       0.00,     9049.3,       1.90,       1.26
    0,    29,    11,     101.76,     164.33,       0.00,     7052.4,       1.88,       1.20
    0,    30,     1,       8.85,      14.73,       0.00,     2382.1,       1.85,       1.17
    0,    30,     2,      29.11,      31.08,       0.00,    14643.1,       1.97,       1.26
    0,    30,     3,      68.42,      72.87,       0.00,    17102.7,       1.98,       1.26
    0,    30,     4,      43.70,      73.14,       0.00,     7344.7,       1.90,       1.22
    0,    30,     5,      86.15,      74.03,       0.00,     7854.1,       1.79,       1.19
    0,    30,     6,     136.78,      74.89,       0.00,    13250.2,       1.88,       1.28
    0,    30,     7,     103.55,      78.46,       0.00,     9922.5,       1.78,       1.23
    0,    30,     8,      69.95,     111.39,       0.00,    11735.4,       1.90,       1.21
    0,    30,     9,     112.63,     131.36,       0.00,    14340.6,       1.93,       1.22
    0,    30,    10,      94.93,     138.15,       0.00,     9133.1,       1.90,       1.24
    0,    30,    11,     101.72,     164.31,       0.00,     7127.4,       1.88,       1.20
    0,    31,     1,       8.62,      14.77,       0.00,     2458.3,       1.90,       1.20
    0,    31,     2,      29.08,      31.09,       0.00,    15056.0,       2.03,       1.26
    0,    31,     3,      68.38,      72.90,       0.00,    17052.7,       1.93,       1.29
    0,    31,     4,      43.71,      73.13,       0.00,     7273.4,       1.91,       1.20
    0,    31,     5,      86.05,      74.07,       0.00,     7799.2,       1.74,       1.22
    0,    31,     6,     136.76,      74.89,       0.00,    13224.6,       1.90,       1.24
    0,    31,     7,     103.50,      78.44,       0.00,     9913.4,       1.77,       1.24
    0,    31,     8,      69.92,     111.42,       0.00,    11734.1,       1.93,       1.24
    0,    31,     9,     112.61,     131.36,       0.00,    14178.4,       1.90,       1.23
    0,    31,    10,      94.96,     138.20,       0.00,     9082.5,       1.85,       1.24
    0,    31,    11,     101.79,     164.31,       0.00,     7188.8,       1.92,       1.23
    0,    32,     1,       8.78,      14.77,       0.00,     2433.2,       1.85,       1.22
    0,    32,     2,      29.12,      31.07,       0.00,    14891.5,       2.01,       1.25
    0,    32,     3,      68.44,      72.88,       0.00,    17297.1,       1.91,       1.31
    0,    32,     4,      43.68,      73.18,       0.00,     7256.2,       1.88,       1.19
    0,    32,     5,      86.07,      74.06,       0.00,     8000.0,       1.81,       1.23
    0,    32,     6,     136.77,      74.90,       0.00,    13485.8,       1.92,       1.25
    0,    32,     7,     103.50,      78.42,       0.00,     9973.3,       1.79,       1.22
    0,    32,     8,      69.93,     111.40,       0.00,    11425.0,       1.94,       1.25
    0,    32,     9,     112.59,     131.37,       0.00,    13976.5,       1.94,       1.21
    0,    32,    10,      94.91,     138.20,       0.00,     8810.0,       1.84,       1.22
    0,    32,    11,     101.82,     164.31,       0.00,     7177.3,       1.91,       1.21
    0,    33,     1,       8.72,      14.69,       0.00,     2321.7,       1.81,       1.12
    0,    33,     2,      29.12,      31.09,       0.00,    15281.8,       2.02,       1.26
    0,    33,     3,      68.40,      72.86,       0.00,    16955.6,       1.93,       1.28
    0,    33,     4,      43.73,      73.13,       0.00,     7511.0,       1.95,       1.20
    0,    33,     5,      86.07,      74.06,       0.00,     7845.7,       1.79,       1.23
    0,    33,     6,     136.76,      74.89,       0.00,    13276.7,       1.88,       1.27
    0,    33,     7,     103.58,      78.43,       0.00,    10053.7,       1.78,       1.27
    0,    33,     8,      69.95,     111.39,       0.00,    11400.7,       1.86,       1.24
    0,    33,     9,     112.62,     131.34,       0.00,    14078.7,       1.94,       1.22
    0,    33,    10,      94.91,     138.19,       0.00,     8661.9,       1.86,       1.21
    0,    33,    11,     101.72,     164.32,       0.00,     7324.5,       1.88,       1.20
    0,    34,     1,       8.75,      14.73,       0.00,     2340.7,       1.82,       1.17
    0,    34,     2,      29.09,      31.06,       0.00,    15234.6,       2.03,       1.25
    0,    34,     3,      43.75,      73.12,       0.00,     7340.9,       1.91,       1.21
    0,    34,     4,      68.39,      72.90,       0.00,    17066.2,       1.93,       1.29
    0,    34,     5,      86.10,      74.06,       0.00,     7974.5,       1.77,       1.22
    0,    34,     6,     136.77,      74.90,       0.00,    13102.1,       1.88,       1.26
    0,    34,     7,     103.57,      78.44,       0.00,    10452.0,       1.80,       1.25
    0,    34,     8,      69.95,     111.36,       0.00,    11612.5,       1.91,       1.24
    0,    34,     9,     112.59,     131.38,       0.00,    14172.4,       1.93,       1.24
    0,    34,    10,      94.95,     138.17,       0.00,     8494.5,       1.91,       1.20
    0,    34,    11,     101.68,     164.30,       0.00,     6919.3,       1.89,       1.21
    0,    35,     1,       8.73,      14.72,       0.00,     2421.8,       1.77,       1.23
    0,    35,     2,      29.08,      31.06,       0.00,    15518.3,       1.97,       1.28
    0,    35,     3,      68.38,      72.90,       0.00,    16990.1,       1.94,       1.27
    0,    35,     4,      43.72,      73.14,       0.00,     7553.0,       1.92,       1.24
    0,    35,     5,      86.09,      74.05,       0.00,     7897.0,       1.82,       1.20
    0,    35,     6,     136.76,      74.90,       0.00,    13544.3,       1.89,       1.26
    0,    35,     7,     103.53,      78.45,       0.00,    10421.0,       1.86,       1.25
    0,    35,     8,      69.97,     111.40,       0.00,    11913.6,       1.93,       1.27
    0,    35,     9,     112.62,     131.32,       0.00,    14225.9,       1.92,       1.26
    0,    35,    10,      95.02,     138.16,       0.00,     8728.8,       1.90,       1.21
    0,    35,    11,     101.75,     164.34,       0.00,     7081.1,       1.84,       1.22
    0,    36,     1,       8.71,      14.74,       0.00,     2501.1,       1.81,       1.22
    0,    36,     2,      29.09,      31.07,       0.00,    15337.5,       2.03,       1.25
    0,    36,     3,      68.40,      72.87,       0.00,    17187.7,       1.92,       1.29
    0,    36,     4,      43.68,      73.14,       0.00,     7379.7,       1.97,       1.20
    0,    36,     5,      86.08,      74.06,       0.00,     8213.3,       1.84,       1.25
    0,    36,     6,     136.77,      74.89,       0.00,    13286.9,       1.89,       1.23
    0,    36,     7,     103.56,      78.42,       0.00,    10148.3,       1.83,       1.23
    0,    36,     8,      69.94,     111.42,       0.00,    11590.5,       1.93,       1.22
    0,    36,     9,     112.62,     131.34,       0.00,    14411.3,       1.97,       1.22
    0,    36,    10,      94.95,     138.16,       0.00,     8706.7,       1.92,       1.26
    0,    36,    11,     101.74,     164.33,       0.00,     7377.9,       1.92,       1.22
    0,    37,     1,       8.70,      14.82,       0.00,     2317.2,       1.75,       1.17
    0,    37,     2,      29.11,      31.06,       0.00,    15058.4,       2.01,       1.26
    0,    37,     3,      68.37,      72.88,       0.00,    16804.5,       1.93,       1.27
    0,    37,     4,      43.74,      73.16,       0.00,     7455.4,       1.96,       1.20
    0,    37,     5,      86.09,      74.06,       0.00,     7829.6,       1.78,       1.24
    0,    37,     6,     136.75,      74.88,       0.00,    13142.3,       1.88,       1.23
    0,    37,     7,     103.56,      78.45,       0.00,    10276.1,       1.85,       1.28
    0,    37,     8,      70.01,     111.39,       0.00,    11333.2,       1.93,       1.25
    0,    37,     9,     112.57,     131.35,       0.00,    14379.9,       1.93,       1.22
    0,    37,    10,      94.96,     138.21,       0.00,     8616.9,       1.90,       1.26
    0,    37,    11,     101.73,     164.33,       0.00,     6868.8,       1.82,       1.18
    0,    38,     1,       8.68,      14.69,       0.00,     2406.0,       1.78,       1.23
    0,    38,     2,      29.11,      31.09,       0.00,    14819.4,       1.98,       1.26
    0,    38,     3,      43.68,      73.12,       0.00,     7146.8,       1.89,       1.21
    0,    38,     4,      68.39,      72.89,       0.00,    17054.2,       1.93,       1.30
    0,    38,     5,      86.08,      74.07,       0.00,     7962.0,       1.85,       1.22
    0,    38,     6,     136.79,      74.90,       0.00,    13376.8,       1.90,       1.24
    0,    38,     7,     103.55,      78.43,       0.00,    10071.0,       1.83,       1.27
    0,    38,     8,      69.98,     111.41,       0.00,    11667.0,       1.92,       1.27
    0,    38,     9,     112.62,     131.33,       0.00,    14476.2,       1.95,       1.23
    0,    38,    10,      94.95,     138.18,       0.00,     8593.8,       1.87,       1.22
    0,    38,    11,     101.75,     164.34,       0.00,     7171.2,       1.89,       1.19
    0,    39,     1,       8.70,      14.73,       0.00,     2443.0,       1.74,       1.22
    0,    39,     2,      29.07,      31.04,       0.00,    14719.4,       1.97,       1.25
    0,    39,     3,      43.65,      73.14,       0.00,     7312.7,       1.93,       1.20
    0,    39,     4,      68.38,      72.88,       0.00,    17226.5,       1.95,       1.30
    0,    39,     5,      86.13,      74.06,       0.00,     8178.4,       1.82,       1.28
    0,    39,     6,     136.80,      74.88,       0.00,    13187.5,       1.90,       1.25
    0,    39,     7,     103.51,      78.47,       0.00,    10202.3,       1.82,       1.27
    0,    39,     8,      69.99,     111.38,       0.00,    11509.5,       1.96,       1.25
    0,    39,     9,     112.59,     131.34,       0.00,    14399.1,       1.95,       1.21
    0,    39,    10,      94.95,     138.18,       0.00,     8686.7,       1.87,       1.24
    0,    39,    11,     101.81,     164.32,       0.00,     7174.0,       1.88,       1.24
    0,    40,     1,       8.88,      14.70,       0.00,     2412.7,       1.72,       1.25
    0,    40,     2,      29.09,      31.09,       0.00,    15146.0,       2.00,       1.29
    0,    40,     3,      68.36,      72.87,       0.00,    17438.2,       1.92,       1.29
    0,    40,     4,      43.71,      73.15,       0.00,     7591.2,       1.89,       1.24
    0,    40,     5,      86.05,      74.03,       0.00,     7797.9,       1.82,       1.21
    0,    40,     6,     136.81,      74.90,       0.00,    13368.0,       1.90,       1.24
    0,    40,     7,     103.57,      78.44,       0.00,    10254.3,       1.82,       1.25
    0,    40,     8,      69.99,     111.35,       0.00,    11537.3,       1.97,       1.27
    0,    40,     9,     112.66,     131.33,       0.00,    14245.2,       1.90,       1.23
    0,    40,    10,      94.93,     138.16,       0.00,     8878.6,       1.87,       1.22
    0,    40,    11,     101.72,     164.33,       0.00,     7152.9,       1.86,       1.21
    0,    41,     1,       8.78,      14.77,       0.00,     2443.0,       1.80,       1.24
    0,    41,     2,      29.10,      31.09,       0.00,    15383.3,       2.05,       1.28
    0,    41,     3,      68.37,      72.88,       0.00,    16854.2,       1.92,       1.29
    0,    41,     4,      43.74,      73.13,       0.00,     7411.9,       1.94,       1.19
    0,    41,     5,      86.08,      74.06,       0.00,     7698.3,       1.75,       1.23
    0,    41,     6,     136.78,      74.90,       0.00,    13291.0,       1.87,       1.24
    0,    41,     7,     103.51,      78.44,       0.00,    10138.7,       1.84,       1.23
    0,    41,     8,      69.99,     111.37,       0.00,    11462.2,       1.96,       1.24
    0,    41,     9,     112.63,     131.34,       0.00,    13990.8,       1.92,       1.25
    0,    41,    10,      94.95,     138.16,       0.00,     8792.3,       1.89,       1.21
    0,    41,    11,     101.75,     164.33,       0.00,     7081.4,       1.84,       1.23
