#stackID(UINT32), frameID(UINT32), eventID(UINT32), x0(float), y0(float), z0(float), photon_count0(float), sigmaX0(float), sigmaY0(float) 
    0,     0,     1,       7.30,      15.54,       0.00,     2268.4,       2.65,       1.06
    0,     0,     2,      27.71,      31.78,       0.00,    12785.6,       2.80,       1.17
    0,     0,     3,      42.37,      73.94,       0.00,     6711.3,       2.68,       1.10
    0,     0,     4,      67.18,      73.65,       0.00,    14228.5,       2.85,       1.17
    0,     0,     5,      84.82,      74.83,       0.00,     7275.3,       2.64,       1.09
    0,     0,     6,     135.56,      75.69,       0.00,    12054.6,       2.83,       1.15
    0,     0,     7,     102.35,      79.23,       0.00,     9843.1,       2.72,       1.10
    0,     0,     8,      68.71,     112.14,       0.00,     9805.1,       2.70,       1.14
    0,     0,     9,     111.34,     132.13,       0.00,    12947.2,       2.82,       1.19
    0,     0,    10,      93.70,     138.97,       0.00,     8098.3,       2.74,       1.13
    0,     0,    11,     100.44,     165.14,       0.00,     6791.6,       2.70,       1.10
    0,     1,     1,       7.27,      15.54,       0.00,     2355.6,       2.83,       1.13
    0,     1,     2,      27.75,      31.78,       0.00,    12692.2,       2.82,       1.18
    0,     1,     3,      42.31,      73.92,       0.00,     6879.8,       2.62,       1.11
    0,     1,     4,      67.15,      73.65,       0.00,    13686.6,       2.83,       1.14
    0,     1,     5,      84.77,      74.81,       0.00,     7050.6,       2.60,       1.10
    0,     1,     6,     135.61,      75.65,       0.00,    11953.6,       2.80,       1.14
    0,     1,     7,     102.31,      79.23,       0.00,     9137.4,       2.63,       1.06
    0,     1,     8,      68.68,     112.15,       0.00,     9898.7,       2.72,       1.14
    0,     1,     9,     111.32,     132.15,       0.00,    12144.2,       2.80,       1.15
    0,     1,    10,      93.64,     139.00,       0.00,     8177.6,       2.69,       1.12
    0,     1,    11,     100.48,     165.08,       0.00,     7024.0,       2.80,       1.13
    0,     2,     1,      27.75,      31.78,       0.00,    12518.2,       2.79,       1.18
    0,     2,     2,      42.35,      73.93,       0.00,     6506.8,       2.65,       1.07
    0,     2,     3,      67.11,      73.66,       0.00,    13730.1,       2.82,       1.16
    0,     2,     4,      84.76,      74.79,       0.00,     7104.9,       2.67,       1.12
    0,     2,     5,     135.62,      75.67,       0.00,    11648.4,       2.83,       1.13
    0,     2,     6,     102.31,      79.23,       0.00,     9424.2,       2.67,       1.09
    0,     2,     7,      68.68,     112.17,       0.00,     9521.1,       2.67,       1.14
    0,     2,     8,     111.30,     132.16,       0.00,    11807.4,       2.73,       1.16
    0,     2,     9,      93.77,     139.02,       0.00,     8099.2,       2.71,       1.13
    0,     2,    10,     100.44,     165.12,       0.00,     6879.6,       2.65,       1.13
    0,     3,     1,       7.49,      15.56,       0.00,     2406.2,       2.87,       1.06
    0,     3,     2,      27.77,      31.80,       0.00,    12087.0,       2.73,       1.18
    0,     3,     3,      42.32,      73.92,       0.00,     6551.5,       2.70,       1.09
    0,     3,     4,      67.18,      73.67,       0.00,    13902.3,       2.85,       1.15
    0,     3,     5,      84.71,      74.79,       0.00,     7094.5,       2.62,       1.06
    0,     3,     6,     135.64,      75.66,       0.00,    11253.3,       2.74,       1.13
    0,     3,     7,     102.22,      79.21,       0.00,     9461.5,       2.72,       1.10
    0,     3,     8,      68.67,     112.17,       0.00,     9308.8,       2.67,       1.13
    0,     3,     9,     111.27,     132.15,       0.00,    11985.7,       2.81,       1.14
    0,     3,    10,      93.76,     139.01,       0.00,     8265.7,       2.70,       1.11
    0,     3,    11,     100.49,     165.16,       0.00,     6566.7,       2.68,       1.10
    0,     4,     1,       7.35,      15.57,       0.00,     2469.2,       2.76,       1.16
    0,     4,     2,      27.77,      31.79,       0.00,    12126.2,       2.74,       1.18
    0,     4,     3,      42.32,      73.93,       0.00,     6435.9,       2.60,       1.10
    0,     4,     4,      67.21,      73.68,       0.00,    13912.2,       2.85,       1.17
    0,     4,     5,      84.78,      74.83,       0.00,     7153.5,       2.66,       1.10
    0,     4,     6,     135.64,      75.65,       0.00,    11619.1,       2.79,       1.13
    0,     4,     7,     102.29,      79.23,       0.00,     9082.6,       2.66,       1.09
    0,     4,     8,      68.71,     112.16,       0.00,     9507.2,       2.72,       1.14
    0,     4,     9,     111.33,     132.16,       0.00,    12209.3,       2.85,       1.16
    0,     4,    10,      93.74,     139.01,       0.00,     7996.3,       2.70,       1.11
    0,     4,    11,     100.44,     165.13,       0.00,     6832.7,       2.68,       1.14
    0,     5,     1,       7.33,      15.57,       0.00,     2235.5,       2.62,       1.06
    0,     5,     2,      27.77,      31.80,       0.00,    12353.7,       2.76,       1.16
    0,     5,     3,      42.39,      73.94,       0.00,     6364.5,       2.55,       1.10
    0,     5,     4,      67.19,      73.67,       0.00,    13600.7,       2.79,       1.15
    0,     5,     5,      84.83,      74.82,       0.00,     6713.9,       2.59,       1.08
    0,     5,     6,     135.60,      75.65,       0.00,    11322.8,       2.82,       1.12
    0,     5,     7,     102.32,      79.24,       0.00,     9483.5,       2.69,       1.10
    0,     5,     8,      68.78,     112.13,       0.00,     9508.9,       2.77,       1.12
    0,     5,     9,     111.30,     132.15,       0.00,    11997.4,       2.80,       1.15
    0,     5,    10,      93.67,     139.01,       0.00,     7951.9,       2.70,       1.10
    0,     5,    11,     100.41,     165.12,       0.00,     6585.3,       2.58,       1.11
    0,     6,     1,       7.43,      15.56,       0.00,     2448.4,       2.97,       1.13
    0,     6,     2,      27.76,      31.79,       0.00,    12219.2,       2.78,       1.17
    0,     6,     3,      42.37,      73.97,       0.00,     6251.6,       2.57,       1.06
    0,     6,     4,      67.18,      73.66,       0.00,    13335.4,       2.82,       1.14
    0,     6,     5,      84.79,      74.85,       0.00,     7117.0,       2.72,       1.09
    0,     6,     6,     135.58,      75.68,       0.00,    11394.1,       2.79,       1.13
    0,     6,     7,     102.29,      79.22,       0.00,     9059.7,       2.68,       1.08
    0,     6,     8,      68.69,     112.17,       0.00,     9288.6,       2.75,       1.12
    0,     6,     9,     111.37,     132.15,       0.00,    11951.0,       2.77,       1.15
    0,     6,    10,      93.70,     138.98,       0.00,     7906.4,       2.67,       1.11
    0,     6,    11,     100.48,     165.12,       0.00,     6468.3,       2.62,       1.10
    0,     7,     1,       7.46,      15.71,       0.00,     1410.6,       2.43,       0.80
    0,     7,     2,      27.72,      31.82,       0.00,    12054.3,       2.74,       1.18
    0,     7,     3,      42.35,      73.94,       0.00,     6659.3,       2.74,       1.11
    0,     7,     4,      67.19,      73.64,       0.00,    13706.9,       2.84,       1.13
    0,     7,     5,      84.79,      74.84,       0.00,     6934.2,       2.64,       1.08
    0,     7,     6,     135.58,      75.68,       0.00,    11349.5,       2.80,       1.12
    0,     7,     7,     102.29,      79.21,       0.00,     9478.8,       2.64,       1.09
    0,     7,     8,      68.73,     112.15,       0.00,     9426.9,       2.78,       1.13
    0,     7,     9,     111.42,     132.13,       0.00,    12270.5,       2.82,       1.17
    0,     7,    10,      93.77,     138.97,       0.00,     8000.4,       2.71,       1.10
    0,     7,    11,     100.51,     165.13,       0.00,     6434.1,       2.63,       1.10
    0,     8,     1,      27.81,      31.80,       0.00,    11887.5,       2.76,       1.17
    0,     8,     2,      42.40,      73.95,       0.00,     6350.6,       2.72,       1.08
    0,     8,     3,      67.17,      73.65,       0.00,    13335.3,       2.80,       1.13
    0,     8,     4,      84.79,      74.82,       0.00,     7105.7,       2.67,       1.10
    0,     8,     5,     135.66,      75.65,       0.00,    11346.6,       2.76,       1.15
    0,     8,     6,     102.34,      79.20,       0.00,     9151.8,       2.69,       1.08
    0,     8,     7,      68.72,     112.16,       0.00,     9707.7,       2.81,       1.13
    0,     8,     8,     111.32,     132.15,       0.00,    12153.9,       2.80,       1.16
    0,     8,     9,      93.78,     138.96,       0.00,     8015.4,       2.74,       1.13
    0,     8,    10,     100.54,     165.13,       0.00,     6518.4,       2.68,       1.09
    0,     9,     1,       7.30,      15.54,       0.00,     2317.5,       2.77,       1.13
    0,     9,     2,      27.74,      31.80,       0.00,    12224.7,       2.73,       1.16
    0,     9,     3,      42.33,      73.91,       0.00,     6351.2,       2.63,       1.08
    0,     9,     4,      67.27,      73.66,       0.00,    13418.1,       2.86,       1.15
    0,     9,     5,      84.90,      74.82,       0.00,     6813.5,       2.62,       1.11
    0,     9,     6,     135.70,      75.68,       0.00,    11697.5,       2.85,       1.13
    0,     9,     7,     102.30,      79.22,       0.00,     9293.0,       2.69,       1.12
    0,     9,     8,      68.75,     112.14,       0.00,     9393.0,       2.73,       1.10
    0,     9,     9,     111.35,     132.12,       0.00,    11807.4,       2.79,       1.16
    0,     9,    10,      93.68,     138.99,       0.00,     8120.5,       2.69,       1.15
    0,     9,    11,     100.56,     165.08,       0.00,     6603.9,       2.62,       1.12
    0,    10,     1,       7.04,      15.51,       0.00,     2290.1,       2.82,       1.11
    0,    10,     2,      27.78,      31.81,       0.00,    12446.5,       2.76,       1.19
    0,    10,     3,      42.36,      73.90,       0.00,     6706.8,       2.69,       1.09
    0,    10,     4,      67.20,      73.67,       0.00,    13427.3,       2.82,       1.14
    0,    10,     5,      84.77,      74.82,       0.00,     6823.4,       2.63,       1.07
    0,    10,     6,     135.62,      75.64,       0.00,    11071.9,       2.69,       1.11
    0,    10,     7,     102.35,      79.19,       0.00,     8989.1,       2.68,       1.10
    0,    10,     8,      68.71,     112.15,       0.00,     9216.7,       2.72,       1.12
    0,    10,     9,     111.38,     132.13,       0.00,    12041.9,       2.77,       1.17
    0,    10,    10,      93.67,     138.98,       0.00,     7999.3,       2.75,       1.10
    0,    10,    11,     100.48,     165.11,       0.00,     6817.6,       2.69,       1.14
    0,    11,     1,       7.41,      15.52,       0.00,     2258.7,       2.55,       1.11
    0,    11,     2,      27.79,      31.80,       0.00,    12309.0,       2.75,       1.16
    0,    11,     3,      42.43,      73.96,       0.00,     6324.5,       2.67,       1.07
    0,    11,     4,      67.23,      73.64,       0.00,    13766.7,       2.81,       1.15
    0,    11,     5,      84.86,      74.79,       0.00,     6902.1,       2.62,       1.08
    0,    11,     6,     135.66,      75.66,       0.00,    11107.5,       2.79,       1.12
    0,    11,     7,     102.38,      79.20,       0.00,     9402.1,       2.71,       1.09
    0,    11,     8,      68.70,     112.18,       0.00,     9680.3,       2.73,       1.13
    0,    11,     9,     111.35,     132.14,       0.00,    11743.3,       2.78,       1.16
    0,    11,    10,      93.77,     138.98,       0.00,     7978.8,       2.61,       1.12
    0,    11,    11,     100.44,     165.10,       0.00,     6542.8,       2.67,       1.08
    0,    12,     1,       7.23,      15.54,       0.00,     2231.7,       2.63,       1.10
    0,    12,     2,      27.79,      31.78,       0.00,    12040.3,       2.70,       1.16
    0,    12,     3,      42.32,      73.98,       0.00,     6509.2,       2.65,       1.09
    0,    12,     4,      67.17,      73.67,       0.00,    13557.6,       2.77,       1.16
    0,    12,     5,      84.88,      74.81,       0.00,     6901.6,       2.67,       1.10
    0,    12,     6,     135.68,      75.66,       0.00,    11274.9,       2.81,       1.13
    0,    12,     7,     102.32,      79.24,       0.00,     9485.6,       2.68,       1.11
    0,    12,     8,      68.67,     112.13,       0.00,     9576.9,       2.70,       1.14
    0,    12,     9,     111.37,     132.10,       0.00,    12093.7,       2.82,       1.15
    0,    12,    10,      93.71,     138.97,       0.00,     7992.1,       2.62,       1.13
    0,    12,    11,     100.48,     165.12,       0.00,     6506.8,       2.70,       1.09
    0,    13,     1,       7.29,      15.58,       0.00,     2238.3,       2.66,       1.04
    0,    13,     2,      27.75,      31.79,       0.00,    12347.2,       2.71,       1.19
    0,    13,     3,      42.45,      73.93,       0.00,     6397.3,       2.68,       1.09
    0,    13,     4,      67.25,      73.67,       0.00,    13919.8,       2.81,       1.16
    0,    13,     5,      84.80,      74.80,       0.00,     6877.3,       2.52,       1.05
    0,    13,     6,     135.65,      75.66,       0.00,    11192.8,       2.73,       1.11
    0,    13,     7,     102.38,      79.21,       0.00,     9278.2,       2.69,       1.08
    0,    13,     8,      68.77,     112.16,       0.00,     9458.2,       2.70,       1.13
    0,    13,     9,     111.38,     132.10,       0.00,    11719.9,       2.76,       1.13
    0,    13,    10,      93.71,     138.98,       0.00,     7898.9,       2.65,       1.11
    0,    13,    11,     100.48,     165.12,       0.00,     6753.4,       2.68,       1.13
    0,    14,     1,      27.86,      31.79,       0.00,    12237.9,       2.73,       1.16
    0,    14,     2,      42.46,      73.91,       0.00,     6673.7,       2.69,       1.11
    0,    14,     3,      67.23,      73.69,       0.00,    13982.5,       2.86,       1.16
    0,    14,     4,      84.91,      74.81,       0.00,     7206.1,       2.69,       1.09
    0,    14,     5,     135.64,      75.66,       0.00,    11587.9,       2.80,       1.13
    0,    14,     6,     102.33,      79.21,       0.00,     8930.9,       2.56,       1.07
    0,    14,     7,      68.73,     112.14,       0.00,     9242.6,       2.71,       1.12
    0,    14,     8,     111.40,     132.12,       0.00,    11758.2,       2.76,       1.15
    0,    14,     9,      93.78,     138.95,       0.00,     7692.2,       2.57,       1.08
    0,    14,    10,     100.52,     165.10,       0.00,     6728.5,       2.69,       1.12
    0,    15,     1,       7.33,      15.48,       0.00,     2050.4,       2.54,       1.03
    0,    15,     2,      27.84,      31.77,       0.00,    12431.5,       2.78,       1.16
    0,    15,     3,      42.41,      73.93,       0.00,     6388.3,       2.65,       1.05
    0,    15,     4,      67.19,      73.65,       0.00,    13982.3,       2.79,       1.17
    0,    15,     5,      84.89,      74.80,       0.00,     6818.2,       2.61,       1.08
    0,    15,     6,     135.61,      75.65,       0.00,    11582.2,       2.79,       1.13
    0,    15,     7,     102.37,      79.20,       0.00,     9060.8,       2.60,       1.08
    0,    15,     8,      68.74,     112.18,       0.00,     9076.1,       2.70,       1.11
    0,    15,     9,     111.42,     132.10,       0.00,    11782.0,       2.77,       1.15
    0,    15,    10,      93.72,     138.99,       0.00,     7749.5,       2.62,       1.10
    0,    15,    11,     100.50,     165.09,       0.00,     6281.8,       2.59,       1.08
    0,    16,     1,       7.35,      15.53,       0.00,     2133.3,       2.63,       1.10
    0,    16,     2,      27.80,      31.79,       0.00,    12213.5,       2.73,       1.17
    0,    16,     3,      42.38,      73.95,       0.00,     6528.4,       2.63,       1.07
    0,    16,     4,      67.19,      73.69,       0.00,    13928.9,       2.81,       1.16
    0,    16,     5,      84.86,      74.81,       0.00,     7009.3,       2.67,       1.08
    0,    16,     6,     135.71,      75.66,       0.00,    11198.2,       2.78,       1.12
    0,    16,     7,     102.29,      79.23,       0.00,     9083.2,       2.64,       1.08
    0,    16,     8,      68.79,     112.16,       0.00,     9285.7,       2.68,       1.16
    0,    16,     9,     111.39,     132.12,       0.00,    11988.9,       2.80,       1.16
    0,    16,    10,      93.75,     138.98,       0.00,     7944.2,       2.66,       1.13
    0,    16,    11,     100.51,     165.15,       0.00,     6583.9,       2.67,       1.13
    0,    17,     1,       7.45,      15.68,       0.00,     1511.1,       2.41,       0.81
    0,    17,     2,      27.78,      31.77,       0.00,    12230.3,       2.77,       1.16
    0,    17,     3,      42.40,      73.94,       0.00,     6226.9,       2.58,       1.07
    0,    17,     4,      67.21,      73.66,       0.00,    13670.5,       2.82,       1.15
    0,    17,     5,      84.88,      74.79,       0.00,     6846.4,       2.58,       1.04
    0,    17,     6,     135.68,      75.64,       0.00,    11339.6,       2.76,       1.13
    0,    17,     7,     102.40,      79.19,       0.00,     9194.2,       2.67,       1.10
    0,    17,     8,      68.72,     112.15,       0.00,     9240.4,       2.74,       1.13
    0,    17,     9,     111.34,     132.11,       0.00,    11854.4,       2.79,       1.14
    0,    17,    10,      93.72,     138.99,       0.00,     7954.2,       2.62,       1.11
    0,    17,    11,     100.50,     165.10,       0.00,     6705.2,       2.66,       1.12
    0,    18,     1,       7.35,      15.45,       0.00,     2238.7,       2.69,       1.04
    0,    18,     2,      27.85,      31.74,       0.00,    12425.8,       2.77,       1.18
    0,    18,     3,      42.46,      73.92,       0.00,     6406.8,       2.63,       1.08
    0,    18,     4,      67.21,      73.65,       0.00,    13766.6,       2.81,       1.15
    0,    18,     5,      84.86,      74.78,       0.00,     6723.0,       2.65,       1.06
    0,    18,     6,     135.70,      75.65,       0.00,    11163.2,       2.69,       1.13
    0,    18,     7,     102.40,      79.19,       0.00,     9059.4,       2.63,       1.07
    0,    18,     8,      68.77,     112.17,       0.00,     9128.6,       2.69,       1.12
    0,    18,     9,     111.41,     132.11,       0.00,    11686.0,       2.82,       1.13
    0,    18,    10,      93.71,     138.99,       0.00,     8017.8,       2.66,       1.11
    0,    18,    11,     100.59,     165.11,       0.00,     6728.5,       2.64,       1.14
    0,    19,     1,       7.28,      15.48,       0.00,     2131.3,       2.48,       1.06
    0,    19,     2,      27.82,      31.77,       0.00,    12193.3,       2.77,       1.15
    0,    19,     3,      42.48,      73.92,       0.00,     6361.9,       2.60,       1.09
    0,    19,     4,      67.24,      73.66,       0.00,    13896.0,       2.83,       1.15
    0,    19,     5,      84.87,      74.76,       0.00,     6824.2,       2.55,       1.08
    0,    19,     6,     135.69,      75.63,       0.00,    11323.6,       2.81,       1.13
    0,    19,     7,     102.33,      79.20,       0.00,     8631.0,       2.58,       1.06
    0,    19,     8,      68.69,     112.16,       0.00,     9223.9,       2.72,       1.10
    0,    19,     9,     111.38,     132.14,       0.00,    12036.6,       2.81,       1.15
    0,    19,    10,      93.79,     138.96,       0.00,     8153.3,       2.68,       1.12
    0,    19,    11,     100.55,     165.12,       0.00,     6633.6,       2.65,       1.14
    0,    20,     1,       7.45,      15.48,       0.00,     2007.7,       2.45,       1.06
    0,    20,     2,      27.80,      31.78,       0.00,    12174.0,       2.78,       1.16
    0,    20,     3,      42.53,      73.92,       0.00,     6573.0,       2.67,       1.08
    0,    20,     4,      67.23,      73.64,       0.00,    13944.7,       2.90,       1.14
    0,    20,     5,      84.82,      74.84,       0.00,     7073.1,       2.63,       1.05
    0,    20,     6,     135.69,      75.63,       0.00,    11641.4,       2.76,       1.14
    0,    20,     7,     102.39,      79.17,       0.00,     9194.0,       2.60,       1.10
    0,    20,     8,      68.73,     112.15,       0.00,     9679.9,       2.79,       1.12
    0,    20,     9,     111.39,     132.11,       0.00,    11904.9,       2.82,       1.17
    0,    20,    10,      93.73,     138.94,       0.00,     7757.1,       2.64,       1.10
    0,    20,    11,     100.55,     165.13,       0.00,     6457.7,       2.60,       1.07
    0,    21,     1,       7.25,      15.61,       0.00,     2254.9,       2.77,       1.10
    0,    21,     2,      27.84,      31.79,       0.00,    12098.1,       2.78,       1.15
    0,    21,     3,      42.38,      73.93,       0.00,     6377.2,       2.63,       1.08
    0,    21,     4,      67.22,      73.67,       0.00,    13996.3,       2.82,       1.15
    0,    21,     5,      84.82,      74.78,       0.00,     7021.7,       2.69,       1.09
    0,    21,     6,     135.72,      75.63,       0.00,    11559.1,       2.77,       1.13
    0,    21,     7,     102.38,      79.19,       0.00,     9307.5,       2.65,       1.10
    0,    21,     8,      68.72,     112.12,       0.00,     9393.7,       2.69,       1.12
    0,    21,     9,     111.46,     132.12,       0.00,    12173.6,       2.85,       1.17
    0,    21,    10,      93.76,     138.99,       0.00,     7813.2,       2.67,       1.10
    0,    21,    11,     100.58,     165.11,       0.00,     6370.9,       2.65,       1.07
    0,    22,     1,       7.36,      15.40,       0.00,     2174.7,       2.53,       1.07
    0,    22,     2,      27.87,      31.77,       0.00,    12181.8,       2.78,       1.15
    0,    22,     3,      42.34,      73.93,       0.00,     6448.5,       2.62,       1.10
    0,    22,     4,      67.27,      73.65,       0.00,    13753.7,       2.80,       1.15
    0,    22,     5,      84.85,      74.81,       0.00,     7122.3,       2.68,       1.09
    0,    22,     6,     135.75,      75.61,       0.00,    11668.5,       2.82,       1.13
    0,    22,     7,     102.37,      79.19,       0.00,     9261.0,       2.61,       1.08
    0,    22,     8,      68.77,     112.12,       0.00,     9465.5,       2.73,       1.12
    0,    22,     9,     111.44,     132.11,       0.00,    11850.8,       2.81,       1.14
    0,    22,    10,      93.80,     138.96,       0.00,     8034.5,       2.62,       1.11
    0,    22,    11,     100.52,     165.13,       0.00,     6675.5,       2.68,       1.10
    0,    23,     1,       7.35,      15.55,       0.00,     2282.5,       2.58,       1.06
    0,    23,     2,      27.82,      31.77,       0.00,    12128.1,       2.74,       1.16
    0,    23,     3,      42.41,      73.92,       0.00,     6370.3,       2.60,       1.06
    0,    23,     4,      67.21,      73.64,       0.00,    13806.3,       2.85,       1.16
    0,    23,     5,      84.82,      74.81,       0.00,     6886.0,       2.62,       1.07
    0,    23,     6,     135.66,      75.62,       0.00,    11259.3,       2.71,       1.12
    0,    23,     7,     102.40,      79.21,       0.00,     9029.0,       2.66,       1.09
    0,    23,     8,      68.85,     112.15,       0.00,     9733.9,       2.75,       1.09
    0,    23,     9,     111.44,     132.12,       0.00,    11731.9,       2.84,       1.15
    0,    23,    10,      93.71,     138.96,       0.00,     7865.6,       2.67,       1.07
    0,    23,    11,     100.60,     165.08,       0.00,     6523.0,       2.69,       1.10
    0,    24,     1,       7.47,      15.52,       0.00,     2262.6,       2.79,       1.10
    0,    24,     2,      27.86,      31.76,       0.00,    12433.2,       2.78,       1.18
    0,    24,     3,      42.51,      73.90,       0.00,     6219.3,       2.59,       1.05
    0,    24,     4,      67.22,      73.64,       0.00,    13590.1,       2.78,       1.14
    0,    24,     5,      84.91,      74.79,       0.00,     6847.7,       2.65,       1.08
    0,    24,     6,     135.68,      75.64,       0.00,    11562.9,       2.80,       1.13
    0,    24,     7,     102.28,      79.21,       0.00,     9122.2,       2.64,       1.07
    0,    24,     8,      68.78,     112.15,       0.00,     9551.1,       2.75,       1.13
    0,    24,     9,     111.47,     132.10,       0.00,    11651.3,       2.74,       1.15
    0,    24,    10,      93.84,     138.96,       0.00,     7928.9,       2.67,       1.13
    0,    24,    11,     100.56,     165.10,       0.00,     6351.5,       2.64,       1.11
    0,    25,     1,       7.42,      15.49,       0.00,     2250.7,       2.60,       1.09
    0,    25,     2,      27.83,      31.80,       0.00,    12507.9,       2.78,       1.18
    0,    25,     3,      42.43,      73.93,       0.00,     6246.7,       2.66,       1.08
    0,    25,     4,      67.29,      73.65,       0.00,    13694.2,       2.79,       1.16
    0,    25,     5,      84.88,      74.76,       0.00,     6719.5,       2.55,       1.06
    0,    25,     6,     135.75,      75.66,       0.00,    11252.5,       2.71,       1.10
    0,    25,     7,     102.39,      79.22,       0.00,     9042.3,       2.67,       1.07
    0,    25,     8,      68.73,     112.14,       0.00,     9635.2,       2.72,       1.11
    0,    25,     9,     111.44,     132.10,       0.00,    11780.7,       2.77,       1.13
    0,    25,    10,      93.79,     138.96,       0.00,     7907.1,       2.59,       1.10
    0,    25,    11,     100.53,     165.12,       0.00,     6448.3,       2.66,       1.11
    0,    26,     1,       7.50,      15.47,       0.00,     2240.3,       2.64,       1.06
    0,    26,     2,      27.88,      31.78,       0.00,    12202.1,       2.74,       1.17
    0,    26,     3,      42.53,      73.91,       0.00,     6408.6,       2.71,       1.07
    0,    26,     4,      67.23,      73.66,       0.00,    13471.4,       2.79,       1.14
    0,    26,     5,      85.00,      74.77,       0.00,     7001.6,       2.68,       1.09
    0,    26,     6,     135.70,      75.61,       0.00,    11263.6,       2.81,       1.10
    0,    26,     7,     102.42,      79.22,       0.00,     9094.7,       2.63,       1.08
    0,    26,     8,      68.81,     112.14,       0.00,     9489.1,       2.80,       1.12
    0,    26,     9,     111.48,     132.12,       0.00,    11368.8,       2.65,       1.14
    0,    26,    10,      93.74,     138.98,       0.00,     7924.2,       2.64,       1.12
    0,    26,    11,     100.64,     165.12,       0.00,     6295.6,       2.52,       1.08
    0,    27,     1,       7.39,      15.52,       0.00,     2120.2,       2.82,       1.03
    0,    27,     2,      27.86,      31.76,       0.00,    12467.5,       2.77,       1.17
    0,    27,     3,      42.53,      73.91,       0.00,     6507.6,       2.66,       1.09
    0,    27,     4,      67.30,      73.65,       0.00,    13768.0,       2.82,       1.13
    0,    27,     5,      84.87,      74.78,       0.00,     6940.7,       2.65,       1.07
    0,    27,     6,     135.72,      75.64,       0.00,    11668.9,       2.78,       1.15
    0,    27,     7,     102.34,      79.20,       0.00,     9347.4,       2.62,       1.08
    0,    27,     8,      68.84,     112.15,       0.00,     9456.2,       2.69,       1.14
    0,    27,     9,     111.48,     132.14,       0.00,    11896.3,       2.79,       1.14
    0,    27,    10,      93.75,     138.97,       0.00,     7921.9,       2.57,       1.12
    0,    27,    11,     100.64,     165.09,       0.00,     6411.4,       2.64,       1.11
    0,    28,     1,       7.43,      15.46,       0.00,     2234.7,       2.53,       1.07
    0,    28,     2,      27.85,      31.79,       0.00,    12302.4,       2.76,       1.16
    0,    28,     3,      42.34,      73.91,       0.00,     6173.4,       2.61,       1.07
    0,    28,     4,      67.25,      73.65,       0.00,    13983.9,       2.84,       1.15
    0,    28,     5,      84.89,      74.76,       0.00,     6713.4,       2.68,       1.06
    0,    28,     6,     135.71,      75.63,       0.00,    11398.2,       2.77,       1.12
    0,    28,     7,     102.43,      79.20,       0.00,     8999.5,       2.63,       1.10
    0,    28,     8,      68.79,     112.18,       0.00,     9178.5,       2.62,       1.12
    0,    28,     9,     111.53,     132.09,       0.00,    11558.1,       2.77,       1.13
    0,    28,    10,      93.85,     138.96,       0.00,     7973.2,       2.66,       1.11
    0,    28,    11,     100.59,     165.08,       0.00,     6141.1,       2.60,       1.10
    0,    29,     1,       7.30,      15.52,       0.00,     2111.6,       2.54,       1.02
    0,    29,     2,      27.82,      31.79,       0.00,    12312.2,       2.78,       1.19
    0,    29,     3,      42.45,      73.89,       0.00,     6514.9,       2.68,       1.06
    0,    29,     4,      67.25,      73.63,       0.00,    13766.0,       2.83,       1.14
    0,    29,     5,      84.85,      74.81,       0.00,     6803.6,       2.72,       1.08
    0,    29,     6,     135.65,      75.62,       0.00,    11461.2,       2.77,       1.12
    0,    29,     7,     102.39,      79.20,       0.00,     9037.6,       2.65,       1.07
    0,    29,     8,      68.79,     112.12,       0.00,     9179.8,       2.67,       1.11
    0,    29,     9,     111.43,     132.10,       0.00,    11928.1,       2.78,       1.14
    0,    29,    10,      93.75,     138.96,       0.00,     7824.7,       2.63,       1.11
    0,    29,    11,     100.63,     165.08,       0.00,     6294.7,       2.63,       1.10
    0,    30,     1,       7.30,      15.44,       0.00,     2122.3,       2.54,       1.04
    0,    30,     2,      27.86,      31.78,       0.00,    12538.2,       2.80,       1.17
    0,    30,     3,      42.55,      73.89,       0.00,     6353.3,       2.63,       1.07
    0,    30,     4,      67.33,      73.64,       0.00,    13483.5,       2.77,       1.15
    0,    30,     5,      84.84,      74.79,       0.00,     6843.3,       2.59,       1.10
    0,    30,     6,     135.70,      75.62,       0.00,    11465.4,       2.75,       1.12
    0,    30,     7,     102.36,      79.18,       0.00,     9373.8,       2.60,       1.10
    0,    30,     8,      68.74,     112.15,       0.00,     9225.8,       2.65,       1.12
    0,    30,     9,     111.48,     132.10,       0.00,    12107.4,       2.82,       1.15
    0,    30,    10,      93.78,     138.91,       0.00,     7893.6,       2.61,       1.10
    0,    30,    11,     100.61,     165.09,       0.00,     6431.8,       2.63,       1.11
    0,    31,     1,       7.44,      15.50,       0.00,     2248.7,       2.58,       1.03
    0,    31,     2,      27.88,      31.75,       0.00,    12372.1,       2.77,       1.16
    0,    31,     3,      42.50,      73.89,       0.00,     6372.8,       2.64,       1.05
    0,    31,     4,      67.28,      73.65,       0.00,    13758.4,       2.81,       1.13
    0,    31,     5,      84.80,      74.80,       0.00,     6785.3,       2.53,       1.08
    0,    31,     6,     135.73,      75.65,       0.00,    11967.8,       2.79,       1.13
    0,    31,     7,     102.40,      79.20,       0.00,     9146.0,       2.58,       1.07
    0,    31,     8,      68.82,     112.12,       0.00,     9118.0,       2.64,       1.15
    0,    31,     9,     111.45,     132.09,       0.00,    11798.5,       2.71,       1.14
    0,    31,    10,      93.76,     138.94,       0.00,     7938.2,       2.56,       1.10
    0,    31,    11,     100.56,     165.11,       0.00,     6477.1,       2.69,       1.09
    0,    32,     1,       7.48,      15.48,       0.00,     2037.8,       2.60,       1.03
    0,    32,     2,      27.82,      31.77,       0.00,    12370.9,       2.75,       1.14
    0,    32,     3,      42.45,      73.92,       0.00,     6322.3,       2.63,       1.06
    0,    32,     4,      67.25,      73.63,       0.00,    13670.7,       2.78,       1.14
    0,    32,     5,      84.97,      74.80,       0.00,     7046.0,       2.62,       1.11
    0,    32,     6,     135.70,      75.63,       0.00,    11660.2,       2.76,       1.12
    0,    32,     7,     102.36,      79.20,       0.00,     8992.9,       2.54,       1.07
    0,    32,     8,      68.82,     112.16,       0.00,     9085.8,       2.74,       1.12
    0,    32,     9,     111.51,     132.11,       0.00,    12010.7,       2.83,       1.14
    0,    32,    10,      93.78,     138.95,       0.00,     7895.0,       2.60,       1.12
    0,    32,    11,     100.52,     165.11,       0.00,     6570.9,       2.56,       1.13
    0,    33,     1,       7.38,      15.48,       0.00,     2423.2,       2.85,       1.11
    0,    33,     2,      27.85,      31.74,       0.00,    12329.1,       2.71,       1.17
    0,    33,     3,      42.51,      73.89,       0.00,     6299.4,       2.60,       1.10
    0,    33,     4,      67.29,      73.62,       0.00,    13991.0,       2.79,       1.15
    0,    33,     5,      84.93,      74.74,       0.00,     6923.4,       2.54,       1.10
    0,    33,     6,     135.72,      75.60,       0.00,    11328.6,       2.72,       1.11
    0,    33,     7,     102.43,      79.16,       0.00,     9237.2,       2.57,       1.08
    0,    33,     8,      68.85,     112.12,       0.00,     9369.4,       2.73,       1.12
    0,    33,     9,     111.41,     132.08,       0.00,    12017.2,       2.76,       1.16
    0,    33,    10,      93.78,     138.98,       0.00,     7689.5,       2.67,       1.09
    0,    33,    11,     100.48,     165.10,       0.00,     6401.5,       2.60,       1.09
    0,    34,     1,       7.41,      15.50,       0.00,     2178.7,       2.58,       1.04
    0,    34,     2,      27.87,      31.76,       0.00,    12385.9,       2.79,       1.17
    0,    34,     3,      42.52,      73.89,       0.00,     6508.6,       2.67,       1.08
    0,    34,     4,      67.28,      73.63,       0.00,    13825.9,       2.80,       1.15
    0,    34,     5,      84.82,      74.78,       0.00,     7085.6,       2.60,       1.09
    0,    34,     6,     135.64,      75.63,       0.00,    11361.1,       2.68,       1.12
    0,    34,     7,     102.41,      79.19,       0.00,     9185.1,       2.58,       1.10
    0,    34,     8,      68.84,     112.15,       0.00,     9272.6,       2.70,       1.14
    0,    34,     9,     111.41,     132.10,       0.00,    11588.2,       2.77,       1.12
    0,    34,    10,      93.72,     138.95,       0.00,     7623.1,       2.60,       1.08
    0,    34,    11,     100.63,     165.08,       0.00,     6560.1,       2.64,       1.11
    0,    35,     1,       7.32,      15.42,       0.00,     2270.3,       2.66,       1.05
    0,    35,     2,      27.91,      31.78,       0.00,    12074.7,       2.70,       1.15
    0,    35,     3,      42.49,      73.90,       0.00,     6477.6,       2.64,       1.06
    0,    35,     4,      67.30,      73.61,       0.00,    13810.0,       2.81,       1.16
    0,    35,     5,      84.86,      74.79,       0.00,     6896.3,       2.60,       1.07
    0,    35,     6,     135.77,      75.60,       0.00,    11456.7,       2.74,       1.13
    0,    35,     7,     102.49,      79.18,       0.00,     9394.9,       2.65,       1.06
    0,    35,     8,      68.86,     112.13,       0.00,     9599.3,       2.68,       1.11
    0,    35,     9,     111.43,     132.10,       0.00,    11838.0,       2.78,       1.15
    0,    35,    10,      93.80,     138.94,       0.00,     7846.6,       2.67,       1.11
    0,    35,    11,     100.63,     165.08,       0.00,     6709.7,       2.60,       1.10
    0,    36,     1,       7.38,      15.50,       0.00,     2316.1,       2.84,       1.14
    0,    36,     2,      27.89,      31.75,       0.00,    12093.7,       2.69,       1.15
    0,    36,     3,      42.50,      73.89,       0.00,     6450.2,       2.56,       1.08
    0,    36,     4,      67.28,      73.61,       0.00,    14054.8,       2.80,       1.17
    0,    36,     5,      84.91,      74.80,       0.00,     6980.5,       2.56,       1.05
    0,    36,     6,     135.66,      75.62,       0.00,    11469.0,       2.75,       1.12
    0,    36,     7,     102.42,      79.20,       0.00,     9065.6,       2.60,       1.07
    0,    36,     8,      68.81,     112.13,       0.00,     9553.0,       2.74,       1.11
    0,    36,     9,     111.48,     132.06,       0.00,    11975.0,       2.75,       1.16
    0,    36,    10,      93.80,     138.94,       0.00,     7799.1,       2.68,       1.11
    0,    36,    11,     100.54,     165.06,       0.00,     6501.3,       2.61,       1.06
    0,    37,     1,      27.86,      31.74,       0.00,    12257.2,       2.69,       1.17
    0,    37,     2,      42.66,      73.90,       0.00,     6356.6,       2.61,       1.04
    0,    37,     3,      67.28,      73.64,       0.00,    13760.5,       2.79,       1.15
    0,    37,     4,      84.92,      74.77,       0.00,     7095.5,       2.57,       1.08
    0,    37,     5,     135.77,      75.63,       0.00,    11499.3,       2.69,       1.12
    0,    37,     6,     102.44,      79.17,       0.00,     9389.1,       2.61,       1.09
    0,    37,     7,      68.82,     112.10,       0.00,     9505.9,       2.72,       1.10
    0,    37,     8,     111.42,     132.09,       0.00,    11643.0,       2.74,       1.14
    0,    37,     9,      93.78,     138.93,       0.00,     7944.0,       2.68,       1.11
    0,    37,    10,     100.62,     165.09,       0.00,     6566.6,       2.72,       1.11
    0,    38,     1,       7.40,      15.45,       0.00,     2219.5,       2.53,       1.06
    0,    38,     2,      27.94,      31.78,       0.00,    12328.3,       2.77,       1.17
    0,    38,     3,      42.57,      73.87,       0.00,     6512.1,       2.67,       1.08
    0,    38,     4,      67.32,      73.60,       0.00,    13808.8,       2.80,       1.15
    0,    38,     5,      85.02,      74.74,       0.00,     7087.3,       2.67,       1.06
    0,    38,     6,     135.73,      75.60,       0.00,    11423.7,       2.71,       1.11
    0,    38,     7,     102.47,      79.17,       0.00,     9244.1,       2.60,       1.10
    0,    38,     8,      68.85,     112.12,       0.00,     9512.8,       2.74,       1.12
    0,    38,     9,     111.50,     132.08,       0.00,    12076.7,       2.76,       1.15
    0,    38,    10,      93.84,     138.93,       0.00,     7843.0,       2.65,       1.12
    0,    38,    11,     100.53,     165.05,       0.00,     6577.3,       2.60,       1.09
    0,    39,     1,       7.52,      15.44,       0.00,     2312.9,       2.67,       1.09
    0,    39,     2,      27.95,      31.74,       0.00,    12265.0,       2.73,       1.14
    0,    39,     3,      42.52,      73.89,       0.00,     6567.6,       2.72,       1.08
    0,    39,     4,      67.33,      73.63,       0.00,    14196.6,       2.86,       1.15
    0,    39,     5,      84.94,      74.77,       0.00,     7060.1,       2.65,       1.09
    0,    39,     6,     135.73,      75.62,       0.00,    11620.8,       2.69,       1.11
    0,    39,     7,     102.43,      79.19,       0.00,     9586.5,       2.61,       1.12
    0,    39,     8,      68.87,     112.12,       0.00,     9169.5,       2.62,       1.11
    0,    39,     9,     111.49,     132.10,       0.00,    12062.2,       2.81,       1.15
    0,    39,    10,      93.87,     138.91,       0.00,     8021.8,       2.67,       1.08
    0,    39,    11,     100.50,     165.07,       0.00,     6483.3,       2.60,       1.11
    0,    40,     1,       7.62,      15.56,       0.00,     1950.9,       2.81,       0.87
    0,    40,     2,      27.86,      31.74,       0.00,    12352.5,       2.71,       1.17
    0,    40,     3,      42.59,      73.87,       0.00,     6551.8,       2.64,       1.06
    0,    40,     4,      67.34,      73.63,       0.00,    13985.9,       2.80,       1.15
    0,    40,     5,      84.96,      74.78,       0.00,     6922.6,       2.60,       1.06
    0,    40,     6,     135.74,      75.60,       0.00,    11634.3,       2.72,       1.11
    0,    40,     7,     102.43,      79.18,       0.00,     9281.7,       2.58,       1.11
    0,    40,     8,      68.82,     112.13,       0.00,     9496.9,       2.71,       1.12
    0,    40,     9,     111.50,     132.09,       0.00,    11943.1,       2.80,       1.15
    0,    40,    10,      93.77,     138.93,       0.00,     7898.3,       2.57,       1.12
    0,    40,    11,     100.54,     165.08,       0.00,     6732.3,       2.58,       1.10
    0,    41,     1,       7.42,      15.48,       0.00,     2285.7,       2.53,       1.07
    0,    41,     2,      27.93,      31.74,       0.00,    12305.4,       2.79,       1.14
    0,    41,     3,      42.45,      73.88,       0.00,     6647.9,       2.60,       1.08
    0,    41,     4,      67.32,      73.60,       0.00,    13758.1,       2.79,       1.16
    0,    41,     5,      84.94,      74.76,       0.00,     7002.6,       2.56,       1.08
    0,    41,     6,     135.78,      75.58,       0.00,    11727.7,       2.77,       1.12
    0,    41,     7,     102.40,      79.15,       0.00,     9328.8,       2.61,       1.09
    0,    41,     8,      68.78,     112.11,       0.00,     9548.7,       2.66,       1.11
    0,    41,     9,     111.51,     132.09,       0.00,    12014.6,       2.75,       1.14
    0,    41,    10,      93.85,     138.91,       0.00,     8016.0,       2.63,       1.12
    0,    41,    11,     100.55,     165.09,       0.00,     6550.7,       2.62,       1.08
