#stackID(UINT32), frameID(UINT32), eventID(UINT32), x0(float), y0(float), z0(float), photon_count0(float), sigmaX0(float), sigmaY0(float) 
    0,     0,     1,       9.00,      13.74,       0.00,     2779.1,       1.15,       3.92
    0,     0,     2,      29.30,      30.26,       0.00,    16216.8,       1.20,       3.87
    0,     0,     3,      68.50,      71.88,       0.00,    19384.0,       1.20,       4.06
    0,     0,     4,      43.78,      72.18,       0.00,     8212.7,       1.13,       3.81
    0,     0,     5,      86.16,      73.10,       0.00,     9302.0,       1.13,       4.07
    0,     0,     6,     136.81,      74.08,       0.00,    13530.7,       1.20,       3.90
    0,     0,     7,     103.63,      77.59,       0.00,    10955.1,       1.18,       3.98
    0,     0,     8,      70.03,     110.69,       0.00,    10921.2,       1.22,       3.93
    0,     0,     9,     112.78,     130.55,       0.00,    14663.2,       1.18,       3.86
    0,     0,    10,      95.05,     137.52,       0.00,     8519.4,       1.13,       3.89
    0,     0,    11,     101.88,     163.31,       0.00,     7702.3,       1.17,       3.79
    0,     1,     1,       9.11,      13.61,       0.00,     2841.2,       1.19,       4.19
    0,     1,     2,      29.28,      30.27,       0.00,    15921.2,       1.19,       3.80
    0,     1,     3,      68.46,      71.85,       0.00,    18534.0,       1.18,       4.01
    0,     1,     4,      43.79,      72.23,       0.00,     8317.0,       1.15,       3.94
    0,     1,     5,      86.18,      73.28,       0.00,     9498.9,       1.21,       4.08
    0,     1,     6,     136.84,      74.01,       0.00,    13582.9,       1.19,       4.01
    0,     1,     7,     103.65,      77.45,       0.00,    10772.5,       1.18,       3.99
    0,     1,     8,      70.05,     110.53,       0.00,    10589.4,       1.19,       3.95
    0,     1,     9,     112.77,     130.58,       0.00,    14285.7,       1.17,       3.84
    0,     1,    10,      95.04,     137.36,       0.00,     8521.7,       1.16,       3.86
    0,     1,    11,     101.89,     163.57,       0.00,     7780.0,       1.18,       3.79
    0,     2,     1,       9.03,      13.82,       0.00,     2576.3,       1.13,       4.04
    0,     2,     2,      29.29,      30.21,       0.00,    15844.6,       1.18,       3.78
    0,     2,     3,      68.47,      71.87,       0.00,    18077.7,       1.17,       4.04
    0,     2,     4,      43.79,      72.25,       0.00,     8266.5,       1.12,       3.92
    0,     2,     5,      86.20,      73.30,       0.00,     9189.2,       1.19,       4.16
    0,     2,     6,     136.82,      73.99,       0.00,    13342.0,       1.20,       4.03
    0,     2,     7,     103.62,      77.66,       0.00,    10690.0,       1.17,       3.96
    0,     2,     8,      70.06,     110.68,       0.00,    10408.6,       1.18,       3.93
    0,     2,     9,     112.78,     130.42,       0.00,    14088.3,       1.19,       3.81
    0,     2,    10,      95.05,     137.26,       0.00,     8456.2,       1.16,       3.82
    0,     2,    11,     101.91,     163.57,       0.00,     7670.8,       1.19,       3.85
    0,     3,     1,       9.08,      13.44,       0.00,     2707.4,       1.12,       3.90
    0,     3,     2,      29.28,      30.26,       0.00,    15765.7,       1.18,       3.82
    0,     3,     3,      68.49,      71.82,       0.00,    18391.0,       1.18,       4.06
    0,     3,     4,      43.78,      72.16,       0.00,     8466.2,       1.14,       3.93
    0,     3,     5,      86.19,      73.15,       0.00,     9331.7,       1.20,       4.05
    0,     3,     6,     136.82,      74.01,       0.00,    12755.3,       1.13,       3.94
    0,     3,     7,     103.66,      77.59,       0.00,    10864.9,       1.16,       3.96
    0,     3,     8,      70.05,     110.66,       0.00,    10158.8,       1.17,       3.94
    0,     3,     9,     112.76,     130.53,       0.00,    14039.7,       1.18,       3.77
    0,     3,    10,      95.07,     137.32,       0.00,     8430.4,       1.18,       3.88
    0,     3,    11,     101.89,     163.57,       0.00,     7520.4,       1.15,       3.70
    0,     4,     1,       8.96,      13.66,       0.00,     2730.6,       1.16,       4.12
    0,     4,     2,      29.29,      30.20,       0.00,    15260.0,       1.17,       3.82
    0,     4,     3,      68.45,      71.79,       0.00,    18410.6,       1.19,       4.09
    0,     4,     4,      43.77,      72.23,       0.00,     8040.1,       1.11,       3.87
    0,     4,     5,      86.22,      73.21,       0.00,     8960.6,       1.18,       4.07
    0,     4,     6,     136.83,      73.95,       0.00,    13336.6,       1.21,       4.04
    0,     4,     7,     103.65,      77.57,       0.00,    10641.8,       1.19,       3.97
    0,     4,     8,      70.04,     110.65,       0.00,    10159.2,       1.17,       3.90
    0,     4,     9,     112.77,     130.48,       0.00,    13750.3,       1.17,       3.88
    0,     4,    10,      95.06,     137.22,       0.00,     8138.8,       1.12,       3.94
    0,     4,    11,     101.88,     163.51,       0.00,     7824.7,       1.20,       3.77
    0,     5,     1,       9.08,      13.81,       0.00,     2579.3,       1.16,       3.91
    0,     5,     2,      29.28,      30.20,       0.00,    15201.8,       1.19,       3.93
    0,     5,     3,      68.47,      71.80,       0.00,    18373.0,       1.20,       4.15
    0,     5,     4,      43.76,      72.10,       0.00,     8125.6,       1.15,       3.86
    0,     5,     5,      86.19,      73.24,       0.00,     9203.3,       1.18,       4.15
    0,     5,     6,     136.83,      74.01,       0.00,    13081.0,       1.21,       3.99
    0,     5,     7,     103.65,      77.58,       0.00,    10655.6,       1.20,       4.05
    0,     5,     8,      70.03,     110.64,       0.00,    10005.1,       1.18,       4.04
    0,     5,     9,     112.76,     130.54,       0.00,    13770.1,       1.18,       3.82
    0,     5,    10,      95.05,     137.39,       0.00,     8385.4,       1.17,       3.99
    0,     5,    11,     101.88,     163.47,       0.00,     7819.2,       1.20,       3.78
    0,     6,     1,       9.08,      13.81,       0.00,     2647.6,       1.16,       3.89
    0,     6,     2,      29.28,      30.28,       0.00,    15333.0,       1.18,       3.89
    0,     6,     3,      68.47,      71.84,       0.00,    18364.3,       1.18,       4.10
    0,     6,     4,      43.79,      72.16,       0.00,     7994.3,       1.12,       3.91
    0,     6,     5,      86.20,      73.25,       0.00,     9177.5,       1.18,       4.13
    0,     6,     6,     136.79,      73.95,       0.00,    13146.7,       1.19,       4.02
    0,     6,     7,     103.64,      77.75,       0.00,    10764.4,       1.18,       4.06
    0,     6,     8,      70.05,     110.47,       0.00,    10361.2,       1.17,       4.10
    0,     6,     9,     112.76,     130.50,       0.00,    13793.2,       1.17,       3.79
    0,     6,    10,      95.04,     137.29,       0.00,     8412.4,       1.15,       3.92
    0,     6,    11,     101.87,     163.53,       0.00,     7576.9,       1.19,       3.83
    0,     7,     1,       9.10,      13.96,       0.00,     2614.5,       1.23,       4.02
    0,     7,     2,       9.10,      12.67,       0.00,     3265.6,       1.25,       4.85
    0,     7,     3,      29.31,      30.18,       0.00,    15308.1,       1.19,       3.86
    0,     7,     4,      68.46,      71.82,       0.00,    18484.3,       1.17,       4.12
    0,     7,     5,      43.77,      72.12,       0.00,     7964.3,       1.17,       3.86
    0,     7,     6,      86.16,      73.19,       0.00,     9113.5,       1.18,       4.31
    0,     7,     7,     136.82,      73.85,       0.00,    13228.8,       1.21,       4.09
    0,     7,     8,     103.64,      77.36,       0.00,    11065.2,       1.18,       4.19
    0,     7,     9,      70.00,     110.42,       0.00,    10417.5,       1.18,       3.99
    0,     7,    10,     112.77,     130.47,       0.00,    13455.5,       1.15,       3.85
    0,     7,    11,      95.04,     137.36,       0.00,     8287.6,       1.16,       3.91
    0,     7,    12,     101.86,     163.49,       0.00,     7596.4,       1.17,       3.86
    0,     8,     1,       9.06,      13.85,       0.00,     2342.5,       1.06,       3.71
    0,     8,     2,      29.28,      30.30,       0.00,    15540.6,       1.18,       3.91
    0,     8,     3,      68.49,      71.81,       0.00,    18287.9,       1.18,       4.05
    0,     8,     4,      43.76,      72.19,       0.00,     8033.4,       1.15,       3.89
    0,     8,     5,      86.22,      73.17,       0.00,     9142.0,       1.20,       4.17
    0,     8,     6,     136.81,      73.86,       0.00,    12900.9,       1.21,       4.13
    0,     8,     7,     103.66,      77.56,       0.00,    10764.4,       1.20,       4.18
    0,     8,     8,      70.03,     110.46,       0.00,    11000.2,       1.21,       4.11
    0,     8,     9,     112.75,     130.51,       0.00,    13506.7,       1.17,       3.84
    0,     8,    10,      95.05,     137.30,       0.00,     8037.8,       1.17,       3.82
    0,     8,    11,     101.88,     163.58,       0.00,     7749.9,       1.17,       3.88
    0,     9,     1,       9.03,      13.68,       0.00,     2662.4,       1.12,       3.67
    0,     9,     2,      29.30,      30.26,       0.00,    15341.9,       1.20,       3.93
    0,     9,     3,      68.50,      71.84,       0.00,    18189.7,       1.19,       4.15
    0,     9,     4,      43.80,      72.18,       0.00,     8175.0,       1.12,       4.02
    0,     9,     5,      86.17,      73.11,       0.00,     9062.6,       1.20,       4.12
    0,     9,     6,     136.82,      73.90,       0.00,    13357.5,       1.19,       4.13
    0,     9,     7,     103.65,      77.78,       0.00,    10443.8,       1.18,       4.04
    0,     9,     8,      70.02,     110.61,       0.00,    10262.3,       1.20,       3.96
    0,     9,     9,     112.77,     130.61,       0.00,    13600.4,       1.18,       3.90
    0,     9,    10,      95.04,     137.35,       0.00,     8292.3,       1.19,       3.83
    0,     9,    11,     101.88,     163.51,       0.00,     7500.2,       1.17,       3.74
    0,    10,     1,       9.06,      13.62,       0.00,     2408.2,       1.12,       3.74
    0,    10,     2,      29.30,      30.23,       0.00,    15126.7,       1.20,       3.93
    0,    10,     3,      68.49,      71.92,       0.00,    17971.4,       1.19,       4.08
    0,    10,     4,      43.77,      72.10,       0.00,     8013.1,       1.16,       3.83
    0,    10,     5,      86.21,      73.13,       0.00,     9253.9,       1.18,       4.17
    0,    10,     6,     136.81,      73.79,       0.00,    13314.4,       1.18,       4.10
    0,    10,     7,     103.64,      77.56,       0.00,    10349.7,       1.20,       3.95
    0,    10,     8,      70.07,     110.77,       0.00,    10265.4,       1.20,       4.00
    0,    10,     9,     112.79,     130.58,       0.00,    13378.6,       1.18,       3.82
    0,    10,    10,      95.08,     137.36,       0.00,     7967.6,       1.15,       3.86
    0,    10,    11,     101.89,     163.55,       0.00,     7342.0,       1.22,       3.87
    0,    11,     1,       9.03,      13.67,       0.00,     2558.2,       1.16,       3.96
    0,    11,     2,      29.30,      30.26,       0.00,    15334.0,       1.21,       3.92
    0,    11,     3,      68.48,      71.90,       0.00,    17896.0,       1.20,       4.08
    0,    11,     4,      43.75,      72.19,       0.00,     8188.5,       1.18,       3.85
    0,    11,     5,      86.20,      73.21,       0.00,     8803.0,       1.19,       4.19
    0,    11,     6,     136.83,      73.93,       0.00,    13283.4,       1.20,       4.05
    0,    11,     7,     103.65,      77.56,       0.00,    10269.1,       1.19,       4.12
    0,    11,     8,      70.06,     110.61,       0.00,     9935.0,       1.17,       3.93
    0,    11,     9,     112.78,     130.31,       0.00,    13521.8,       1.18,       3.99
    0,    11,    10,      95.03,     137.30,       0.00,     7966.8,       1.13,       3.90
    0,    11,    11,     101.89,     163.47,       0.00,     7433.6,       1.19,       3.78
    0,    12,     1,       9.08,      13.49,       0.00,     2552.3,       1.13,       3.88
    0,    12,     2,      29.29,      30.30,       0.00,    15141.7,       1.19,       3.83
    0,    12,     3,      68.48,      71.83,       0.00,    17801.3,       1.19,       4.13
    0,    12,     4,      43.77,      72.18,       0.00,     7574.2,       1.12,       3.78
    0,    12,     5,      86.20,      73.14,       0.00,     9028.7,       1.22,       4.26
    0,    12,     6,     136.84,      74.02,       0.00,    13204.9,       1.22,       4.17
    0,    12,     7,     103.64,      77.60,       0.00,    10656.3,       1.16,       4.12
    0,    12,     8,      70.01,     110.59,       0.00,    10193.3,       1.16,       4.03
    0,    12,     9,     112.77,     130.51,       0.00,    13234.0,       1.16,       3.84
    0,    12,    10,      95.06,     137.31,       0.00,     8326.4,       1.16,       3.98
    0,    12,    11,     101.88,     163.37,       0.00,     7193.4,       1.16,       3.80
    0,    13,     1,       9.73,      14.23,       0.00,      497.7,       3.30,       3.89
    0,    13,     2,       9.05,      12.72,       0.00,     3115.3,       1.18,       4.45
    0,    13,     3,      29.27,      30.18,       0.00,    14775.0,       1.16,       3.85
    0,    13,     4,      68.47,      71.90,       0.00,    17617.1,       1.16,       4.06
    0,    13,     5,      43.78,      72.23,       0.00,     7442.5,       1.12,       3.82
    0,    13,     6,      86.22,      73.14,       0.00,     8953.2,       1.19,       4.13
    0,    13,     7,     136.81,      73.78,       0.00,    13061.0,       1.18,       4.05
    0,    13,     8,     103.65,      77.58,       0.00,    11011.6,       1.20,       4.06
    0,    13,     9,      70.07,     110.58,       0.00,     9654.9,       1.15,       3.90
    0,    13,    10,     112.78,     130.54,       0.00,    13383.7,       1.19,       3.83
    0,    13,    11,      95.04,     137.37,       0.00,     7824.2,       1.13,       3.85
    0,    13,    12,     101.88,     163.45,       0.00,     7207.6,       1.16,       3.89
    0,    14,     1,       9.08,      13.78,       0.00,     2605.3,       1.17,       3.83
    0,    14,     2,      29.31,      30.31,       0.00,    15256.4,       1.21,       3.90
    0,    14,     3,      68.49,      71.85,       0.00,    18118.8,       1.20,       4.07
    0,    14,     4,      43.75,      72.19,       0.00,     7944.3,       1.15,       3.85
    0,    14,     5,      86.20,      73.07,       0.00,     9204.3,       1.23,       4.25
    0,    14,     6,     136.82,      73.82,       0.00,    12898.3,       1.20,       3.98
    0,    14,     7,     103.65,      77.60,       0.00,    10473.3,       1.18,       4.01
    0,    14,     8,      70.06,     110.69,       0.00,     9733.0,       1.17,       3.96
    0,    14,     9,     112.76,     130.57,       0.00,    13696.6,       1.18,       3.93
    0,    14,    10,      95.07,     137.31,       0.00,     8393.9,       1.17,       3.97
    0,    14,    11,     101.88,     163.46,       0.00,     7312.5,       1.16,       3.94
    0,    15,     1,       9.05,      13.62,       0.00,     2695.2,       1.18,       4.06
    0,    15,     2,      29.30,      30.21,       0.00,    15259.3,       1.19,       3.92
    0,    15,     3,      68.51,      71.90,       0.00,    18010.3,       1.19,       4.16
    0,    15,     4,      43.78,      72.07,       0.00,     8181.3,       1.18,       3.91
    0,    15,     5,      86.18,      73.01,       0.00,     9286.8,       1.19,       4.29
    0,    15,     6,     136.83,      73.99,       0.00,    12977.3,       1.20,       4.06
    0,    15,     7,     103.65,      77.60,       0.00,    10684.5,       1.19,       4.11
    0,    15,     8,      70.07,     110.37,       0.00,    10404.5,       1.18,       4.13
    0,    15,     9,     112.75,     130.51,       0.00,    13325.8,       1.18,       3.81
    0,    15,    10,      95.08,     137.25,       0.00,     8507.9,       1.16,       3.90
    0,    15,    11,     101.90,     163.43,       0.00,     7509.6,       1.20,       3.83
    0,    16,     1,       9.08,      13.61,       0.00,     2382.3,       1.06,       3.95
    0,    16,     2,      29.29,      30.20,       0.00,    15308.9,       1.19,       3.91
    0,    16,     3,      68.49,      71.89,       0.00,    17821.9,       1.18,       4.10
    0,    16,     4,      43.78,      71.87,       0.00,     8064.2,       1.13,       4.00
    0,    16,     5,      86.18,      73.18,       0.00,     8896.3,       1.19,       4.11
    0,    16,     6,     136.83,      73.83,       0.00,    12860.0,       1.18,       3.98
    0,    16,     7,     103.64,      77.59,       0.00,    10856.0,       1.19,       3.97
    0,    16,     8,      70.07,     110.61,       0.00,    10240.2,       1.17,       3.99
    0,    16,     9,     112.74,     130.55,       0.00,    13394.3,       1.15,       3.85
    0,    16,    10,      95.04,     137.39,       0.00,     8431.4,       1.18,       3.91
    0,    16,    11,     101.90,     163.47,       0.00,     7341.5,       1.18,       3.75
    0,    17,     1,       9.08,      13.91,       0.00,     2535.5,       1.16,       3.89
    0,    17,     2,      29.31,      30.23,       0.00,    15125.1,       1.18,       3.88
    0,    17,     3,      68.48,      71.80,       0.00,    18024.3,       1.18,       4.14
    0,    17,     4,      43.75,      72.10,       0.00,     7777.6,       1.14,       3.89
    0,    17,     5,      86.19,      73.08,       0.00,     8846.4,       1.22,       4.11
    0,    17,     6,     136.80,      74.00,       0.00,    12640.9,       1.22,       4.00
    0,    17,     7,     103.61,      77.60,       0.00,    10343.6,       1.16,       3.97
    0,    17,     8,      70.05,     110.70,       0.00,    10170.7,       1.20,       4.07
    0,    17,     9,     112.77,     130.60,       0.00,    13761.8,       1.20,       3.91
    0,    17,    10,      95.01,     137.28,       0.00,     8118.8,       1.15,       3.82
    0,    17,    11,     101.86,     163.42,       0.00,     7098.1,       1.20,       3.75
    0,    18,     1,       9.03,      13.61,       0.00,     2392.9,       1.13,       3.53
    0,    18,     2,       9.04,      11.57,       0.00,     3679.2,       1.14,       5.30
    0,    18,     3,      29.28,      30.32,       0.00,    15099.1,       1.18,       3.88
    0,    18,     4,      68.48,      71.81,       0.00,    17865.6,       1.19,       4.09
    0,    18,     5,      43.78,      72.27,       0.00,     8101.6,       1.17,       3.98
    0,    18,     6,      86.18,      73.11,       0.00,     8882.7,       1.18,       4.14
    0,    18,     7,     136.81,      73.92,       0.00,    12796.8,       1.20,       4.07
    0,    18,     8,     103.65,      77.41,       0.00,    10997.2,       1.22,       4.02
    0,    18,     9,      70.03,     110.61,       0.00,    10025.7,       1.20,       4.00
    0,    18,    10,     112.75,     130.43,       0.00,    13672.5,       1.19,       3.84
    0,    18,    11,      95.07,     137.20,       0.00,     8284.5,       1.14,       3.91
    0,    18,    12,     101.87,     163.36,       0.00,     7376.2,       1.18,       3.80
    0,    19,     1,       9.07,      13.81,       0.00,     2776.0,       1.19,       4.05
    0,    19,     2,      29.29,      30.25,       0.00,    14957.6,       1.15,       3.83
    0,    19,     3,      68.48,      71.85,       0.00,    17852.6,       1.20,       4.09
    0,    19,     4,      43.76,      72.21,       0.00,     8157.5,       1.16,       3.91
    0,    19,     5,      86.21,      73.13,       0.00,     8894.3,       1.21,       4.16
    0,    19,     6,     136.81,      73.78,       0.00,    12963.3,       1.19,       4.06
    0,    19,     7,     103.64,      77.45,       0.00,    10588.0,       1.20,       4.00
    0,    19,     8,      70.03,     110.58,       0.00,     9906.8,       1.16,       3.98
    0,    19,     9,     112.75,     130.46,       0.00,    13042.1,       1.17,       3.72
    0,    19,    10,      95.05,     137.44,       0.00,     8153.3,       1.14,       3.85
    0,    19,    11,     101.86,     163.50,       0.00,     7490.2,       1.19,       3.77
    0,    20,     1,       9.11,      13.69,       0.00,     2635.6,       1.17,       4.04
    0,    20,     2,      29.28,      30.16,       0.00,    15055.1,       1.21,       3.90
    0,    20,     3,      68.48,      71.94,       0.00,    17996.9,       1.16,       4.05
    0,    20,     4,      43.75,      72.17,       0.00,     8087.0,       1.15,       3.89
    0,    20,     5,      86.19,      73.10,       0.00,     8689.3,       1.19,       4.17
    0,    20,     6,     136.81,      74.00,       0.00,    12882.1,       1.20,       4.09
    0,    20,     7,     103.64,      77.68,       0.00,    10700.4,       1.21,       3.98
    0,    20,     8,      70.04,     110.51,       0.00,    10053.6,       1.19,       4.04
    0,    20,     9,     112.76,     130.49,       0.00,    13704.9,       1.18,       3.85
    0,    20,    10,      95.02,     137.37,       0.00,     7700.8,       1.13,       3.81
    0,    20,    11,     101.87,     163.37,       0.00,     7332.5,       1.19,       3.81
    0,    21,     1,       9.06,      13.78,       0.00,     2557.9,       1.16,       3.91
    0,    21,     2,      29.28,      30.28,       0.00,    15215.1,       1.20,       3.90
    0,    21,     3,      68.46,      71.81,       0.00,    17736.3,       1.16,       3.99
    0,    21,     4,      43.76,      72.28,       0.00,     7806.1,       1.12,       3.92
    0,    21,     5,      86.17,      73.18,       0.00,     8622.5,       1.16,       4.07
    0,    21,     6,     136.82,      73.86,       0.00,    13173.9,       1.20,       4.07
    0,    21,     7,     103.64,      77.63,       0.00,    10900.0,       1.21,       4.03
    0,    21,     8,      70.02,     110.61,       0.00,     9824.2,       1.19,       3.97
    0,    21,     9,     112.77,     130.46,       0.00,    14083.8,       1.19,       3.91
    0,    21,    10,      95.04,     137.34,       0.00,     8439.8,       1.23,       4.00
    0,    21,    11,     101.87,     163.48,       0.00,     7348.3,       1.16,       3.82
    0,    22,     1,       9.06,      13.83,       0.00,     2440.4,       1.13,       3.63
    0,    22,     2,      29.28,      30.23,       0.00,    15018.1,       1.18,       3.85
    0,    22,     3,      68.45,      71.84,       0.00,    17679.4,       1.18,       4.06
    0,    22,     4,      43.73,      72.30,       0.00,     7630.6,       1.12,       3.80
    0,    22,     5,      86.17,      73.25,       0.00,     8796.4,       1.19,       4.10
    0,    22,     6,     136.83,      73.92,       0.00,    12977.6,       1.19,       4.10
    0,    22,     7,     103.63,      77.52,       0.00,    10234.0,       1.14,       3.97
    0,    22,     8,      70.03,     110.66,       0.00,     9772.9,       1.16,       3.86
    0,    22,     9,     112.78,     130.49,       0.00,    13804.8,       1.20,       3.79
    0,    22,    10,      95.01,     137.38,       0.00,     8087.7,       1.16,       3.92
    0,    22,    11,     101.90,     163.64,       0.00,     7348.3,       1.16,       3.77
    0,    23,     1,       9.09,      13.81,       0.00,     2512.2,       1.14,       3.87
    0,    23,     2,      29.28,      30.31,       0.00,    14978.3,       1.19,       3.80
    0,    23,     3,      68.47,      71.89,       0.00,    17789.9,       1.17,       4.11
    0,    23,     4,      43.78,      72.23,       0.00,     7841.4,       1.13,       3.86
    0,    23,     5,      86.15,      73.17,       0.00,     8760.2,       1.15,       4.06
    0,    23,     6,     136.81,      73.97,       0.00,    12989.4,       1.21,       4.07
    0,    23,     7,     103.64,      77.58,       0.00,    10387.8,       1.16,       4.03
    0,    23,     8,      70.02,     110.61,       0.00,     9667.5,       1.18,       3.81
    0,    23,     9,     112.75,     130.42,       0.00,    13498.0,       1.15,       3.81
    0,    23,    10,      95.03,     137.27,       0.00,     8103.9,       1.18,       3.84
    0,    23,    11,     101.88,     163.62,       0.00,     7326.3,       1.19,       3.83
    0,    24,     1,       9.06,      13.58,       0.00,     2631.1,       1.12,       3.88
    0,    24,     2,      29.28,      30.22,       0.00,    14962.5,       1.17,       3.88
    0,    24,     3,      68.47,      71.86,       0.00,    17947.6,       1.20,       4.08
    0,    24,     4,      43.77,      72.27,       0.00,     7898.3,       1.15,       3.82
    0,    24,     5,      86.18,      73.18,       0.00,     8774.6,       1.15,       4.00
    0,    24,     6,     136.81,      73.93,       0.00,    12934.0,       1.17,       4.07
    0,    24,     7,     103.61,      77.61,       0.00,    10703.6,       1.22,       4.01
    0,    24,     8,      69.99,     110.55,       0.00,     9771.5,       1.18,       3.92
    0,    24,     9,     112.76,     130.49,       0.00,    13711.8,       1.17,       3.77
    0,    24,    10,      95.08,     137.38,       0.00,     8099.3,       1.15,       3.85
    0,    24,    11,     101.87,     163.41,       0.00,     7394.6,       1.15,       3.79
    0,    25,     1,       9.12,      13.43,       0.00,     2772.9,       1.18,       3.99
    0,    25,     2,      29.30,      30.32,       0.00,    14770.7,       1.18,       3.81
    0,    25,     3,      68.49,      71.86,       0.00,    17542.4,       1.16,       4.01
    0,    25,     4,      43.78,      72.19,       0.00,     7928.8,       1.15,       3.84
    0,    25,     5,      86.17,      73.08,       0.00,     9268.6,       1.23,       4.14
    0,    25,     6,     136.80,      73.92,       0.00,    12847.9,       1.21,       4.03
    0,    25,     7,     103.67,      77.51,       0.00,    10630.0,       1.21,       3.95
    0,    25,     8,      70.04,     110.73,       0.00,    10141.0,       1.18,       3.94
    0,    25,     9,     112.74,     130.45,       0.00,    13258.5,       1.18,       3.72
    0,    25,    10,      95.04,     137.30,       0.00,     8303.6,       1.17,       3.84
    0,    25,    11,     101.91,     163.58,       0.00,     7592.7,       1.17,       3.90
    0,    26,     1,       9.10,      13.82,       0.00,     2459.7,       1.13,       3.79
    0,    26,     2,      29.28,      30.29,       0.00,    14856.1,       1.18,       3.80
    0,    26,     3,      68.46,      71.85,       0.00,    17339.8,       1.17,       4.08
    0,    26,     4,      43.77,      72.16,       0.00,     7579.4,       1.16,       3.77
    0,    26,     5,     136.82,      74.04,       0.00,    13051.0,       1.19,       3.94
    0,    26,     6,      86.19,      73.20,       0.00,     8655.0,       1.15,       4.00
    0,    26,     7,     103.64,      77.69,       0.00,    10521.7,       1.20,       3.96
    0,    26,     8,      70.02,     110.58,       0.00,     9776.0,       1.18,       3.97
    0,    26,     9,     112.77,     130.54,       0.00,    13436.9,       1.16,       3.80
    0,    26,    10,      95.03,     137.37,       0.00,     8231.2,       1.17,       3.88
    0,    26,    11,     101.91,     163.49,       0.00,     7254.2,       1.13,       3.79
    0,    27,     1,       9.05,      13.53,       0.00,     2484.4,       1.11,       3.86
    0,    27,     2,      29.26,      30.27,       0.00,    14777.6,       1.18,       3.76
    0,    27,     3,      68.48,      71.91,       0.00,    17619.8,       1.18,       4.08
    0,    27,     4,      43.77,      72.29,       0.00,     7645.2,       1.16,       3.88
    0,    27,     5,      86.19,      73.16,       0.00,     8941.7,       1.20,       4.14
    0,    27,     6,     136.81,      73.92,       0.00,    12906.8,       1.18,       3.98
    0,    27,     7,     103.65,      77.48,       0.00,    10509.2,       1.20,       3.98
    0,    27,     8,      70.02,     110.74,       0.00,    10168.3,       1.17,       3.97
    0,    27,     9,     112.75,     130.52,       0.00,    13731.9,       1.17,       3.87
    0,    27,    10,      95.01,     137.20,       0.00,     7990.5,       1.11,       3.90
    0,    27,    11,     101.90,     163.55,       0.00,     7357.9,       1.12,       3.91
    0,    28,     1,       9.08,      13.62,       0.00,     2434.9,       1.05,       3.70
    0,    28,     2,      29.26,      30.24,       0.00,    14895.6,       1.16,       3.79
    0,    28,     3,      68.46,      71.83,       0.00,    17417.7,       1.19,       4.02
    0,    28,     4,      43.76,      72.24,       0.00,     7614.8,       1.15,       3.88
    0,    28,     5,     136.81,      73.87,       0.00,    12637.6,       1.18,       4.03
    0,    28,     6,      86.16,      73.21,       0.00,     8647.2,       1.17,       3.99
    0,    28,     7,     103.63,      77.35,       0.00,    10859.6,       1.19,       4.21
    0,    28,     8,      70.03,     110.58,       0.00,    10383.2,       1.18,       3.93
    0,    28,     9,     112.76,     130.46,       0.00,    13444.5,       1.16,       3.76
    0,    28,    10,      95.02,     137.35,       0.00,     7862.7,       1.14,       3.67
    0,    28,    11,     101.90,     163.62,       0.00,     7478.2,       1.15,       3.91
    0,    29,     1,       9.07,      13.82,       0.00,     2500.8,       1.14,       3.68
    0,    29,     2,      29.28,      30.19,       0.00,    15154.1,       1.19,       3.80
    0,    29,     3,      68.46,      71.92,       0.00,    17419.9,       1.18,       4.03
    0,    29,     4,      43.75,      72.25,       0.00,     7602.5,       1.15,       3.95
    0,    29,     5,      86.20,      73.18,       0.00,     8931.5,       1.21,       4.09
    0,    29,     6,     136.82,      73.92,       0.00,    12878.4,       1.17,       4.02
    0,    29,     7,     103.65,      77.56,       0.00,    10669.3,       1.19,       4.00
    0,    29,     8,      70.05,     110.58,       0.00,    10060.5,       1.20,       3.96
    0,    29,     9,     112.75,     130.53,       0.00,    13650.7,       1.18,       3.89
    0,    29,    10,      95.05,     137.33,       0.00,     8197.7,       1.19,       3.93
    0,    29,    11,     101.88,     163.55,       0.00,     7561.4,       1.16,       3.82
    0,    30,     1,       9.09,      13.85,       0.00,     2531.8,       1.16,       3.89
    0,    30,     2,      29.28,      30.28,       0.00,    14886.0,       1.16,       3.78
    0,    30,     3,      68.47,      71.83,       0.00,    17794.9,       1.19,       4.04
    0,    30,     4,      43.75,      72.24,       0.00,     7384.6,       1.14,       3.78
    0,    30,     5,      86.20,      73.11,       0.00,     8669.4,       1.19,       4.02
    0,    30,     6,     136.80,      73.86,       0.00,    12952.0,       1.20,       4.01
    0,    30,     7,     103.64,      77.52,       0.00,    10659.5,       1.20,       3.96
    0,    30,     8,      70.03,     110.66,       0.00,     9883.5,       1.17,       3.88
    0,    30,     9,     112.75,     130.46,       0.00,    13215.0,       1.15,       3.82
    0,    30,    10,      95.04,     137.28,       0.00,     8164.0,       1.15,       3.88
    0,    30,    11,     101.89,     163.55,       0.00,     7488.3,       1.19,       3.76
    0,    31,     1,       9.12,      13.70,       0.00,     2566.3,       1.14,       4.13
    0,    31,     2,      29.29,      30.26,       0.00,    15101.6,       1.19,       3.84
    0,    31,     3,      68.47,      71.86,       0.00,    17161.0,       1.17,       3.95
    0,    31,     4,      43.82,      72.22,       0.00,     7760.9,       1.16,       3.89
    0,    31,     5,      86.18,      73.13,       0.00,     8846.5,       1.18,       4.11
    0,    31,     6,     136.81,      74.02,       0.00,    12730.4,       1.19,       3.91
    0,    31,     7,     103.63,      77.64,       0.00,    10438.4,       1.18,       3.95
    0,    31,     8,      70.04,     110.63,       0.00,    10304.7,       1.19,       3.96
    0,    31,     9,     112.77,     130.57,       0.00,    13507.2,       1.18,       3.77
    0,    31,    10,      95.04,     137.38,       0.00,     8250.0,       1.18,       3.83
    0,    31,    11,     101.89,     163.40,       0.00,     7362.4,       1.17,       3.73
    0,    32,     1,       9.12,      13.83,       0.00,     2460.8,       1.16,       3.78
    0,    32,     2,      29.28,      30.24,       0.00,    15122.2,       1.17,       3.74
    0,    32,     3,      68.45,      71.91,       0.00,    17903.8,       1.20,       3.99
    0,    32,     4,      43.77,      72.30,       0.00,     7560.6,       1.15,       3.80
    0,    32,     5,      86.14,      73.24,       0.00,     8378.3,       1.17,       4.03
    0,    32,     6,     136.83,      74.08,       0.00,    12803.5,       1.18,       4.03
    0,    32,     7,     103.63,      77.28,       0.00,    10720.3,       1.16,       4.13
    0,    32,     8,      70.02,     110.54,       0.00,    10179.5,       1.17,       4.00
    0,    32,     9,     112.78,     130.55,       0.00,    13266.6,       1.16,       3.72
    0,    32,    10,      95.03,     137.29,       0.00,     7864.0,       1.09,       3.70
    0,    32,    11,     101.86,     163.37,       0.00,     7298.3,       1.16,       3.75
    0,    33,     1,       9.10,      13.71,       0.00,     2463.9,       1.16,       3.71
    0,    33,     2,      29.29,      30.21,       0.00,    15086.2,       1.20,       3.79
    0,    33,     3,      68.47,      71.92,       0.00,    17656.3,       1.17,       4.06
    0,    33,     4,      43.77,      72.29,       0.00,     7608.8,       1.13,       3.83
    0,    33,     5,      86.20,      73.21,       0.00,     8937.7,       1.21,       4.04
    0,    33,     6,     136.84,      73.94,       0.00,    12946.8,       1.19,       3.97
    0,    33,     7,     103.67,      77.59,       0.00,    10187.3,       1.17,       3.93
    0,    33,     8,      70.04,     110.73,       0.00,     9826.2,       1.16,       3.86
    0,    33,     9,     112.76,     130.43,       0.00,    13501.4,       1.17,       3.81
    0,    33,    10,      95.06,     137.29,       0.00,     8017.8,       1.15,       3.72
    0,    33,    11,     101.86,     163.58,       0.00,     7363.4,       1.16,       3.76
    0,    34,     1,       9.06,      13.77,       0.00,     2377.5,       1.12,       3.63
    0,    34,     2,      29.29,      30.27,       0.00,    15044.3,       1.20,       3.81
    0,    34,     3,      68.47,      71.87,       0.00,    17315.4,       1.18,       4.04
    0,    34,     4,      43.78,      72.27,       0.00,     7543.3,       1.14,       3.78
    0,    34,     5,      86.17,      73.13,       0.00,     9148.2,       1.20,       4.09
    0,    34,     6,     136.84,      74.01,       0.00,    13024.0,       1.18,       3.98
    0,    34,     7,     103.62,      77.44,       0.00,    10526.9,       1.18,       3.99
    0,    34,     8,      70.04,     110.73,       0.00,     9675.2,       1.17,       3.80
    0,    34,     9,     112.75,     130.45,       0.00,    13296.7,       1.16,       3.69
    0,    34,    10,      95.04,     137.33,       0.00,     7955.1,       1.13,       3.77
    0,    34,    11,     101.84,     163.47,       0.00,     7301.1,       1.18,       3.70
    0,    35,     1,       9.08,      13.71,       0.00,     2485.9,       1.16,       3.84
    0,    35,     2,      29.28,      30.34,       0.00,    15097.6,       1.16,       3.84
    0,    35,     3,      68.46,      71.89,       0.00,    17087.7,       1.15,       3.95
    0,    35,     4,      43.76,      72.19,       0.00,     7538.5,       1.12,       3.68
    0,    35,     5,      86.18,      73.32,       0.00,     8794.4,       1.16,       4.03
    0,    35,     6,     136.82,      73.96,       0.00,    12641.4,       1.15,       3.91
    0,    35,     7,     103.63,      77.53,       0.00,    10440.9,       1.16,       3.94
    0,    35,     8,      70.04,     110.78,       0.00,    10125.2,       1.16,       3.90
    0,    35,     9,     112.76,     130.49,       0.00,    13598.9,       1.18,       3.76
    0,    35,    10,      95.05,     137.35,       0.00,     8221.2,       1.18,       3.81
    0,    35,    11,     101.83,     163.47,       0.00,     7281.6,       1.17,       3.68
    0,    36,     1,       9.06,      13.75,       0.00,     2633.8,       1.15,       4.06
    0,    36,     2,      29.29,      30.31,       0.00,    15341.8,       1.17,       3.91
    0,    36,     3,      68.49,      71.89,       0.00,    17814.7,       1.18,       4.02
    0,    36,     4,      43.76,      72.15,       0.00,     7766.6,       1.12,       3.80
    0,    36,     5,      86.21,      73.33,       0.00,     9037.1,       1.21,       4.09
    0,    36,     6,     136.81,      73.94,       0.00,    12880.7,       1.20,       3.98
    0,    36,     7,     103.64,      77.64,       0.00,    10419.2,       1.18,       3.95
    0,    36,     8,      70.06,     110.80,       0.00,    10084.1,       1.17,       3.96
    0,    36,     9,     112.76,     130.55,       0.00,    13359.4,       1.18,       3.74
    0,    36,    10,      95.05,     137.37,       0.00,     8044.0,       1.14,       3.87
    0,    36,    11,     101.90,     163.56,       0.00,     7479.3,       1.14,       3.81
    0,    37,     1,       9.08,      13.69,       0.00,     2535.8,       1.12,       4.12
    0,    37,     2,      29.29,      30.24,       0.00,    14995.3,       1.18,       3.80
    0,    37,     3,      68.47,      71.93,       0.00,    17887.9,       1.20,       4.04
    0,    37,     4,      43.76,      72.22,       0.00,     7759.0,       1.12,       3.71
    0,    37,     5,      86.18,      73.20,       0.00,     8705.7,       1.16,       4.02
    0,    37,     6,     136.81,      73.97,       0.00,    12472.2,       1.17,       3.93
    0,    37,     7,     103.62,      77.58,       0.00,    10642.2,       1.20,       3.95
    0,    37,     8,      70.04,     110.75,       0.00,    10068.0,       1.16,       3.87
    0,    37,     9,     112.75,     130.54,       0.00,    13308.5,       1.19,       3.70
    0,    37,    10,      95.04,     137.32,       0.00,     7789.9,       1.11,       3.75
    0,    37,    11,     101.86,     163.43,       0.00,     7105.5,       1.13,       3.73
    0,    38,     1,       9.06,      13.97,       0.00,     2451.8,       1.15,       3.79
    0,    38,     2,      29.30,      30.32,       0.00,    15011.7,       1.19,       3.73
    0,    38,     3,      68.49,      71.87,       0.00,    17561.9,       1.17,       3.95
    0,    38,     4,      43.76,      72.29,       0.00,     7755.2,       1.15,       3.89
    0,    38,     5,      86.19,      73.24,       0.00,     8728.7,       1.18,       4.07
    0,    38,     6,     136.82,      74.04,       0.00,    12836.6,       1.17,       3.94
    0,    38,     7,     103.63,      77.63,       0.00,    10243.8,       1.18,       3.89
    0,    38,     8,      70.08,     110.77,       0.00,     9878.5,       1.16,       3.87
    0,    38,     9,     112.77,     130.60,       0.00,    13472.0,       1.18,       3.75
    0,    38,    10,      95.04,     137.31,       0.00,     7855.6,       1.13,       3.71
    0,    38,    11,     101.87,     163.49,       0.00,     7724.9,       1.17,       3.83
    0,    39,     1,       9.07,      13.87,       0.00,     2510.2,       1.13,       3.81
    0,    39,     2,      29.30,      30.23,       0.00,    14837.9,       1.17,       3.75
    0,    39,     3,      68.49,      71.98,       0.00,    17942.1,       1.21,       3.98
    0,    39,     4,      43.76,      72.22,       0.00,     7634.0,       1.12,       3.73
    0,    39,     5,      86.19,      73.01,       0.00,     9228.0,       1.19,       4.18
    0,    39,     6,     136.83,      74.01,       0.00,    12673.4,       1.18,       3.91
    0,    39,     7,     103.66,      77.64,       0.00,    10781.3,       1.18,       4.03
    0,    39,     8,      70.05,     110.47,       0.00,    10449.4,       1.18,       4.00
    0,    39,     9,     112.77,     130.57,       0.00,    13112.7,       1.15,       3.69
    0,    39,    10,      95.07,     137.30,       0.00,     8087.5,       1.18,       3.81
    0,    39,    11,     101.90,     163.51,       0.00,     7710.2,       1.17,       3.87
    0,    40,     1,       9.08,      13.82,       0.00,     2220.6,       1.05,       3.70
    0,    40,     2,      29.26,      30.28,       0.00,    14561.2,       1.16,       3.74
    0,    40,     3,      68.47,      71.92,       0.00,    18228.1,       1.19,       4.04
    0,    40,     4,      43.76,      72.15,       0.00,     7580.0,       1.13,       3.80
    0,    40,     5,      86.18,      73.14,       0.00,     9035.0,       1.18,       4.06
    0,    40,     6,     136.82,      73.96,       0.00,    12637.5,       1.18,       3.96
    0,    40,     7,     103.65,      77.36,       0.00,    10912.8,       1.17,       4.05
    0,    40,     8,      70.05,     110.71,       0.00,     9839.0,       1.16,       3.83
    0,    40,     9,     112.76,     130.57,       0.00,    13045.6,       1.14,       3.71
    0,    40,    10,      95.05,     137.33,       0.00,     7993.4,       1.17,       3.70
    0,    40,    11,     101.90,     163.61,       0.00,     7478.8,       1.17,       3.74
