#stackID(UINT32), frameID(UINT32), eventID(UINT32), x0(float), y0(float), z0(float), photon_count0(float), sigmaX0(float), sigmaY0(float) 
    0,     0,     1,       9.03,      14.19,       0.00,     2780.4,       1.02,       2.91
    0,     0,     2,      29.21,      30.59,       0.00,    16493.4,       1.13,       2.79
    0,     0,     3,      68.40,      72.31,       0.00,    18649.4,       1.09,       2.93
    0,     0,     4,      43.72,      72.62,       0.00,     8615.1,       1.08,       2.85
    0,     0,     5,      86.10,      73.53,       0.00,     9403.4,       1.10,       2.94
    0,     0,     6,     136.76,      74.41,       0.00,    14272.2,       1.08,       2.88
    0,     0,     7,     103.56,      77.94,       0.00,    11297.5,       1.09,       2.91
    0,     0,     8,      70.02,     110.90,       0.00,    12137.4,       1.07,       2.84
    0,     0,     9,     112.70,     130.83,       0.00,    14891.4,       1.13,       2.82
    0,     0,    10,      94.97,     137.55,       0.00,     9084.2,       1.08,       2.80
    0,     0,    11,     101.79,     163.78,       0.00,     7786.4,       1.10,       2.81
    0,     1,     1,       9.00,      14.17,       0.00,     2734.2,       1.01,       3.03
    0,     1,     2,      29.23,      30.59,       0.00,    16200.1,       1.13,       2.77
    0,     1,     3,      68.41,      72.29,       0.00,    18512.1,       1.11,       2.89
    0,     1,     4,      43.72,      72.60,       0.00,     8271.7,       1.06,       2.81
    0,     1,     5,      86.12,      73.57,       0.00,     9348.7,       1.10,       2.93
    0,     1,     6,     136.73,      74.42,       0.00,    14000.9,       1.10,       2.89
    0,     1,     7,     103.57,      77.89,       0.00,    11402.4,       1.10,       2.91
    0,     1,     8,      70.01,     110.92,       0.00,    12360.2,       1.10,       2.88
    0,     1,     9,     112.70,     130.81,       0.00,    14378.9,       1.10,       2.79
    0,     1,    10,      94.98,     137.62,       0.00,     8932.0,       1.07,       2.78
    0,     1,    11,     101.80,     163.81,       0.00,     7649.4,       1.10,       2.74
    0,     2,     1,       8.93,      14.23,       0.00,     2826.2,       1.01,       2.92
    0,     2,     2,      29.22,      30.59,       0.00,    16312.3,       1.13,       2.80
    0,     2,     3,      68.41,      72.31,       0.00,    18705.0,       1.10,       2.91
    0,     2,     4,      43.76,      72.52,       0.00,     8500.1,       1.09,       2.79
    0,     2,     5,      86.12,      73.48,       0.00,     9030.7,       1.10,       2.88
    0,     2,     6,     136.76,      74.42,       0.00,    14129.0,       1.11,       2.92
    0,     2,     7,     103.57,      77.92,       0.00,    11506.3,       1.07,       2.90
    0,     2,     8,      70.02,     110.93,       0.00,    11867.6,       1.11,       2.89
    0,     2,     9,     112.70,     130.82,       0.00,    14501.3,       1.13,       2.83
    0,     2,    10,      94.97,     137.67,       0.00,     8937.3,       1.09,       2.83
    0,     2,    11,     101.81,     163.88,       0.00,     7687.4,       1.07,       2.80
    0,     3,     1,       8.99,      13.86,       0.00,     2749.1,       1.06,       2.70
    0,     3,     2,      29.23,      30.58,       0.00,    15880.1,       1.13,       2.83
    0,     3,     3,      68.39,      72.35,       0.00,    18269.4,       1.10,       2.92
    0,     3,     4,      43.74,      72.54,       0.00,     8588.3,       1.08,       2.85
    0,     3,     5,      86.13,      73.62,       0.00,     8971.4,       1.05,       2.94
    0,     3,     6,     136.74,      74.37,       0.00,    13950.9,       1.11,       2.90
    0,     3,     7,     103.54,      77.96,       0.00,    10867.8,       1.07,       2.88
    0,     3,     8,      70.01,     110.93,       0.00,    12239.4,       1.11,       2.85
    0,     3,     9,     112.70,     130.77,       0.00,    14882.4,       1.14,       2.80
    0,     3,    10,      94.98,     137.67,       0.00,     9077.6,       1.08,       2.89
    0,     3,    11,     101.82,     163.85,       0.00,     7977.1,       1.12,       2.86
    0,     4,     1,       8.96,      14.18,       0.00,     2791.7,       1.07,       2.89
    0,     4,     2,      29.22,      30.56,       0.00,    15883.6,       1.15,       2.77
    0,     4,     3,      68.40,      72.25,       0.00,    17906.0,       1.09,       2.93
    0,     4,     4,      43.73,      72.53,       0.00,     8394.3,       1.09,       2.82
    0,     4,     5,      86.13,      73.57,       0.00,     9269.1,       1.11,       2.96
    0,     4,     6,     136.76,      74.38,       0.00,    14240.2,       1.11,       2.94
    0,     4,     7,     103.57,      77.95,       0.00,    11137.2,       1.08,       2.91
    0,     4,     8,      69.99,     110.95,       0.00,    12282.7,       1.11,       2.87
    0,     4,     9,     112.71,     130.76,       0.00,    15035.2,       1.12,       2.84
    0,     4,    10,      94.98,     137.64,       0.00,     8831.0,       1.09,       2.76
    0,     4,    11,     101.80,     163.86,       0.00,     7558.1,       1.08,       2.81
    0,     5,     1,       8.95,      14.03,       0.00,     2665.4,       1.04,       2.97
    0,     5,     2,      29.21,      30.57,       0.00,    15759.7,       1.12,       2.78
    0,     5,     3,      68.43,      72.26,       0.00,    18057.2,       1.10,       2.93
    0,     5,     4,      43.74,      72.56,       0.00,     8430.6,       1.10,       2.85
    0,     5,     5,      86.13,      73.58,       0.00,     9114.2,       1.08,       2.97
    0,     5,     6,     136.76,      74.35,       0.00,    14080.2,       1.09,       2.94
    0,     5,     7,     103.56,      77.92,       0.00,    11336.9,       1.09,       2.95
    0,     5,     8,      70.00,     110.87,       0.00,    12331.7,       1.10,       2.89
    0,     5,     9,     112.71,     130.78,       0.00,    14794.8,       1.11,       2.84
    0,     5,    10,      94.98,     137.67,       0.00,     8982.4,       1.10,       2.86
    0,     5,    11,     101.81,     163.75,       0.00,     7668.4,       1.06,       2.83
    0,     6,     1,       9.03,      14.12,       0.00,     2825.4,       1.06,       2.91
    0,     6,     2,      29.23,      30.53,       0.00,    15743.1,       1.13,       2.80
    0,     6,     3,      68.40,      72.29,       0.00,    18085.0,       1.12,       2.88
    0,     6,     4,      43.73,      72.56,       0.00,     8433.7,       1.09,       2.88
    0,     6,     5,      86.15,      73.60,       0.00,     8953.5,       1.09,       2.93
    0,     6,     6,     136.75,      74.34,       0.00,    13872.9,       1.09,       2.93
    0,     6,     7,     103.56,      77.94,       0.00,    11209.7,       1.10,       2.92
    0,     6,     8,      70.01,     111.01,       0.00,    12151.4,       1.08,       2.85
    0,     6,     9,     112.70,     130.80,       0.00,    14561.7,       1.11,       2.84
    0,     6,    10,      94.98,     137.61,       0.00,     8718.8,       1.09,       2.85
    0,     6,    11,     101.82,     163.80,       0.00,     7465.4,       1.09,       2.82
    0,     7,     1,       9.01,      14.03,       0.00,     2655.6,       1.09,       2.81
    0,     7,     2,      29.23,      30.62,       0.00,    15912.9,       1.15,       2.85
    0,     7,     3,      68.42,      72.29,       0.00,    18094.0,       1.09,       2.89
    0,     7,     4,      43.73,      72.51,       0.00,     8035.1,       1.08,       2.77
    0,     7,     5,      86.10,      73.52,       0.00,     8783.9,       1.06,       2.95
    0,     7,     6,     136.76,      74.36,       0.00,    13757.2,       1.11,       2.94
    0,     7,     7,     103.56,      77.94,       0.00,    11490.4,       1.11,       2.96
    0,     7,     8,      69.99,     110.91,       0.00,    12123.8,       1.10,       2.88
    0,     7,     9,     112.70,     130.83,       0.00,    14290.4,       1.11,       2.80
    0,     7,    10,      94.98,     137.65,       0.00,     8600.9,       1.05,       2.85
    0,     7,    11,     101.79,     163.85,       0.00,     7457.0,       1.08,       2.78
    0,     8,     1,       8.95,      13.98,       0.00,     2747.4,       1.13,       2.93
    0,     8,     2,      29.22,      30.56,       0.00,    15896.2,       1.12,       2.84
    0,     8,     3,      68.42,      72.27,       0.00,    17659.2,       1.10,       2.92
    0,     8,     4,      43.73,      72.53,       0.00,     8193.3,       1.10,       2.85
    0,     8,     5,      86.09,      73.59,       0.00,     8832.5,       1.08,       3.00
    0,     8,     6,     136.74,      74.42,       0.00,    13468.1,       1.08,       2.92
    0,     8,     7,     103.58,      77.90,       0.00,    11075.2,       1.09,       2.89
    0,     8,     8,      69.99,     110.93,       0.00,    11784.7,       1.10,       2.89
    0,     8,     9,     112.72,     130.82,       0.00,    14312.0,       1.12,       2.84
    0,     8,    10,      94.97,     137.67,       0.00,     8696.9,       1.09,       2.87
    0,     8,    11,     101.84,     163.80,       0.00,     7371.8,       1.10,       2.87
    0,     9,     1,       9.00,      14.05,       0.00,     2656.4,       1.07,       2.90
    0,     9,     2,      29.21,      30.62,       0.00,    15691.8,       1.11,       2.80
    0,     9,     3,      68.42,      72.32,       0.00,    17717.2,       1.10,       2.90
    0,     9,     4,      43.73,      72.51,       0.00,     8080.7,       1.11,       2.82
    0,     9,     5,      86.10,      73.56,       0.00,     8793.8,       1.09,       2.96
    0,     9,     6,     136.75,      74.38,       0.00,    13758.4,       1.09,       2.91
    0,     9,     7,     103.56,      77.95,       0.00,    11341.3,       1.10,       2.91
    0,     9,     8,      70.01,     110.89,       0.00,    11428.8,       1.08,       2.85
    0,     9,     9,     112.72,     130.80,       0.00,    14359.9,       1.13,       2.85
    0,     9,    10,      95.00,     137.66,       0.00,     8636.7,       1.09,       2.88
    0,     9,    11,     101.81,     163.85,       0.00,     7432.8,       1.11,       2.87
    0,    10,     1,       9.03,      13.91,       0.00,     2629.6,       1.03,       2.96
    0,    10,     2,      29.24,      30.59,       0.00,    15934.9,       1.13,       2.83
    0,    10,     3,      68.42,      72.28,       0.00,    17814.9,       1.11,       2.98
    0,    10,     4,      43.75,      72.50,       0.00,     7972.2,       1.09,       2.82
    0,    10,     5,      86.09,      73.53,       0.00,     8649.3,       1.08,       2.94
    0,    10,     6,     136.75,      74.32,       0.00,    13550.7,       1.10,       2.87
    0,    10,     7,     103.57,      77.88,       0.00,    11421.2,       1.08,       2.93
    0,    10,     8,      70.03,     110.97,       0.00,    11734.3,       1.11,       2.94
    0,    10,     9,     112.71,     130.74,       0.00,    14673.4,       1.13,       2.87
    0,    10,    10,      94.98,     137.65,       0.00,     8757.3,       1.09,       2.89
    0,    10,    11,     101.82,     163.83,       0.00,     7350.9,       1.07,       2.81
    0,    11,     1,       8.95,      14.09,       0.00,     2742.3,       1.07,       2.95
    0,    11,     2,      29.22,      30.57,       0.00,    15571.7,       1.11,       2.83
    0,    11,     3,      68.41,      72.31,       0.00,    17636.7,       1.11,       2.93
    0,    11,     4,      43.75,      72.53,       0.00,     7885.6,       1.06,       2.85
    0,    11,     5,      86.12,      73.51,       0.00,     8976.4,       1.07,       2.99
    0,    11,     6,     136.77,      74.38,       0.00,    13682.2,       1.09,       2.94
    0,    11,     7,     103.59,      77.94,       0.00,    11407.7,       1.10,       2.95
    0,    11,     8,      70.01,     110.91,       0.00,    11793.2,       1.13,       2.92
    0,    11,     9,     112.69,     130.80,       0.00,    14681.9,       1.11,       2.85
    0,    11,    10,      95.00,     137.69,       0.00,     8815.7,       1.08,       2.89
    0,    11,    11,     101.81,     163.71,       0.00,     7245.9,       1.09,       2.78
    0,    12,     1,       9.04,      14.07,       0.00,     2720.8,       1.07,       2.98
    0,    12,     2,      29.23,      30.58,       0.00,    16162.6,       1.13,       2.81
    0,    12,     3,      68.41,      72.26,       0.00,    17605.0,       1.09,       2.92
    0,    12,     4,      43.73,      72.58,       0.00,     8217.6,       1.09,       2.89
    0,    12,     5,      86.12,      73.59,       0.00,     8878.2,       1.10,       2.99
    0,    12,     6,     136.76,      74.36,       0.00,    13637.7,       1.12,       2.93
    0,    12,     7,     103.55,      77.85,       0.00,    11122.6,       1.08,       2.93
    0,    12,     8,      70.02,     110.84,       0.00,    11289.9,       1.07,       2.90
    0,    12,     9,     112.72,     130.79,       0.00,    14475.8,       1.12,       2.88
    0,    12,    10,      94.99,     137.61,       0.00,     8608.2,       1.07,       2.85
    0,    12,    11,     101.80,     163.80,       0.00,     7382.1,       1.09,       2.82
    0,    13,     1,       8.96,      13.94,       0.00,     2624.4,       1.03,       2.91
    0,    13,     2,      29.25,      30.58,       0.00,    15839.7,       1.12,       2.83
    0,    13,     3,      68.42,      72.29,       0.00,    17378.2,       1.08,       2.95
    0,    13,     4,      43.76,      72.62,       0.00,     7845.0,       1.08,       2.82
    0,    13,     5,      86.14,      73.60,       0.00,     9077.3,       1.08,       3.02
    0,    13,     6,     136.78,      74.36,       0.00,    13531.5,       1.09,       2.93
    0,    13,     7,     103.59,      77.95,       0.00,    10870.4,       1.07,       2.94
    0,    13,     8,      70.03,     110.94,       0.00,    11700.1,       1.11,       2.91
    0,    13,     9,     112.71,     130.76,       0.00,    14344.6,       1.13,       2.83
    0,    13,    10,      94.99,     137.61,       0.00,     8653.9,       1.06,       2.82
    0,    13,    11,     101.78,     163.78,       0.00,     7138.8,       1.09,       2.80
    0,    14,     1,       9.02,      14.08,       0.00,     2446.2,       1.01,       2.83
    0,    14,     2,      29.23,      30.55,       0.00,    15736.1,       1.13,       2.79
    0,    14,     3,      68.41,      72.31,       0.00,    17860.0,       1.10,       2.93
    0,    14,     4,      43.76,      72.58,       0.00,     7959.8,       1.08,       2.91
    0,    14,     5,      86.10,      73.54,       0.00,     8802.5,       1.11,       2.94
    0,    14,     6,     136.75,      74.34,       0.00,    13677.6,       1.11,       2.86
    0,    14,     7,     103.56,      78.04,       0.00,    11030.1,       1.09,       2.95
    0,    14,     8,      70.01,     110.97,       0.00,    11135.5,       1.09,       2.87
    0,    14,     9,     112.69,     130.86,       0.00,    14003.5,       1.11,       2.86
    0,    14,    10,      94.98,     137.66,       0.00,     8649.5,       1.05,       2.89
    0,    14,    11,     101.85,     163.80,       0.00,     7114.1,       1.07,       2.81
    0,    15,     1,       9.04,      14.06,       0.00,     2730.2,       1.08,       2.97
    0,    15,     2,      29.26,      30.55,       0.00,    15610.7,       1.11,       2.83
    0,    15,     3,      68.43,      72.31,       0.00,    17846.8,       1.10,       2.97
    0,    15,     4,      43.75,      72.50,       0.00,     7728.2,       1.07,       2.78
    0,    15,     5,      86.12,      73.55,       0.00,     8735.7,       1.09,       2.96
    0,    15,     6,     136.76,      74.35,       0.00,    13610.0,       1.09,       2.90
    0,    15,     7,     103.57,      77.98,       0.00,    11343.2,       1.07,       2.97
    0,    15,     8,      70.04,     110.93,       0.00,    11710.5,       1.08,       2.90
    0,    15,     9,     112.71,     130.80,       0.00,    14325.1,       1.12,       2.87
    0,    15,    10,      94.98,     137.61,       0.00,     8844.5,       1.05,       2.86
    0,    15,    11,     101.82,     163.78,       0.00,     7242.4,       1.08,       2.84
    0,    16,     1,       8.98,      13.98,       0.00,     2721.2,       1.02,       2.98
    0,    16,     2,      29.23,      30.57,       0.00,    15794.3,       1.13,       2.84
    0,    16,     3,      68.44,      72.26,       0.00,    17664.1,       1.09,       2.96
    0,    16,     4,      43.74,      72.51,       0.00,     7971.9,       1.09,       2.85
    0,    16,     5,      86.10,      73.51,       0.00,     8746.1,       1.07,       3.02
    0,    16,     6,     136.78,      74.36,       0.00,    13366.4,       1.08,       2.96
    0,    16,     7,     103.57,      77.98,       0.00,    11140.2,       1.09,       2.99
    0,    16,     8,      70.01,     110.89,       0.00,    11901.7,       1.11,       2.93
    0,    16,     9,     112.70,     130.81,       0.00,    14179.1,       1.12,       2.86
    0,    16,    10,      94.99,     137.64,       0.00,     8857.9,       1.09,       2.88
    0,    16,    11,     101.81,     163.73,       0.00,     7440.8,       1.13,       2.89
    0,    17,     1,       9.01,      14.13,       0.00,     2710.9,       1.02,       2.80
    0,    17,     2,      29.25,      30.55,       0.00,    15816.6,       1.15,       2.87
    0,    17,     3,      68.43,      72.27,       0.00,    17667.7,       1.09,       2.97
    0,    17,     4,      43.75,      72.57,       0.00,     8121.2,       1.09,       2.86
    0,    17,     5,      86.12,      73.57,       0.00,     8935.4,       1.09,       3.03
    0,    17,     6,     136.76,      74.27,       0.00,    13447.1,       1.08,       2.95
    0,    17,     7,     103.56,      77.89,       0.00,    11084.7,       1.10,       2.96
    0,    17,     8,      70.05,     110.88,       0.00,    11720.5,       1.09,       2.96
    0,    17,     9,     112.70,     130.79,       0.00,    14234.8,       1.13,       2.88
    0,    17,    10,      95.00,     137.68,       0.00,     8427.0,       1.06,       2.91
    0,    17,    11,     101.81,     163.77,       0.00,     7152.4,       1.11,       2.80
    0,    18,     1,       9.06,      14.15,       0.00,     2824.2,       1.09,       3.02
    0,    18,     2,      29.24,      30.60,       0.00,    15755.5,       1.14,       2.88
    0,    18,     3,      68.43,      72.27,       0.00,    17185.9,       1.08,       2.91
    0,    18,     4,      43.74,      72.55,       0.00,     7997.4,       1.08,       2.94
    0,    18,     5,      86.12,      73.57,       0.00,     8787.7,       1.08,       3.00
    0,    18,     6,     136.77,      74.37,       0.00,    13480.6,       1.10,       2.96
    0,    18,     7,     103.59,      77.93,       0.00,    11186.8,       1.09,       3.02
    0,    18,     8,      70.03,     110.88,       0.00,    11830.0,       1.10,       2.99
    0,    18,     9,     112.72,     130.82,       0.00,    13806.6,       1.08,       2.87
    0,    18,    10,      94.98,     137.70,       0.00,     8620.0,       1.09,       2.90
    0,    18,    11,     101.81,     163.68,       0.00,     7286.7,       1.11,       2.90
    0,    19,     1,       9.02,      14.09,       0.00,     2554.3,       1.07,       2.94
    0,    19,     2,      29.24,      30.60,       0.00,    16006.5,       1.14,       2.86
    0,    19,     3,      68.43,      72.29,       0.00,    17627.6,       1.10,       2.96
    0,    19,     4,      43.75,      72.58,       0.00,     8010.9,       1.09,       2.88
    0,    19,     5,      86.12,      73.55,       0.00,     8873.4,       1.11,       2.96
    0,    19,     6,     136.77,      74.39,       0.00,    13666.1,       1.08,       2.92
    0,    19,     7,     103.59,      77.93,       0.00,    10926.6,       1.07,       2.95
    0,    19,     8,      70.04,     110.92,       0.00,    11751.7,       1.09,       2.89
    0,    19,     9,     112.71,     130.85,       0.00,    14074.2,       1.12,       2.89
    0,    19,    10,      95.00,     137.62,       0.00,     8445.0,       1.06,       2.95
    0,    19,    11,     101.83,     163.89,       0.00,     7243.6,       1.11,       2.87
    0,    20,     1,       9.06,      14.10,       0.00,     2764.5,       1.08,       3.01
    0,    20,     2,      29.24,      30.50,       0.00,    15780.8,       1.11,       2.87
    0,    20,     3,      68.41,      72.28,       0.00,    17559.3,       1.10,       2.94
    0,    20,     4,      43.74,      72.48,       0.00,     7946.1,       1.06,       2.89
    0,    20,     5,      86.10,      73.48,       0.00,     8488.7,       1.05,       2.93
    0,    20,     6,     136.79,      74.36,       0.00,    13916.1,       1.10,       2.99
    0,    20,     7,     103.58,      77.90,       0.00,    11547.6,       1.08,       2.96
    0,    20,     8,      70.04,     110.93,       0.00,    11740.6,       1.09,       2.95
    0,    20,     9,     112.70,     130.78,       0.00,    13665.3,       1.10,       2.86
    0,    20,    10,      94.99,     137.64,       0.00,     8767.6,       1.09,       2.88
    0,    20,    11,     101.84,     163.74,       0.00,     7041.0,       1.05,       2.82
    0,    21,     1,       9.02,      14.17,       0.00,     2651.8,       1.04,       2.91
    0,    21,     2,      29.23,      30.55,       0.00,    15692.4,       1.12,       2.84
    0,    21,     3,      68.43,      72.23,       0.00,    17407.2,       1.07,       2.96
    0,    21,     4,      43.76,      72.52,       0.00,     7908.2,       1.11,       2.87
    0,    21,     5,      86.16,      73.62,       0.00,     8791.7,       1.08,       3.06
    0,    21,     6,     136.79,      74.40,       0.00,    13541.8,       1.10,       2.92
    0,    21,     7,     103.61,      77.93,       0.00,    11017.9,       1.07,       2.98
    0,    21,     8,      70.04,     110.84,       0.00,    11939.8,       1.11,       2.95
    0,    21,     9,     112.71,     130.77,       0.00,    13807.7,       1.11,       2.89
    0,    21,    10,      94.98,     137.57,       0.00,     8411.8,       1.05,       2.91
    0,    21,    11,     101.81,     163.68,       0.00,     7446.4,       1.13,       2.87
    0,    22,     1,       9.01,      14.14,       0.00,     2583.8,       0.99,       2.95
    0,    22,     2,      29.24,      30.59,       0.00,    15972.5,       1.12,       2.83
    0,    22,     3,      68.43,      72.25,       0.00,    17543.8,       1.09,       2.95
    0,    22,     4,      43.74,      72.58,       0.00,     8050.8,       1.09,       2.95
    0,    22,     5,      86.12,      73.51,       0.00,     8780.1,       1.10,       2.98
    0,    22,     6,     136.77,      74.43,       0.00,    13708.7,       1.11,       3.00
    0,    22,     7,     103.58,      77.86,       0.00,    11081.9,       1.08,       2.95
    0,    22,     8,      70.02,     110.88,       0.00,    11977.8,       1.09,       2.90
    0,    22,     9,     112.72,     130.77,       0.00,    13992.1,       1.12,       2.89
    0,    22,    10,      94.98,     137.63,       0.00,     8570.3,       1.07,       2.85
    0,    22,    11,     101.79,     163.76,       0.00,     7278.5,       1.10,       2.85
    0,    23,     1,       8.98,      14.08,       0.00,     2486.1,       0.99,       2.81
    0,    23,     2,      29.25,      30.59,       0.00,    15806.6,       1.13,       2.87
    0,    23,     3,      68.43,      72.28,       0.00,    17232.0,       1.11,       3.01
    0,    23,     4,      43.76,      72.59,       0.00,     7939.5,       1.08,       2.94
    0,    23,     5,      86.14,      73.46,       0.00,     9068.3,       1.07,       3.03
    0,    23,     6,     136.79,      74.39,       0.00,    13528.3,       1.10,       3.01
    0,    23,     7,     103.60,      77.99,       0.00,    11206.3,       1.09,       3.02
    0,    23,     8,      70.03,     110.87,       0.00,    12154.5,       1.11,       2.96
    0,    23,     9,     112.73,     130.76,       0.00,    13984.3,       1.11,       2.93
    0,    23,    10,      95.00,     137.59,       0.00,     8619.3,       1.07,       2.92
    0,    23,    11,     101.80,     163.70,       0.00,     7328.7,       1.12,       2.87
    0,    24,     1,       8.99,      13.89,       0.00,     2826.4,       1.09,       2.95
    0,    24,     2,      29.23,      30.55,       0.00,    15932.1,       1.12,       2.82
    0,    24,     3,      68.43,      72.33,       0.00,    17542.4,       1.08,       3.00
    0,    24,     4,      43.78,      72.58,       0.00,     7767.0,       1.11,       2.95
    0,    24,     5,      86.13,      73.54,       0.00,     8799.1,       1.08,       3.07
    0,    24,     6,     136.77,      74.35,       0.00,    13234.2,       1.09,       2.99
    0,    24,     7,     103.61,      77.95,       0.00,    11062.4,       1.09,       3.00
    0,    24,     8,      70.04,     110.90,       0.00,    11885.3,       1.09,       2.92
    0,    24,     9,     112.73,     130.80,       0.00,    14022.7,       1.12,       2.88
    0,    24,    10,      94.98,     137.62,       0.00,     8322.9,       1.07,       2.84
    0,    24,    11,     101.80,     163.74,       0.00,     7206.3,       1.05,       2.83
    0,    25,     1,       8.96,      14.11,       0.00,     2696.3,       1.01,       2.91
    0,    25,     2,      29.23,      30.54,       0.00,    15871.9,       1.13,       2.89
    0,    25,     3,      68.46,      72.33,       0.00,    17648.8,       1.10,       3.04
    0,    25,     4,      43.75,      72.51,       0.00,     7820.5,       1.06,       2.88
    0,    25,     5,      86.11,      73.60,       0.00,     8805.9,       1.09,       3.07
    0,    25,     6,     136.76,      74.34,       0.00,    13588.9,       1.11,       2.98
    0,    25,     7,     103.60,      77.87,       0.00,    11081.1,       1.08,       3.04
    0,    25,     8,      70.06,     110.91,       0.00,    12066.9,       1.10,       2.95
    0,    25,     9,     112.71,     130.81,       0.00,    14161.1,       1.12,       2.95
    0,    25,    10,      94.99,     137.56,       0.00,     8297.2,       1.06,       2.86
    0,    25,    11,     101.83,     163.85,       0.00,     7287.1,       1.10,       2.88
    0,    26,     1,       8.98,      14.09,       0.00,     2691.1,       1.07,       3.00
    0,    26,     2,      29.22,      30.49,       0.00,    15657.8,       1.11,       2.89
    0,    26,     3,      68.42,      72.26,       0.00,    17747.5,       1.07,       2.95
    0,    26,     4,      43.75,      72.53,       0.00,     7971.2,       1.07,       2.88
    0,    26,     5,      86.13,      73.58,       0.00,     8790.6,       1.10,       3.04
    0,    26,     6,     136.77,      74.30,       0.00,    13598.5,       1.10,       3.01
    0,    26,     7,     103.58,      77.89,       0.00,    10881.8,       1.08,       2.97
    0,    26,     8,      70.03,     110.97,       0.00,    12150.1,       1.09,       2.90
    0,    26,     9,     112.71,     130.76,       0.00,    14074.5,       1.13,       2.88
    0,    26,    10,      94.97,     137.57,       0.00,     8329.7,       1.08,       3.01
    0,    26,    11,     101.82,     163.87,       0.00,     7374.7,       1.09,       2.86
    0,    27,     1,       8.99,      14.08,       0.00,     2655.5,       1.02,       3.01
    0,    27,     2,      29.22,      30.54,       0.00,    15630.9,       1.10,       2.89
    0,    27,     3,      68.41,      72.28,       0.00,    17592.9,       1.10,       3.00
    0,    27,     4,      43.77,      72.56,       0.00,     7997.5,       1.09,       2.82
    0,    27,     5,      86.13,      73.64,       0.00,     8931.8,       1.08,       2.98
    0,    27,     6,     136.77,      74.31,       0.00,    13764.7,       1.10,       2.99
    0,    27,     7,     103.58,      77.83,       0.00,    10825.0,       1.07,       3.05
    0,    27,     8,      70.03,     110.94,       0.00,    11886.3,       1.09,       2.95
    0,    27,     9,     112.72,     130.73,       0.00,    13811.2,       1.10,       2.91
    0,    27,    10,      95.01,     137.68,       0.00,     8603.6,       1.10,       2.93
    0,    27,    11,     101.82,     163.72,       0.00,     7294.5,       1.07,       2.85
    0,    28,     1,       9.06,      14.01,       0.00,     2711.1,       1.06,       2.91
    0,    28,     2,      29.24,      30.51,       0.00,    15675.4,       1.11,       2.85
    0,    28,     3,      68.44,      72.30,       0.00,    17523.5,       1.09,       2.97
    0,    28,     4,      43.74,      72.52,       0.00,     7972.0,       1.07,       2.91
    0,    28,     5,      86.11,      73.46,       0.00,     8729.5,       1.09,       3.03
    0,    28,     6,     136.76,      74.34,       0.00,    13774.1,       1.10,       3.02
    0,    28,     7,     103.58,      77.92,       0.00,    10844.7,       1.09,       3.01
    0,    28,     8,      70.03,     110.92,       0.00,    11408.7,       1.09,       2.95
    0,    28,     9,     112.68,     130.78,       0.00,    14001.2,       1.11,       2.89
    0,    28,    10,      95.01,     137.66,       0.00,     8254.8,       1.06,       2.93
    0,    28,    11,     101.83,     163.80,       0.00,     7099.9,       1.05,       2.93
    0,    29,     1,       8.98,      14.05,       0.00,     2728.1,       1.07,       2.97
    0,    29,     2,      29.25,      30.48,       0.00,    15821.3,       1.13,       2.87
    0,    29,     3,      68.43,      72.23,       0.00,    17464.9,       1.09,       2.98
    0,    29,     4,      43.75,      72.49,       0.00,     8034.8,       1.07,       2.97
    0,    29,     5,      86.14,      73.55,       0.00,     8696.3,       1.04,       2.96
    0,    29,     6,     136.76,      74.32,       0.00,    13501.5,       1.08,       2.94
    0,    29,     7,     103.63,      77.90,       0.00,    10738.4,       1.06,       2.99
    0,    29,     8,      70.03,     110.83,       0.00,    11525.3,       1.08,       2.99
    0,    29,     9,     112.72,     130.76,       0.00,    13783.5,       1.12,       2.92
    0,    29,    10,      94.98,     137.62,       0.00,     8507.3,       1.09,       2.91
    0,    29,    11,     101.81,     163.80,       0.00,     7098.7,       1.09,       2.80
    0,    30,     1,       8.98,      13.99,       0.00,     2626.9,       1.01,       2.90
    0,    30,     2,      29.24,      30.49,       0.00,    15434.7,       1.14,       2.86
    0,    30,     3,      68.43,      72.28,       0.00,    17547.5,       1.09,       3.00
    0,    30,     4,      43.74,      72.49,       0.00,     7962.5,       1.05,       2.84
    0,    30,     5,      86.13,      73.56,       0.00,     8613.4,       1.09,       2.93
    0,    30,     6,     136.76,      74.32,       0.00,    13632.8,       1.10,       2.96
    0,    30,     7,     103.58,      77.86,       0.00,    10799.1,       1.08,       2.97
    0,    30,     8,      70.05,     110.93,       0.00,    11302.7,       1.11,       2.93
    0,    30,     9,     112.71,     130.69,       0.00,    14054.6,       1.11,       2.86
    0,    30,    10,      94.98,     137.61,       0.00,     8293.0,       1.07,       2.88
    0,    30,    11,     101.80,     163.79,       0.00,     7188.5,       1.07,       2.84
    0,    31,     1,       9.03,      14.20,       0.00,     2646.0,       1.04,       2.85
    0,    31,     2,      29.24,      30.51,       0.00,    15291.5,       1.12,       2.88
    0,    31,     3,      68.43,      72.27,       0.00,    17512.0,       1.10,       2.99
    0,    31,     4,      43.74,      72.56,       0.00,     7952.7,       1.08,       2.95
    0,    31,     5,      86.09,      73.59,       0.00,     8632.5,       1.10,       3.04
    0,    31,     6,     136.77,      74.36,       0.00,    13789.4,       1.11,       3.01
    0,    31,     7,     103.57,      77.86,       0.00,    10873.7,       1.08,       3.03
    0,    31,     8,      70.03,     110.93,       0.00,    11179.9,       1.11,       2.87
    0,    31,     9,     112.69,     130.75,       0.00,    13669.7,       1.08,       2.86
    0,    31,    10,      95.03,     137.61,       0.00,     8216.8,       1.08,       2.89
    0,    31,    11,     101.82,     163.82,       0.00,     7305.4,       1.09,       2.88
    0,    32,     1,       8.99,      14.00,       0.00,     2621.9,       1.08,       2.88
    0,    32,     2,      29.24,      30.50,       0.00,    15231.7,       1.12,       2.84
    0,    32,     3,      68.43,      72.27,       0.00,    17663.9,       1.09,       2.99
    0,    32,     4,      43.74,      72.62,       0.00,     8199.4,       1.09,       2.89
    0,    32,     5,      86.13,      73.50,       0.00,     8777.2,       1.12,       2.99
    0,    32,     6,     136.78,      74.32,       0.00,    13475.3,       1.10,       3.00
    0,    32,     7,     103.59,      77.91,       0.00,    10746.1,       1.08,       2.96
    0,    32,     8,      70.01,     110.85,       0.00,    11356.5,       1.09,       2.92
    0,    32,     9,     112.73,     130.83,       0.00,    14213.4,       1.13,       2.93
    0,    32,    10,      95.00,     137.53,       0.00,     8432.9,       1.10,       2.98
    0,    32,    11,     101.82,     163.77,       0.00,     7262.0,       1.11,       2.84
    0,    33,     1,       8.96,      14.11,       0.00,     2686.9,       1.09,       2.86
    0,    33,     2,      29.22,      30.54,       0.00,    15277.3,       1.12,       2.88
    0,    33,     3,      68.42,      72.27,       0.00,    17776.9,       1.10,       3.03
    0,    33,     4,      43.75,      72.55,       0.00,     8102.6,       1.07,       2.97
    0,    33,     5,      86.12,      73.54,       0.00,     8628.7,       1.11,       3.02
    0,    33,     6,     136.78,      74.37,       0.00,    13782.3,       1.10,       2.93
    0,    33,     7,     103.55,      77.88,       0.00,    10706.8,       1.07,       2.97
    0,    33,     8,      70.01,     110.92,       0.00,    11467.1,       1.09,       2.93
    0,    33,     9,     112.70,     130.73,       0.00,    14110.2,       1.07,       2.93
    0,    33,    10,      94.98,     137.57,       0.00,     8198.4,       1.08,       2.92
    0,    33,    11,     101.80,     163.69,       0.00,     7217.1,       1.10,       2.79
    0,    34,     1,       9.01,      14.00,       0.00,     2592.1,       1.01,       2.85
    0,    34,     2,      29.24,      30.49,       0.00,    15589.7,       1.12,       2.85
    0,    34,     3,      68.42,      72.27,       0.00,    17550.7,       1.08,       2.92
    0,    34,     4,      43.75,      72.52,       0.00,     8112.2,       1.06,       2.89
    0,    34,     5,      86.13,      73.50,       0.00,     8368.7,       1.06,       2.99
    0,    34,     6,     136.75,      74.36,       0.00,    13819.0,       1.10,       2.96
    0,    34,     7,     103.56,      77.85,       0.00,    10668.5,       1.06,       2.93
    0,    34,     8,      70.03,     110.92,       0.00,    11851.8,       1.12,       2.95
    0,    34,     9,     112.71,     130.81,       0.00,    14338.2,       1.13,       2.89
    0,    34,    10,      95.00,     137.62,       0.00,     8461.3,       1.08,       2.87
    0,    34,    11,     101.80,     163.66,       0.00,     7249.5,       1.07,       2.80
    0,    35,     1,       8.99,      14.04,       0.00,     2695.0,       1.06,       2.99
    0,    35,     2,      29.24,      30.49,       0.00,    15588.7,       1.13,       2.89
    0,    35,     3,      68.43,      72.26,       0.00,    17870.5,       1.11,       3.02
    0,    35,     4,      43.75,      72.51,       0.00,     8168.4,       1.06,       2.88
    0,    35,     5,      86.14,      73.48,       0.00,     8334.6,       1.07,       3.00
    0,    35,     6,     136.76,      74.36,       0.00,    13882.7,       1.11,       2.99
    0,    35,     7,     103.59,      77.88,       0.00,    10847.5,       1.09,       3.02
    0,    35,     8,      70.01,     110.86,       0.00,    11757.0,       1.09,       2.90
    0,    35,     9,     112.73,     130.79,       0.00,    13863.8,       1.12,       2.89
    0,    35,    10,      94.99,     137.64,       0.00,     8626.4,       1.10,       2.90
    0,    35,    11,     101.83,     163.80,       0.00,     7255.5,       1.11,       2.89
    0,    36,     1,       9.02,      14.13,       0.00,     2530.5,       1.01,       2.83
    0,    36,     2,      29.25,      30.55,       0.00,    15543.4,       1.12,       2.84
    0,    36,     3,      68.42,      72.29,       0.00,    17594.5,       1.10,       2.99
    0,    36,     4,      43.75,      72.52,       0.00,     7754.6,       1.06,       2.81
    0,    36,     5,      86.10,      73.48,       0.00,     8525.9,       1.08,       2.99
    0,    36,     6,     136.76,      74.36,       0.00,    13537.3,       1.10,       2.96
    0,    36,     7,     103.57,      77.89,       0.00,    11155.9,       1.09,       3.00
    0,    36,     8,      70.02,     110.88,       0.00,    11662.0,       1.09,       2.97
    0,    36,     9,     112.71,     130.69,       0.00,    14127.4,       1.12,       2.94
    0,    36,    10,      94.98,     137.63,       0.00,     8378.2,       1.06,       2.85
    0,    36,    11,     101.79,     163.76,       0.00,     7189.2,       1.07,       2.85
    0,    37,     1,       9.04,      14.05,       0.00,     2516.4,       0.97,       2.98
    0,    37,     2,      29.23,      30.52,       0.00,    15391.3,       1.12,       2.86
    0,    37,     3,      68.42,      72.27,       0.00,    17304.6,       1.08,       2.98
    0,    37,     4,      43.77,      72.49,       0.00,     8054.1,       1.06,       2.86
    0,    37,     5,      86.11,      73.50,       0.00,     8435.7,       1.08,       2.97
    0,    37,     6,     136.79,      74.39,       0.00,    13976.5,       1.10,       3.02
    0,    37,     7,     103.57,      77.87,       0.00,    10968.9,       1.05,       3.02
    0,    37,     8,      70.04,     110.91,       0.00,    11667.9,       1.09,       2.94
    0,    37,     9,     112.72,     130.83,       0.00,    13857.3,       1.12,       2.87
    0,    37,    10,      94.96,     137.58,       0.00,     8346.2,       1.08,       2.90
    0,    37,    11,     101.82,     163.75,       0.00,     7476.0,       1.08,       2.88
    0,    38,     1,       8.99,      14.07,       0.00,     2584.5,       1.02,       2.88
    0,    38,     2,      29.22,      30.54,       0.00,    15167.9,       1.12,       2.83
    0,    38,     3,      68.41,      72.28,       0.00,    17310.1,       1.09,       2.98
    0,    38,     4,      43.76,      72.58,       0.00,     8053.3,       1.08,       2.91
    0,    38,     5,      86.12,      73.49,       0.00,     8434.7,       1.08,       2.95
    0,    38,     6,     136.78,      74.33,       0.00,    13697.5,       1.09,       2.99
    0,    38,     7,     103.57,      77.90,       0.00,    10983.3,       1.07,       2.95
    0,    38,     8,      70.01,     110.92,       0.00,    11585.0,       1.09,       2.94
    0,    38,     9,     112.70,     130.85,       0.00,    13952.2,       1.13,       2.86
    0,    38,    10,      95.01,     137.60,       0.00,     8309.2,       1.07,       2.84
    0,    38,    11,     101.80,     163.72,       0.00,     7335.5,       1.11,       2.87
    0,    39,     1,       9.04,      14.06,       0.00,     2796.0,       1.07,       2.84
    0,    39,     2,      29.25,      30.54,       0.00,    15499.1,       1.13,       2.87
    0,    39,     3,      68.41,      72.30,       0.00,    17292.3,       1.10,       2.96
    0,    39,     4,      43.75,      72.54,       0.00,     7708.6,       1.07,       2.86
    0,    39,     5,      86.12,      73.60,       0.00,     8669.8,       1.11,       3.06
    0,    39,     6,     136.77,      74.31,       0.00,    14016.8,       1.10,       2.92
    0,    39,     7,     103.55,      77.90,       0.00,    11019.1,       1.09,       2.97
    0,    39,     8,      70.03,     110.91,       0.00,    11804.5,       1.11,       2.95
    0,    39,     9,     112.71,     130.76,       0.00,    13908.0,       1.11,       2.88
    0,    39,    10,      95.00,     137.56,       0.00,     8362.9,       1.07,       2.88
    0,    39,    11,     101.80,     163.78,       0.00,     7060.3,       1.05,       2.80
    0,    40,     1,       8.96,      14.06,       0.00,     2716.3,       1.09,       2.89
    0,    40,     2,      29.23,      30.57,       0.00,    15514.1,       1.12,       2.90
    0,    40,     3,      68.39,      72.33,       0.00,    17492.8,       1.09,       3.01
    0,    40,     4,      43.76,      72.54,       0.00,     8051.1,       1.06,       2.97
    0,    40,     5,      86.14,      73.52,       0.00,     9111.7,       1.11,       3.01
    0,    40,     6,     136.79,      74.37,       0.00,    13848.9,       1.11,       3.00
    0,    40,     7,     103.56,      77.91,       0.00,    11164.1,       1.08,       2.97
    0,    40,     8,      70.02,     110.91,       0.00,    12050.7,       1.12,       2.96
    0,    40,     9,     112.70,     130.82,       0.00,    14077.4,       1.10,       2.90
    0,    40,    10,      95.03,     137.61,       0.00,     8393.6,       1.09,       2.88
    0,    40,    11,     101.79,     163.72,       0.00,     7368.1,       1.07,       2.79
    0,    41,     1,       9.01,      14.02,       0.00,     2763.2,       1.06,       2.98
    0,    41,     2,      29.21,      30.54,       0.00,    15483.2,       1.13,       2.87
    0,    41,     3,      68.42,      72.28,       0.00,    17338.9,       1.09,       2.96
    0,    41,     4,      43.74,      72.44,       0.00,     7739.7,       1.08,       2.81
    0,    41,     5,      86.13,      73.49,       0.00,     8841.7,       1.08,       2.98
    0,    41,     6,     136.75,      74.34,       0.00,    13499.1,       1.11,       2.98
    0,    41,     7,     103.59,      77.96,       0.00,    11737.6,       1.09,       3.00
    0,    41,     8,      70.01,     110.93,       0.00,    11586.8,       1.10,       2.93
    0,    41,     9,     112.70,     130.81,       0.00,    13993.2,       1.10,       2.85
    0,    41,    10,      94.99,     137.56,       0.00,     8336.7,       1.08,       2.92
    0,    41,    11,     101.80,     163.76,       0.00,     7208.0,       1.09,       2.83
    0,    42,     1,       9.01,      14.02,       0.00,     2763.2,       1.06,       2.98
    0,    42,     2,      29.21,      30.54,       0.00,    15483.2,       1.13,       2.87
    0,    42,     3,      68.42,      72.28,       0.00,    17338.9,       1.09,       2.96
    0,    42,     4,      43.74,      72.44,       0.00,     7739.7,       1.08,       2.81
    0,    42,     5,      86.13,      73.49,       0.00,     8841.7,       1.08,       2.98
    0,    42,     6,     136.75,      74.34,       0.00,    13499.1,       1.11,       2.98
    0,    42,     7,     103.59,      77.96,       0.00,    11737.6,       1.09,       3.00
    0,    42,     8,      70.01,     110.93,       0.00,    11586.8,       1.10,       2.93
    0,    42,     9,     112.70,     130.81,       0.00,    13993.2,       1.10,       2.85
    0,    42,    10,      94.99,     137.56,       0.00,     8336.7,       1.08,       2.92
    0,    42,    11,     101.80,     163.76,       0.00,     7208.0,       1.09,       2.83
