#stackID(UINT32), frameID(UINT32), eventID(UINT32), x0(float), y0(float), z0(float), photon_count0(float), sigmaX0(float), sigmaY0(float) 
    0,     0,     1,       8.92,      13.84,       0.00,     2679.2,       1.06,       3.12
    0,     0,     2,      29.18,      30.57,       0.00,    16217.2,       1.12,       3.09
    0,     0,     3,      68.38,      72.29,       0.00,    18760.3,       1.12,       3.24
    0,     0,     4,      43.68,      72.45,       0.00,     8735.9,       1.09,       3.23
    0,     0,     5,      86.06,      73.43,       0.00,     9716.4,       1.11,       3.28
    0,     0,     6,     136.74,      74.29,       0.00,    14516.9,       1.10,       3.23
    0,     0,     7,     103.48,      77.74,       0.00,    11304.2,       1.08,       3.19
    0,     0,     8,      69.92,     110.89,       0.00,    11344.6,       1.10,       3.25
    0,     0,     9,     112.65,     130.75,       0.00,    14917.6,       1.11,       3.16
    0,     0,    10,      94.92,     137.63,       0.00,     8682.5,       1.08,       3.11
    0,     0,    11,     101.77,     163.84,       0.00,     7613.3,       1.10,       3.10
    0,     1,     1,       8.94,      13.94,       0.00,     2778.1,       1.07,       3.24
    0,     1,     2,      29.17,      30.55,       0.00,    15969.2,       1.11,       3.11
    0,     1,     3,      68.36,      72.21,       0.00,    18602.8,       1.11,       3.20
    0,     1,     4,      43.67,      72.49,       0.00,     8458.2,       1.10,       3.09
    0,     1,     5,      86.04,      73.47,       0.00,     9706.2,       1.08,       3.33
    0,     1,     6,     136.70,      74.32,       0.00,    13991.8,       1.12,       3.27
    0,     1,     7,     103.50,      77.80,       0.00,    11652.3,       1.10,       3.26
    0,     1,     8,      69.94,     110.90,       0.00,    10993.9,       1.07,       3.18
    0,     1,     9,     112.65,     130.74,       0.00,    14193.2,       1.10,       3.11
    0,     1,    10,      94.95,     137.65,       0.00,     8619.0,       1.09,       3.09
    0,     1,    11,     101.73,     163.82,       0.00,     7760.6,       1.11,       3.11
    0,     2,     1,       8.98,      14.07,       0.00,     2622.4,       1.08,       3.07
    0,     2,     2,      29.16,      30.50,       0.00,    15708.9,       1.13,       3.11
    0,     2,     3,      68.33,      72.26,       0.00,    18497.7,       1.11,       3.25
    0,     2,     4,      43.69,      72.47,       0.00,     8311.5,       1.10,       3.15
    0,     2,     5,      86.06,      73.48,       0.00,     9425.0,       1.09,       3.31
    0,     2,     6,     136.70,      74.35,       0.00,    13612.8,       1.10,       3.23
    0,     2,     7,     103.52,      77.91,       0.00,    11041.3,       1.10,       3.22
    0,     2,     8,      69.92,     110.89,       0.00,    10910.1,       1.10,       3.17
    0,     2,     9,     112.65,     130.72,       0.00,    14548.3,       1.13,       3.12
    0,     2,    10,      94.94,     137.64,       0.00,     8730.7,       1.08,       3.14
    0,     2,    11,     101.76,     163.88,       0.00,     7531.5,       1.09,       3.10
    0,     3,     1,       8.97,      14.00,       0.00,     2864.7,       1.11,       3.34
    0,     3,     2,      29.16,      30.57,       0.00,    15969.7,       1.13,       3.19
    0,     3,     3,      68.35,      72.19,       0.00,    18596.6,       1.11,       3.28
    0,     3,     4,      43.67,      72.48,       0.00,     8004.7,       1.09,       3.19
    0,     3,     5,      86.06,      73.46,       0.00,     9320.2,       1.07,       3.33
    0,     3,     6,     136.69,      74.33,       0.00,    13576.6,       1.13,       3.23
    0,     3,     7,     103.53,      77.86,       0.00,    11142.2,       1.12,       3.30
    0,     3,     8,      69.92,     110.95,       0.00,    10881.3,       1.10,       3.18
    0,     3,     9,     112.63,     130.77,       0.00,    14415.9,       1.14,       3.16
    0,     3,    10,      94.90,     137.56,       0.00,     8261.0,       1.07,       3.12
    0,     3,    11,     101.72,     163.63,       0.00,     7441.4,       1.08,       3.07
    0,     4,     1,       8.97,      14.05,       0.00,     2564.5,       1.01,       3.04
    0,     4,     2,      29.17,      30.64,       0.00,    15824.1,       1.13,       3.15
    0,     4,     3,      68.37,      72.16,       0.00,    18151.0,       1.09,       3.22
    0,     4,     4,      43.66,      72.62,       0.00,     8127.5,       1.09,       3.12
    0,     4,     5,      86.05,      73.46,       0.00,     9449.0,       1.12,       3.28
    0,     4,     6,     136.73,      74.37,       0.00,    13754.2,       1.11,       3.21
    0,     4,     7,     103.52,      77.84,       0.00,    11261.0,       1.09,       3.37
    0,     4,     8,      69.94,     110.91,       0.00,    10573.2,       1.08,       3.14
    0,     4,     9,     112.65,     130.75,       0.00,    14351.7,       1.10,       3.09
    0,     4,    10,      94.91,     137.57,       0.00,     8589.3,       1.09,       3.14
    0,     4,    11,     101.74,     163.76,       0.00,     7650.7,       1.11,       3.11
    0,     5,     1,       8.95,      14.09,       0.00,     2698.6,       1.07,       3.34
    0,     5,     2,      29.16,      30.56,       0.00,    15636.7,       1.14,       3.09
    0,     5,     3,      68.37,      72.28,       0.00,    18326.8,       1.11,       3.21
    0,     5,     4,      43.67,      72.50,       0.00,     8142.2,       1.09,       3.13
    0,     5,     5,      86.05,      73.51,       0.00,     9386.8,       1.11,       3.23
    0,     5,     6,     136.70,      74.34,       0.00,    13614.9,       1.11,       3.19
    0,     5,     7,     103.50,      77.77,       0.00,    10752.6,       1.07,       3.32
    0,     5,     8,      69.93,     110.86,       0.00,    10883.5,       1.10,       3.26
    0,     5,     9,     112.64,     130.70,       0.00,    14759.9,       1.13,       3.22
    0,     5,    10,      94.92,     137.64,       0.00,     8346.9,       1.07,       3.16
    0,     5,    11,     101.72,     163.71,       0.00,     7500.0,       1.09,       3.06
    0,     6,     1,       8.89,      14.03,       0.00,     2644.1,       1.10,       3.18
    0,     6,     2,      29.16,      30.46,       0.00,    15837.6,       1.12,       3.09
    0,     6,     3,      68.36,      72.27,       0.00,    17797.5,       1.09,       3.20
    0,     6,     4,      43.66,      72.52,       0.00,     8223.6,       1.08,       3.07
    0,     6,     5,      86.04,      73.57,       0.00,     9412.0,       1.10,       3.25
    0,     6,     6,     136.69,      74.34,       0.00,    13747.1,       1.13,       3.23
    0,     6,     7,     103.49,      77.80,       0.00,    10847.9,       1.10,       3.27
    0,     6,     8,      69.91,     110.92,       0.00,    10793.9,       1.09,       3.09
    0,     6,     9,     112.66,     130.77,       0.00,    14570.0,       1.13,       3.08
    0,     6,    10,      94.92,     137.56,       0.00,     8311.8,       1.07,       3.09
    0,     6,    11,     101.74,     163.77,       0.00,     7381.7,       1.09,       3.04
    0,     7,     1,       8.94,      14.02,       0.00,     2731.4,       1.09,       3.19
    0,     7,     2,      29.15,      30.50,       0.00,    15503.3,       1.13,       3.07
    0,     7,     3,      68.35,      72.28,       0.00,    17846.8,       1.12,       3.20
    0,     7,     4,      43.68,      72.52,       0.00,     8180.0,       1.06,       3.13
    0,     7,     5,      86.03,      73.52,       0.00,     9217.4,       1.09,       3.28
    0,     7,     6,     136.70,      74.35,       0.00,    13927.7,       1.12,       3.22
    0,     7,     7,     103.53,      77.88,       0.00,    10931.8,       1.08,       3.28
    0,     7,     8,      69.90,     110.92,       0.00,    10547.0,       1.07,       3.12
    0,     7,     9,     112.66,     130.82,       0.00,    14621.3,       1.11,       3.16
    0,     7,    10,      94.94,     137.57,       0.00,     8222.7,       1.09,       3.09
    0,     7,    11,     101.79,     163.75,       0.00,     7414.7,       1.08,       3.11
    0,     8,     1,       8.94,      14.01,       0.00,     2723.6,       1.09,       3.12
    0,     8,     2,      29.16,      30.56,       0.00,    15474.6,       1.13,       3.10
    0,     8,     3,      68.36,      72.27,       0.00,    17751.7,       1.08,       3.21
    0,     8,     4,      43.69,      72.58,       0.00,     8236.5,       1.08,       3.17
    0,     8,     5,      86.07,      73.55,       0.00,     9119.5,       1.10,       3.26
    0,     8,     6,     136.70,      74.32,       0.00,    13554.8,       1.11,       3.20
    0,     8,     7,     103.51,      77.82,       0.00,    10643.0,       1.08,       3.21
    0,     8,     8,      69.92,     110.88,       0.00,    10916.7,       1.10,       3.18
    0,     8,     9,     112.64,     130.75,       0.00,    14180.7,       1.12,       3.10
    0,     8,    10,      94.91,     137.57,       0.00,     8341.4,       1.08,       3.15
    0,     8,    11,     101.76,     163.84,       0.00,     7518.3,       1.10,       3.07
    0,     9,     1,       8.96,      14.20,       0.00,     2743.6,       1.04,       3.21
    0,     9,     2,      29.16,      30.54,       0.00,    15574.6,       1.12,       3.03
    0,     9,     3,      68.35,      72.28,       0.00,    17751.7,       1.10,       3.22
    0,     9,     4,      43.67,      72.58,       0.00,     8205.4,       1.09,       3.11
    0,     9,     5,      86.04,      73.54,       0.00,     8732.5,       1.07,       3.23
    0,     9,     6,     136.69,      74.32,       0.00,    13524.3,       1.09,       3.21
    0,     9,     7,     103.50,      77.87,       0.00,    10740.6,       1.10,       3.24
    0,     9,     8,      69.90,     110.92,       0.00,    10885.5,       1.07,       3.22
    0,     9,     9,     112.61,     130.74,       0.00,    14212.8,       1.11,       3.07
    0,     9,    10,      94.93,     137.61,       0.00,     8183.7,       1.05,       3.04
    0,     9,    11,     101.74,     163.79,       0.00,     7565.0,       1.11,       2.99
    0,    10,     1,       8.95,      14.11,       0.00,     2569.0,       1.10,       3.07
    0,    10,     2,      29.14,      30.57,       0.00,    15625.3,       1.12,       3.12
    0,    10,     3,      68.35,      72.22,       0.00,    18452.0,       1.13,       3.20
    0,    10,     4,      43.67,      72.51,       0.00,     8129.2,       1.08,       3.07
    0,    10,     5,      86.03,      73.52,       0.00,     8683.1,       1.06,       3.28
    0,    10,     6,     136.70,      74.40,       0.00,    13412.3,       1.11,       3.22
    0,    10,     7,     103.51,      77.90,       0.00,    10189.9,       1.05,       3.13
    0,    10,     8,      69.92,     110.85,       0.00,    10854.3,       1.09,       3.18
    0,    10,     9,     112.63,     130.72,       0.00,    13932.8,       1.09,       3.04
    0,    10,    10,      94.91,     137.71,       0.00,     8269.5,       1.08,       3.06
    0,    10,    11,     101.74,     163.77,       0.00,     7643.1,       1.13,       3.05
    0,    11,     1,       8.93,      14.02,       0.00,     2559.1,       1.02,       3.00
    0,    11,     2,      29.16,      30.55,       0.00,    15352.9,       1.15,       3.10
    0,    11,     3,      68.35,      72.28,       0.00,    17862.2,       1.12,       3.25
    0,    11,     4,      43.70,      72.46,       0.00,     8217.9,       1.06,       3.05
    0,    11,     5,      86.04,      73.55,       0.00,     8985.5,       1.11,       3.27
    0,    11,     6,     136.69,      74.31,       0.00,    13210.1,       1.11,       3.17
    0,    11,     7,     103.49,      77.89,       0.00,    10588.2,       1.06,       3.19
    0,    11,     8,      69.91,     110.91,       0.00,    10969.2,       1.10,       3.18
    0,    11,     9,     112.62,     130.75,       0.00,    14339.3,       1.12,       3.16
    0,    11,    10,      94.91,     137.60,       0.00,     8462.9,       1.11,       3.10
    0,    11,    11,     101.73,     163.74,       0.00,     7302.5,       1.11,       2.98
    0,    12,     1,       8.96,      14.12,       0.00,     2592.6,       1.06,       3.19
    0,    12,     2,      29.16,      30.58,       0.00,    15561.7,       1.14,       3.13
    0,    12,     3,      68.35,      72.30,       0.00,    17591.5,       1.10,       3.19
    0,    12,     4,      43.67,      72.49,       0.00,     8433.8,       1.08,       3.09
    0,    12,     5,      86.05,      73.58,       0.00,     8788.4,       1.09,       3.20
    0,    12,     6,     136.69,      74.39,       0.00,    13437.2,       1.10,       3.23
    0,    12,     7,     103.51,      77.89,       0.00,    11018.2,       1.10,       3.32
    0,    12,     8,      69.90,     110.83,       0.00,    10560.1,       1.10,       3.24
    0,    12,     9,     112.61,     130.74,       0.00,    14259.6,       1.12,       3.07
    0,    12,    10,      94.92,     137.59,       0.00,     8224.4,       1.08,       3.17
    0,    12,    11,     101.74,     163.81,       0.00,     7559.8,       1.09,       3.08
    0,    13,     1,       8.90,      14.09,       0.00,     2648.0,       1.12,       3.22
    0,    13,     2,      29.15,      30.60,       0.00,    15552.3,       1.13,       3.06
    0,    13,     3,      68.35,      72.26,       0.00,    17706.9,       1.10,       3.21
    0,    13,     4,      43.66,      72.54,       0.00,     8230.8,       1.08,       3.11
    0,    13,     5,      86.07,      73.59,       0.00,     8990.1,       1.09,       3.22
    0,    13,     6,     136.69,      74.36,       0.00,    13198.0,       1.09,       3.15
    0,    13,     7,     103.51,      77.90,       0.00,    10768.5,       1.10,       3.26
    0,    13,     8,      69.89,     110.94,       0.00,    10586.9,       1.07,       3.09
    0,    13,     9,     112.65,     130.71,       0.00,    14488.2,       1.13,       3.09
    0,    13,    10,      94.92,     137.63,       0.00,     8262.8,       1.05,       3.06
    0,    13,    11,     101.76,     163.80,       0.00,     7500.6,       1.09,       3.08
    0,    14,     1,       8.96,      14.02,       0.00,     2754.4,       1.02,       3.21
    0,    14,     2,      29.15,      30.53,       0.00,    15237.0,       1.11,       3.04
    0,    14,     3,      68.34,      72.25,       0.00,    17662.5,       1.10,       3.16
    0,    14,     4,      43.66,      72.57,       0.00,     8289.9,       1.09,       3.10
    0,    14,     5,      86.04,      73.52,       0.00,     8886.0,       1.08,       3.22
    0,    14,     6,     136.71,      74.37,       0.00,    13389.1,       1.10,       3.17
    0,    14,     7,     103.51,      77.88,       0.00,    10618.8,       1.07,       3.29
    0,    14,     8,      69.93,     110.89,       0.00,    10910.9,       1.11,       3.20
    0,    14,     9,     112.65,     130.81,       0.00,    14083.0,       1.12,       3.10
    0,    14,    10,      94.92,     137.58,       0.00,     8328.5,       1.08,       3.07
    0,    14,    11,     101.73,     163.70,       0.00,     7208.2,       1.07,       2.99
    0,    15,     1,       8.95,      14.05,       0.00,     2763.6,       1.04,       3.18
    0,    15,     2,      29.17,      30.59,       0.00,    15139.4,       1.13,       3.07
    0,    15,     3,      68.33,      72.22,       0.00,    17452.6,       1.10,       3.18
    0,    15,     4,      43.66,      72.46,       0.00,     8186.9,       1.07,       3.11
    0,    15,     5,      86.03,      73.49,       0.00,     8718.9,       1.08,       3.25
    0,    15,     6,     136.68,      74.38,       0.00,    13450.4,       1.09,       3.20
    0,    15,     7,     103.52,      77.93,       0.00,    10860.1,       1.10,       3.32
    0,    15,     8,      69.92,     110.89,       0.00,    10444.5,       1.08,       3.12
    0,    15,     9,     112.63,     130.75,       0.00,    14211.8,       1.13,       3.17
    0,    15,    10,      94.95,     137.63,       0.00,     8299.0,       1.07,       3.10
    0,    15,    11,     101.74,     163.78,       0.00,     7664.6,       1.11,       3.02
    0,    16,     1,       8.91,      14.07,       0.00,     2623.6,       1.03,       3.09
    0,    16,     2,      29.18,      30.53,       0.00,    15386.3,       1.14,       3.07
    0,    16,     3,      68.34,      72.30,       0.00,    17704.2,       1.09,       3.25
    0,    16,     4,      43.65,      72.49,       0.00,     8313.0,       1.08,       3.26
    0,    16,     5,      86.01,      73.56,       0.00,     9011.2,       1.09,       3.27
    0,    16,     6,     136.69,      74.39,       0.00,    13249.6,       1.11,       3.21
    0,    16,     7,     103.51,      77.85,       0.00,    10881.6,       1.10,       3.30
    0,    16,     8,      69.95,     110.93,       0.00,    10656.7,       1.10,       3.20
    0,    16,     9,     112.63,     130.73,       0.00,    14318.9,       1.13,       3.13
    0,    16,    10,      94.89,     137.65,       0.00,     8336.0,       1.10,       3.14
    0,    16,    11,     101.75,     163.80,       0.00,     7398.2,       1.07,       3.08
    0,    17,     1,       8.91,      14.05,       0.00,     2714.0,       1.04,       3.20
    0,    17,     2,      29.17,      30.53,       0.00,    15441.2,       1.11,       3.11
    0,    17,     3,      68.33,      72.29,       0.00,    17572.4,       1.06,       3.19
    0,    17,     4,      43.65,      72.52,       0.00,     8083.6,       1.07,       3.08
    0,    17,     5,      86.08,      73.58,       0.00,     8506.6,       1.09,       3.22
    0,    17,     6,     136.67,      74.33,       0.00,    13295.9,       1.12,       3.17
    0,    17,     7,     103.52,      77.85,       0.00,    10453.9,       1.08,       3.26
    0,    17,     8,      69.94,     110.95,       0.00,    10572.8,       1.09,       3.22
    0,    17,     9,     112.64,     130.75,       0.00,    14243.5,       1.12,       3.20
    0,    17,    10,      94.94,     137.61,       0.00,     8026.6,       1.07,       3.13
    0,    17,    11,     101.76,     163.79,       0.00,     7285.2,       1.08,       3.05
    0,    18,     1,       8.98,      14.08,       0.00,     2772.8,       1.09,       3.22
    0,    18,     2,      29.16,      30.54,       0.00,    15282.4,       1.12,       3.06
    0,    18,     3,      68.36,      72.25,       0.00,    17322.2,       1.12,       3.21
    0,    18,     4,      43.68,      72.53,       0.00,     8109.6,       1.08,       3.12
    0,    18,     5,      86.05,      73.59,       0.00,     8603.5,       1.09,       3.27
    0,    18,     6,     136.69,      74.28,       0.00,    13196.7,       1.09,       3.23
    0,    18,     7,     103.51,      77.86,       0.00,    10515.9,       1.10,       3.23
    0,    18,     8,      69.93,     110.95,       0.00,    10611.2,       1.09,       3.19
    0,    18,     9,     112.66,     130.80,       0.00,    14157.6,       1.12,       3.07
    0,    18,    10,      94.93,     137.63,       0.00,     8127.4,       1.08,       3.14
    0,    18,    11,     101.76,     163.75,       0.00,     7271.1,       1.07,       3.02
    0,    19,     1,       8.96,      14.04,       0.00,     2533.7,       1.05,       3.16
    0,    19,     2,      29.17,      30.55,       0.00,    15523.3,       1.14,       3.11
    0,    19,     3,      68.38,      72.30,       0.00,    17573.8,       1.09,       3.23
    0,    19,     4,      43.66,      72.56,       0.00,     8108.4,       1.09,       3.14
    0,    19,     5,      86.08,      73.62,       0.00,     8842.7,       1.09,       3.29
    0,    19,     6,     136.70,      74.31,       0.00,    13140.6,       1.09,       3.15
    0,    19,     7,     103.53,      77.88,       0.00,    10585.1,       1.10,       3.28
    0,    19,     8,      69.93,     110.98,       0.00,    10367.1,       1.08,       3.14
    0,    19,     9,     112.63,     130.73,       0.00,    14214.2,       1.13,       3.07
    0,    19,    10,      94.93,     137.69,       0.00,     8073.5,       1.07,       3.08
    0,    19,    11,     101.78,     163.66,       0.00,     7558.2,       1.10,       3.17
    0,    20,     1,       8.96,      14.20,       0.00,     2624.1,       1.06,       3.23
    0,    20,     2,      29.17,      30.55,       0.00,    15346.9,       1.13,       3.15
    0,    20,     3,      68.36,      72.31,       0.00,    17298.7,       1.09,       3.23
    0,    20,     4,      43.67,      72.46,       0.00,     7894.3,       1.08,       3.11
    0,    20,     5,      86.05,      73.61,       0.00,     8750.8,       1.09,       3.30
    0,    20,     6,     136.68,      74.31,       0.00,    13140.8,       1.09,       3.19
    0,    20,     7,     103.49,      77.89,       0.00,    10846.5,       1.08,       3.22
    0,    20,     8,      69.92,     110.96,       0.00,    10152.1,       1.10,       3.17
    0,    20,     9,     112.61,     130.80,       0.00,    14187.7,       1.12,       3.10
    0,    20,    10,      94.94,     137.66,       0.00,     8236.7,       1.10,       3.17
    0,    20,    11,     101.74,     163.79,       0.00,     7518.9,       1.09,       3.09
    0,    21,     1,       8.92,      14.02,       0.00,     2489.3,       1.06,       3.04
    0,    21,     2,      29.15,      30.51,       0.00,    15394.5,       1.12,       3.06
    0,    21,     3,      68.33,      72.28,       0.00,    17321.8,       1.09,       3.20
    0,    21,     4,      43.65,      72.53,       0.00,     7900.7,       1.05,       3.01
    0,    21,     5,      86.04,      73.50,       0.00,     8827.8,       1.09,       3.18
    0,    21,     6,     136.69,      74.35,       0.00,    13441.9,       1.10,       3.21
    0,    21,     7,     103.53,      77.88,       0.00,    10312.0,       1.08,       3.23
    0,    21,     8,      69.94,     110.93,       0.00,    10221.9,       1.11,       3.13
    0,    21,     9,     112.62,     130.72,       0.00,    14574.4,       1.12,       3.13
    0,    21,    10,      94.93,     137.56,       0.00,     8441.6,       1.08,       3.09
    0,    21,    11,     101.75,     163.76,       0.00,     7413.4,       1.11,       3.12
    0,    22,     1,       9.00,      14.03,       0.00,     2621.4,       1.15,       3.13
    0,    22,     2,      29.16,      30.58,       0.00,    15424.7,       1.11,       3.10
    0,    22,     3,      68.34,      72.24,       0.00,    17597.0,       1.10,       3.21
    0,    22,     4,      43.65,      72.52,       0.00,     7996.6,       1.06,       3.11
    0,    22,     5,      86.05,      73.54,       0.00,     8703.3,       1.10,       3.21
    0,    22,     6,     136.70,      74.30,       0.00,    13520.9,       1.11,       3.17
    0,    22,     7,     103.51,      77.89,       0.00,    10363.0,       1.08,       3.28
    0,    22,     8,      69.91,     111.00,       0.00,    10333.9,       1.12,       3.14
    0,    22,     9,     112.62,     130.78,       0.00,    14369.5,       1.11,       3.12
    0,    22,    10,      94.93,     137.67,       0.00,     8209.4,       1.06,       3.06
    0,    22,    11,     101.74,     163.84,       0.00,     7291.5,       1.06,       3.04
    0,    23,     1,       8.96,      14.10,       0.00,     2569.8,       1.03,       3.15
    0,    23,     2,      29.15,      30.55,       0.00,    15371.9,       1.12,       3.09
    0,    23,     3,      68.34,      72.26,       0.00,    17657.3,       1.10,       3.20
    0,    23,     4,      43.68,      72.53,       0.00,     7947.2,       1.07,       3.02
    0,    23,     5,      86.06,      73.58,       0.00,     8970.8,       1.11,       3.30
    0,    23,     6,     136.69,      74.36,       0.00,    13384.3,       1.12,       3.24
    0,    23,     7,     103.52,      77.84,       0.00,    10286.5,       1.10,       3.31
    0,    23,     8,      69.90,     110.92,       0.00,    10679.9,       1.09,       3.19
    0,    23,     9,     112.62,     130.74,       0.00,    14217.8,       1.11,       3.07
    0,    23,    10,      94.90,     137.63,       0.00,     8529.1,       1.08,       3.19
    0,    23,    11,     101.72,     163.86,       0.00,     7631.5,       1.11,       3.15
    0,    24,     1,       8.93,      14.10,       0.00,     2610.4,       1.09,       3.15
    0,    24,     2,      29.17,      30.65,       0.00,    15297.2,       1.11,       3.09
    0,    24,     3,      68.35,      72.30,       0.00,    17534.0,       1.08,       3.21
    0,    24,     4,      43.67,      72.55,       0.00,     7836.6,       1.08,       3.07
    0,    24,     5,      86.08,      73.51,       0.00,     8741.2,       1.09,       3.22
    0,    24,     6,     136.69,      74.27,       0.00,    13175.5,       1.09,       3.19
    0,    24,     7,     103.52,      77.83,       0.00,    10552.6,       1.10,       3.25
    0,    24,     8,      69.91,     110.90,       0.00,    10168.1,       1.09,       3.15
    0,    24,     9,     112.66,     130.71,       0.00,    14188.8,       1.10,       3.16
    0,    24,    10,      94.90,     137.58,       0.00,     8171.1,       1.07,       3.09
    0,    24,    11,     101.76,     163.77,       0.00,     7462.1,       1.08,       3.07
    0,    25,     1,       8.91,      13.99,       0.00,     2585.8,       1.05,       3.19
    0,    25,     2,      29.15,      30.57,       0.00,    15329.4,       1.13,       3.07
    0,    25,     3,      68.36,      72.24,       0.00,    17839.9,       1.11,       3.25
    0,    25,     4,      43.67,      72.59,       0.00,     8125.6,       1.10,       3.15
    0,    25,     5,      86.04,      73.63,       0.00,     8853.9,       1.11,       3.23
    0,    25,     6,     136.71,      74.37,       0.00,    13296.2,       1.08,       3.21
    0,    25,     7,     103.55,      77.93,       0.00,    10579.1,       1.10,       3.26
    0,    25,     8,      69.91,     110.88,       0.00,    10351.2,       1.10,       3.16
    0,    25,     9,     112.62,     130.68,       0.00,    14267.1,       1.10,       3.10
    0,    25,    10,      94.93,     137.60,       0.00,     8057.1,       1.09,       3.06
    0,    25,    11,     101.75,     163.75,       0.00,     7266.0,       1.08,       3.13
    0,    26,     1,       8.90,      14.12,       0.00,     2541.9,       1.03,       3.08
    0,    26,     2,      29.17,      30.56,       0.00,    15629.5,       1.12,       3.10
    0,    26,     3,      68.35,      72.27,       0.00,    17650.2,       1.11,       3.21
    0,    26,     4,      43.66,      72.54,       0.00,     7892.5,       1.09,       3.03
    0,    26,     5,      86.06,      73.46,       0.00,     8703.9,       1.09,       3.24
    0,    26,     6,     136.71,      74.37,       0.00,    13301.4,       1.10,       3.24
    0,    26,     7,     103.51,      77.87,       0.00,    10713.9,       1.08,       3.24
    0,    26,     8,      69.92,     110.95,       0.00,    10200.5,       1.09,       3.15
    0,    26,     9,     112.64,     130.75,       0.00,    14018.7,       1.12,       3.08
    0,    26,    10,      94.92,     137.62,       0.00,     8119.0,       1.06,       3.16
    0,    26,    11,     101.76,     163.78,       0.00,     7556.0,       1.09,       3.07
    0,    27,     1,       8.90,      14.14,       0.00,     2561.1,       1.06,       3.15
    0,    27,     2,      29.15,      30.53,       0.00,    15027.9,       1.11,       3.09
    0,    27,     3,      68.34,      72.27,       0.00,    17438.2,       1.09,       3.21
    0,    27,     4,      43.63,      72.45,       0.00,     7770.8,       1.06,       3.09
    0,    27,     5,      86.05,      73.55,       0.00,     8741.6,       1.10,       3.21
    0,    27,     6,     136.74,      74.34,       0.00,    13154.8,       1.11,       3.19
    0,    27,     7,     103.53,      77.87,       0.00,    10644.7,       1.09,       3.25
    0,    27,     8,      69.95,     110.90,       0.00,    10464.2,       1.12,       3.21
    0,    27,     9,     112.63,     130.77,       0.00,    13939.7,       1.11,       3.08
    0,    27,    10,      94.93,     137.60,       0.00,     7826.0,       1.06,       3.02
    0,    27,    11,     101.75,     163.77,       0.00,     7558.9,       1.10,       3.04
    0,    28,     1,       8.92,      14.07,       0.00,     2384.9,       1.04,       3.10
    0,    28,     2,      29.16,      30.61,       0.00,    15569.7,       1.14,       3.06
    0,    28,     3,      68.35,      72.23,       0.00,    17648.3,       1.10,       3.16
    0,    28,     4,      43.68,      72.57,       0.00,     7912.0,       1.06,       3.09
    0,    28,     5,      86.03,      73.54,       0.00,     8657.8,       1.10,       3.25
    0,    28,     6,     136.70,      74.23,       0.00,    12980.8,       1.07,       3.11
    0,    28,     7,     103.51,      77.88,       0.00,    10350.6,       1.07,       3.23
    0,    28,     8,      69.92,     110.94,       0.00,    10574.1,       1.11,       3.09
    0,    28,     9,     112.63,     130.73,       0.00,    14218.2,       1.10,       3.11
    0,    28,    10,      94.91,     137.56,       0.00,     8229.2,       1.06,       3.11
    0,    28,    11,     101.73,     163.86,       0.00,     7656.8,       1.09,       3.08
    0,    29,     1,       8.91,      14.10,       0.00,     2714.2,       1.06,       3.30
    0,    29,     2,      29.18,      30.63,       0.00,    15452.8,       1.13,       3.09
    0,    29,     3,      68.37,      72.29,       0.00,    17599.5,       1.11,       3.17
    0,    29,     4,      43.68,      72.62,       0.00,     8062.9,       1.10,       3.15
    0,    29,     5,      86.05,      73.55,       0.00,     8967.9,       1.10,       3.22
    0,    29,     6,     136.71,      74.39,       0.00,    13147.8,       1.10,       3.19
    0,    29,     7,     103.52,      77.81,       0.00,    10415.9,       1.09,       3.33
    0,    29,     8,      69.92,     110.97,       0.00,    10623.2,       1.10,       3.18
    0,    29,     9,     112.62,     130.74,       0.00,    14028.1,       1.12,       3.06
    0,    29,    10,      94.91,     137.55,       0.00,     8172.2,       1.09,       3.11
    0,    29,    11,     101.75,     163.82,       0.00,     7478.3,       1.08,       3.03
    0,    30,     1,       8.87,      14.12,       0.00,     2679.9,       1.10,       3.26
    0,    30,     2,      29.16,      30.58,       0.00,    15474.0,       1.14,       3.11
    0,    30,     3,      68.36,      72.29,       0.00,    17505.7,       1.10,       3.24
    0,    30,     4,      43.67,      72.57,       0.00,     8211.4,       1.10,       3.09
    0,    30,     5,      86.04,      73.50,       0.00,     8744.0,       1.09,       3.18
    0,    30,     6,     136.71,      74.39,       0.00,    13210.6,       1.09,       3.18
    0,    30,     7,     103.52,      77.87,       0.00,    10266.8,       1.09,       3.30
    0,    30,     8,      69.91,     110.92,       0.00,    10420.2,       1.08,       3.17
    0,    30,     9,     112.63,     130.72,       0.00,    14057.6,       1.10,       3.12
    0,    30,    10,      94.93,     137.73,       0.00,     8068.7,       1.07,       3.12
    0,    30,    11,     101.74,     163.69,       0.00,     7440.8,       1.10,       3.15
    0,    31,     1,       8.95,      14.09,       0.00,     2617.7,       1.08,       3.12
    0,    31,     2,      29.14,      30.58,       0.00,    15045.7,       1.11,       3.06
    0,    31,     3,      68.37,      72.33,       0.00,    17449.6,       1.09,       3.18
    0,    31,     4,      43.65,      72.49,       0.00,     7847.0,       1.08,       3.03
    0,    31,     5,      86.08,      73.60,       0.00,     8773.8,       1.07,       3.24
    0,    31,     6,     136.72,      74.29,       0.00,    13308.5,       1.12,       3.18
    0,    31,     7,     103.54,      77.94,       0.00,    10404.8,       1.09,       3.19
    0,    31,     8,      69.92,     110.96,       0.00,    10466.7,       1.11,       3.15
    0,    31,     9,     112.64,     130.74,       0.00,    14170.8,       1.07,       3.11
    0,    31,    10,      94.92,     137.62,       0.00,     8089.9,       1.09,       3.05
    0,    31,    11,     101.73,     163.81,       0.00,     7202.0,       1.08,       2.96
    0,    32,     1,       8.91,      13.99,       0.00,     2608.6,       1.07,       3.09
    0,    32,     2,      29.16,      30.59,       0.00,    15424.9,       1.15,       3.11
    0,    32,     3,      68.35,      72.29,       0.00,    17178.3,       1.09,       3.19
    0,    32,     4,      43.65,      72.50,       0.00,     7781.0,       1.07,       3.07
    0,    32,     5,      86.05,      73.59,       0.00,     8921.7,       1.10,       3.31
    0,    32,     6,     136.72,      74.35,       0.00,    13429.7,       1.11,       3.23
    0,    32,     7,     103.52,      77.91,       0.00,    10265.3,       1.09,       3.20
    0,    32,     8,      69.89,     110.99,       0.00,    10255.9,       1.08,       3.04
    0,    32,     9,     112.63,     130.75,       0.00,    14155.5,       1.11,       3.08
    0,    32,    10,      94.88,     137.63,       0.00,     7954.3,       1.06,       3.06
    0,    32,    11,     101.78,     163.79,       0.00,     7384.2,       1.11,       2.98
    0,    33,     1,       8.98,      14.01,       0.00,     2474.3,       1.04,       3.04
    0,    33,     2,      29.16,      30.55,       0.00,    15506.2,       1.16,       3.07
    0,    33,     3,      68.35,      72.28,       0.00,    17101.0,       1.09,       3.22
    0,    33,     4,      43.66,      72.56,       0.00,     8077.6,       1.08,       3.14
    0,    33,     5,      86.05,      73.52,       0.00,     8690.5,       1.07,       3.27
    0,    33,     6,     136.70,      74.35,       0.00,    13651.2,       1.10,       3.18
    0,    33,     7,     103.49,      77.85,       0.00,    10361.4,       1.09,       3.18
    0,    33,     8,      69.92,     110.95,       0.00,    10561.9,       1.10,       3.15
    0,    33,     9,     112.64,     130.80,       0.00,    14108.2,       1.13,       3.09
    0,    33,    10,      94.91,     137.78,       0.00,     7829.4,       1.06,       3.03
    0,    33,    11,     101.75,     163.78,       0.00,     7292.9,       1.09,       2.99
    0,    34,     1,       8.87,      14.11,       0.00,     2678.5,       1.10,       3.14
    0,    34,     2,      29.17,      30.57,       0.00,    15372.5,       1.12,       3.08
    0,    34,     3,      68.35,      72.30,       0.00,    17351.3,       1.12,       3.24
    0,    34,     4,      43.65,      72.56,       0.00,     8041.9,       1.07,       3.12
    0,    34,     5,      86.07,      73.50,       0.00,     8402.6,       1.07,       3.23
    0,    34,     6,     136.72,      74.32,       0.00,    13594.6,       1.09,       3.21
    0,    34,     7,     103.51,      77.85,       0.00,    10520.2,       1.09,       3.30
    0,    34,     8,      69.91,     110.93,       0.00,    10431.3,       1.12,       3.11
    0,    34,     9,     112.61,     130.75,       0.00,    14107.8,       1.11,       3.11
    0,    34,    10,      94.92,     137.68,       0.00,     8262.3,       1.07,       3.14
    0,    34,    11,     101.75,     163.77,       0.00,     7213.5,       1.09,       3.01
    0,    35,     1,       8.97,      14.13,       0.00,     2534.1,       1.01,       3.20
    0,    35,     2,      29.17,      30.53,       0.00,    15144.3,       1.14,       3.06
    0,    35,     3,      68.35,      72.35,       0.00,    17347.2,       1.09,       3.19
    0,    35,     4,      43.69,      72.54,       0.00,     7800.7,       1.07,       3.08
    0,    35,     5,      86.07,      73.55,       0.00,     8847.1,       1.11,       3.29
    0,    35,     6,     136.67,      74.35,       0.00,    13562.0,       1.09,       3.20
    0,    35,     7,     103.52,      77.87,       0.00,    10334.7,       1.10,       3.23
    0,    35,     8,      69.92,     110.91,       0.00,    10424.5,       1.08,       3.13
    0,    35,     9,     112.64,     130.78,       0.00,    14250.9,       1.12,       3.16
    0,    35,    10,      94.92,     137.62,       0.00,     8180.5,       1.08,       3.07
    0,    35,    11,     101.73,     163.76,       0.00,     7358.8,       1.10,       3.02
    0,    36,     1,       8.93,      14.09,       0.00,     2503.8,       1.08,       3.15
    0,    36,     2,      29.15,      30.53,       0.00,    14982.9,       1.10,       3.03
    0,    36,     3,      68.34,      72.28,       0.00,    17282.0,       1.09,       3.19
    0,    36,     4,      43.68,      72.58,       0.00,     7834.7,       1.08,       3.09
    0,    36,     5,      86.06,      73.61,       0.00,     8664.1,       1.08,       3.27
    0,    36,     6,     136.70,      74.40,       0.00,    13288.9,       1.08,       3.19
    0,    36,     7,     103.51,      77.90,       0.00,    10263.2,       1.09,       3.17
    0,    36,     8,      69.92,     111.00,       0.00,    10460.0,       1.10,       3.14
    0,    36,     9,     112.63,     130.78,       0.00,    14377.7,       1.13,       3.07
    0,    36,    10,      94.91,     137.65,       0.00,     7988.4,       1.06,       3.09
    0,    36,    11,     101.74,     163.78,       0.00,     7249.7,       1.06,       3.05
    0,    37,     1,       8.96,      13.88,       0.00,     2640.3,       1.05,       3.17
    0,    37,     2,      29.18,      30.58,       0.00,    15386.4,       1.14,       3.07
    0,    37,     3,      68.37,      72.24,       0.00,    17569.2,       1.10,       3.27
    0,    37,     4,      43.70,      72.57,       0.00,     7965.2,       1.11,       3.10
    0,    37,     5,      86.07,      73.59,       0.00,     8691.1,       1.09,       3.30
    0,    37,     6,     136.71,      74.37,       0.00,    13552.0,       1.11,       3.22
    0,    37,     7,     103.51,      77.86,       0.00,    10640.2,       1.09,       3.32
    0,    37,     8,      69.92,     110.88,       0.00,    10248.6,       1.08,       3.07
    0,    37,     9,     112.63,     130.72,       0.00,    13929.9,       1.08,       3.04
    0,    37,    10,      94.90,     137.59,       0.00,     8135.5,       1.08,       3.16
    0,    37,    11,     101.75,     163.77,       0.00,     7411.8,       1.11,       3.05
    0,    38,     1,       8.95,      14.04,       0.00,     2513.4,       1.04,       3.05
    0,    38,     2,      29.15,      30.55,       0.00,    15217.1,       1.13,       3.09
    0,    38,     3,      68.35,      72.30,       0.00,    17312.1,       1.08,       3.25
    0,    38,     4,      43.64,      72.49,       0.00,     7652.1,       1.04,       3.03
    0,    38,     5,      86.05,      73.52,       0.00,     8778.7,       1.06,       3.23
    0,    38,     6,     136.68,      74.35,       0.00,    13653.1,       1.12,       3.19
    0,    38,     7,     103.51,      77.89,       0.00,    10528.1,       1.08,       3.29
    0,    38,     8,      69.93,     110.97,       0.00,     9996.8,       1.08,       3.14
    0,    38,     9,     112.62,     130.76,       0.00,    13964.0,       1.10,       3.07
    0,    38,    10,      94.92,     137.60,       0.00,     8074.3,       1.09,       3.03
    0,    38,    11,     101.75,     163.74,       0.00,     7325.7,       1.07,       3.06
    0,    39,     1,       8.95,      14.15,       0.00,     2553.1,       1.10,       3.13
    0,    39,     2,      29.16,      30.52,       0.00,    15319.8,       1.11,       3.05
    0,    39,     3,      68.35,      72.31,       0.00,    17780.5,       1.10,       3.19
    0,    39,     4,      43.67,      72.49,       0.00,     7928.2,       1.10,       3.03
    0,    39,     5,      86.05,      73.47,       0.00,     8779.9,       1.11,       3.28
    0,    39,     6,     136.69,      74.36,       0.00,    13437.2,       1.10,       3.20
    0,    39,     7,     103.49,      77.88,       0.00,    10501.9,       1.09,       3.27
    0,    39,     8,      69.91,     110.92,       0.00,    10070.6,       1.11,       3.10
    0,    39,     9,     112.62,     130.72,       0.00,    14294.5,       1.12,       3.10
    0,    39,    10,      94.90,     137.59,       0.00,     8060.5,       1.09,       3.16
    0,    39,    11,     101.76,     163.73,       0.00,     7550.9,       1.10,       3.10
    0,    40,     1,       9.00,      14.10,       0.00,     2557.0,       1.03,       3.15
    0,    40,     2,      29.16,      30.54,       0.00,    15351.6,       1.14,       3.08
    0,    40,     3,      68.34,      72.29,       0.00,    17663.8,       1.10,       3.19
    0,    40,     4,      43.68,      72.61,       0.00,     8042.4,       1.09,       3.13
    0,    40,     5,      86.06,      73.56,       0.00,     8863.7,       1.10,       3.25
    0,    40,     6,     136.70,      74.36,       0.00,    13341.7,       1.10,       3.18
    0,    40,     7,     103.51,      77.92,       0.00,    10496.2,       1.07,       3.29
    0,    40,     8,      69.94,     110.94,       0.00,    10085.2,       1.08,       3.17
    0,    40,     9,     112.64,     130.78,       0.00,    14006.3,       1.11,       3.04
    0,    40,    10,      94.91,     137.61,       0.00,     8116.0,       1.10,       3.07
    0,    40,    11,     101.77,     163.82,       0.00,     7392.6,       1.10,       3.09
    0,    41,     1,       8.92,      14.09,       0.00,     2495.3,       1.06,       2.98
    0,    41,     2,      29.16,      30.50,       0.00,    15190.4,       1.12,       3.04
    0,    41,     3,      68.35,      72.29,       0.00,    17504.7,       1.11,       3.18
    0,    41,     4,      43.65,      72.54,       0.00,     7756.5,       1.05,       3.09
    0,    41,     5,      86.05,      73.58,       0.00,     8708.5,       1.11,       3.22
    0,    41,     6,     136.69,      74.37,       0.00,    13110.5,       1.10,       3.18
    0,    41,     7,     103.53,      77.96,       0.00,    10689.5,       1.11,       3.19
    0,    41,     8,      69.90,     110.86,       0.00,    10019.7,       1.10,       3.16
    0,    41,     9,     112.63,     130.74,       0.00,    14245.1,       1.12,       3.14
    0,    41,    10,      94.93,     137.73,       0.00,     7967.2,       1.09,       3.02
    0,    41,    11,     101.72,     163.92,       0.00,     7411.4,       1.10,       3.05
    0,    42,     1,       8.93,      14.22,       0.00,     2557.9,       1.03,       3.25
    0,    42,     2,      29.15,      30.61,       0.00,    15097.5,       1.11,       3.09
    0,    42,     3,      68.35,      72.31,       0.00,    17273.7,       1.10,       3.18
    0,    42,     4,      43.69,      72.67,       0.00,     7667.8,       1.08,       3.11
    0,    42,     5,      86.03,      73.61,       0.00,     8633.6,       1.12,       3.24
    0,    42,     6,     136.71,      74.31,       0.00,    13521.0,       1.11,       3.16
    0,    42,     7,     103.52,      77.89,       0.00,    10619.8,       1.10,       3.36
    0,    42,     8,      69.94,     110.95,       0.00,    10287.2,       1.11,       3.19
    0,    42,     9,     112.62,     130.73,       0.00,    14409.8,       1.10,       3.16
    0,    42,    10,      94.93,     137.64,       0.00,     8306.8,       1.09,       3.16
    0,    42,    11,     101.73,     163.80,       0.00,     7326.6,       1.10,       3.06
