#stackID(UINT32), frameID(UINT32), eventID(UINT32), x0(float), y0(float), z0(float), photon_count0(float), sigmaX0(float), sigmaY0(float) 
    0,     0,     1,       9.06,      14.24,       0.00,     2607.6,       1.08,       2.56
    0,     0,     2,      29.27,      30.79,       0.00,    17137.0,       1.20,       2.47
    0,     0,     3,      68.48,      72.51,       0.00,    18692.4,       1.13,       2.57
    0,     0,     4,      43.80,      72.70,       0.00,     8446.8,       1.14,       2.51
    0,     0,     5,      86.17,      73.74,       0.00,     9231.0,       1.12,       2.56
    0,     0,     6,     136.85,      74.55,       0.00,    14803.8,       1.14,       2.51
    0,     0,     7,     103.65,      78.17,       0.00,    11371.9,       1.10,       2.62
    0,     0,     8,      70.07,     111.08,       0.00,    12171.6,       1.14,       2.48
    0,     0,     9,     112.74,     131.03,       0.00,    15711.0,       1.19,       2.45
    0,     0,    10,      95.07,     137.82,       0.00,     9422.3,       1.11,       2.43
    0,     0,    11,     101.87,     163.94,       0.00,     7856.5,       1.13,       2.46
    0,     1,     1,       9.06,      14.16,       0.00,     2695.3,       1.08,       2.59
    0,     1,     2,      29.29,      30.76,       0.00,    16673.1,       1.16,       2.45
    0,     1,     3,      68.48,      72.51,       0.00,    18411.8,       1.15,       2.56
    0,     1,     4,      43.80,      72.72,       0.00,     8438.0,       1.15,       2.51
    0,     1,     5,      86.21,      73.79,       0.00,     8937.5,       1.11,       2.58
    0,     1,     6,     136.82,      74.58,       0.00,    14504.8,       1.14,       2.57
    0,     1,     7,     103.64,      78.08,       0.00,    11390.1,       1.12,       2.57
    0,     1,     8,      70.06,     111.09,       0.00,    12124.9,       1.11,       2.51
    0,     1,     9,     112.78,     131.01,       0.00,    15494.6,       1.16,       2.49
    0,     1,    10,      95.06,     137.80,       0.00,     9442.7,       1.11,       2.52
    0,     1,    11,     101.88,     163.97,       0.00,     7982.7,       1.17,       2.39
    0,     2,     1,       9.09,      14.39,       0.00,     2653.2,       1.05,       2.56
    0,     2,     2,      29.29,      30.77,       0.00,    16691.5,       1.16,       2.47
    0,     2,     3,      68.49,      72.55,       0.00,    18162.6,       1.12,       2.55
    0,     2,     4,      43.80,      72.73,       0.00,     7977.3,       1.11,       2.49
    0,     2,     5,      86.18,      73.76,       0.00,     8929.8,       1.11,       2.60
    0,     2,     6,     136.83,      74.58,       0.00,    14373.0,       1.14,       2.54
    0,     2,     7,     103.63,      78.06,       0.00,    11224.0,       1.09,       2.52
    0,     2,     8,      70.05,     111.12,       0.00,    11851.5,       1.12,       2.52
    0,     2,     9,     112.75,     131.00,       0.00,    15343.3,       1.15,       2.48
    0,     2,    10,      95.03,     137.83,       0.00,     9335.2,       1.13,       2.46
    0,     2,    11,     101.87,     163.96,       0.00,     7895.8,       1.13,       2.47
    0,     3,     1,       9.02,      14.34,       0.00,     2817.0,       1.11,       2.65
    0,     3,     2,      29.30,      30.78,       0.00,    16344.5,       1.18,       2.48
    0,     3,     3,      68.49,      72.53,       0.00,    18041.8,       1.13,       2.56
    0,     3,     4,      43.80,      72.73,       0.00,     8237.8,       1.14,       2.54
    0,     3,     5,      86.20,      73.76,       0.00,     8894.5,       1.09,       2.59
    0,     3,     6,     136.84,      74.58,       0.00,    14243.3,       1.14,       2.54
    0,     3,     7,     103.63,      78.13,       0.00,    11487.3,       1.10,       2.60
    0,     3,     8,      70.06,     111.08,       0.00,    12053.0,       1.14,       2.48
    0,     3,     9,     112.76,     130.98,       0.00,    14983.0,       1.14,       2.47
    0,     3,    10,      95.06,     137.81,       0.00,     9285.6,       1.10,       2.53
    0,     3,    11,     101.85,     164.00,       0.00,     7951.3,       1.15,       2.50
    0,     4,     1,       9.01,      14.26,       0.00,     2648.2,       1.08,       2.50
    0,     4,     2,      29.31,      30.79,       0.00,    16205.5,       1.17,       2.47
    0,     4,     3,      43.80,      72.74,       0.00,     7898.0,       1.13,       2.48
    0,     4,     4,      68.47,      72.52,       0.00,    18471.2,       1.13,       2.58
    0,     4,     5,      86.16,      73.70,       0.00,     8598.3,       1.13,       2.55
    0,     4,     6,     136.86,      74.59,       0.00,    14283.5,       1.13,       2.54
    0,     4,     7,     103.63,      78.09,       0.00,    11262.1,       1.10,       2.53
    0,     4,     8,      70.03,     111.08,       0.00,    12037.8,       1.12,       2.52
    0,     4,     9,     112.75,     130.93,       0.00,    15012.0,       1.16,       2.47
    0,     4,    10,      95.04,     137.78,       0.00,     9214.9,       1.11,       2.43
    0,     4,    11,     101.88,     163.92,       0.00,     7486.7,       1.11,       2.39
    0,     5,     1,       9.10,      14.27,       0.00,     2707.8,       1.06,       2.57
    0,     5,     2,      29.30,      30.78,       0.00,    16294.8,       1.17,       2.44
    0,     5,     3,      68.49,      72.53,       0.00,    18071.3,       1.13,       2.52
    0,     5,     4,      43.82,      72.73,       0.00,     7905.1,       1.14,       2.48
    0,     5,     5,      86.18,      73.79,       0.00,     8625.8,       1.11,       2.58
    0,     5,     6,     136.84,      74.58,       0.00,    14048.6,       1.14,       2.52
    0,     5,     7,     103.62,      78.12,       0.00,    11283.9,       1.10,       2.56
    0,     5,     8,      70.03,     111.10,       0.00,    12080.2,       1.12,       2.50
    0,     5,     9,     112.75,     131.00,       0.00,    15141.5,       1.14,       2.48
    0,     5,    10,      95.04,     137.78,       0.00,     9282.6,       1.13,       2.45
    0,     5,    11,     101.87,     163.98,       0.00,     7603.7,       1.11,       2.40
    0,     6,     1,       9.05,      14.43,       0.00,     2813.5,       1.19,       2.67
    0,     6,     2,      29.28,      30.76,       0.00,    16164.4,       1.20,       2.46
    0,     6,     3,      68.47,      72.53,       0.00,    17797.9,       1.12,       2.55
    0,     6,     4,      43.82,      72.77,       0.00,     7616.9,       1.09,       2.46
    0,     6,     5,      86.16,      73.69,       0.00,     8418.7,       1.11,       2.54
    0,     6,     6,     136.82,      74.57,       0.00,    14090.7,       1.14,       2.55
    0,     6,     7,     103.64,      78.10,       0.00,    11355.9,       1.11,       2.57
    0,     6,     8,      70.06,     111.11,       0.00,    11961.8,       1.13,       2.50
    0,     6,     9,     112.74,     130.96,       0.00,    15019.2,       1.17,       2.45
    0,     6,    10,      95.02,     137.77,       0.00,     9055.2,       1.12,       2.51
    0,     6,    11,     101.84,     163.95,       0.00,     7559.2,       1.12,       2.40
    0,     7,     1,       9.04,      14.25,       0.00,     2619.0,       1.09,       2.47
    0,     7,     2,      29.29,      30.82,       0.00,    16072.1,       1.19,       2.47
    0,     7,     3,      43.80,      72.75,       0.00,     7663.9,       1.14,       2.42
    0,     7,     4,      68.49,      72.53,       0.00,    18140.3,       1.13,       2.56
    0,     7,     5,      86.16,      73.78,       0.00,     8716.7,       1.13,       2.56
    0,     7,     6,     136.83,      74.55,       0.00,    14004.3,       1.16,       2.54
    0,     7,     7,     103.66,      78.07,       0.00,    11104.4,       1.11,       2.55
    0,     7,     8,      70.05,     111.04,       0.00,    12295.4,       1.18,       2.49
    0,     7,     9,     112.75,     130.98,       0.00,    14802.4,       1.18,       2.45
    0,     7,    10,      95.04,     137.82,       0.00,     9081.7,       1.11,       2.47
    0,     7,    11,     101.89,     163.96,       0.00,     7301.4,       1.12,       2.38
    0,     8,     1,       9.06,      14.20,       0.00,     2707.8,       1.07,       2.53
    0,     8,     2,      29.29,      30.79,       0.00,    15993.4,       1.17,       2.46
    0,     8,     3,      43.80,      72.76,       0.00,     7674.2,       1.14,       2.52
    0,     8,     4,      68.49,      72.52,       0.00,    17912.4,       1.11,       2.56
    0,     8,     5,      86.17,      73.69,       0.00,     8470.2,       1.11,       2.52
    0,     8,     6,     136.84,      74.63,       0.00,    14499.8,       1.16,       2.58
    0,     8,     7,     103.62,      78.12,       0.00,    10863.5,       1.09,       2.56
    0,     8,     8,      70.04,     111.08,       0.00,    11981.4,       1.12,       2.47
    0,     8,     9,     112.75,     130.99,       0.00,    14776.9,       1.16,       2.46
    0,     8,    10,      95.05,     137.85,       0.00,     8775.3,       1.11,       2.47
    0,     8,    11,     101.85,     163.95,       0.00,     7300.2,       1.12,       2.32
    0,     9,     1,       9.07,      14.24,       0.00,     2600.2,       1.09,       2.51
    0,     9,     2,      29.29,      30.76,       0.00,    16186.1,       1.17,       2.40
    0,     9,     3,      43.77,      72.78,       0.00,     7633.8,       1.10,       2.43
    0,     9,     4,      68.47,      72.51,       0.00,    17842.9,       1.13,       2.52
    0,     9,     5,      86.15,      73.75,       0.00,     8850.7,       1.12,       2.54
    0,     9,     6,     136.84,      74.58,       0.00,    13778.1,       1.12,       2.53
    0,     9,     7,     103.64,      78.15,       0.00,    10763.8,       1.10,       2.53
    0,     9,     8,      70.04,     111.08,       0.00,    11918.6,       1.14,       2.46
    0,     9,     9,     112.75,     130.98,       0.00,    14746.1,       1.17,       2.41
    0,     9,    10,      95.06,     137.83,       0.00,     9184.8,       1.12,       2.45
    0,     9,    11,     101.84,     163.96,       0.00,     7253.9,       1.13,       2.39
    0,    10,     1,       9.06,      14.21,       0.00,     2752.4,       1.14,       2.48
    0,    10,     2,      29.28,      30.79,       0.00,    15924.3,       1.17,       2.43
    0,    10,     3,      68.49,      72.52,       0.00,    18127.8,       1.12,       2.55
    0,    10,     4,      43.79,      72.78,       0.00,     7514.9,       1.13,       2.44
    0,    10,     5,      86.17,      73.73,       0.00,     8504.4,       1.10,       2.55
    0,    10,     6,     136.85,      74.63,       0.00,    14025.7,       1.13,       2.54
    0,    10,     7,     103.63,      78.12,       0.00,    10828.3,       1.11,       2.56
    0,    10,     8,      70.04,     111.04,       0.00,    11648.7,       1.14,       2.45
    0,    10,     9,     112.74,     131.03,       0.00,    15015.1,       1.18,       2.47
    0,    10,    10,      95.06,     137.82,       0.00,     9048.8,       1.12,       2.51
    0,    10,    11,     101.84,     163.95,       0.00,     7440.0,       1.12,       2.46
    0,    11,     1,       9.05,      14.29,       0.00,     2758.9,       1.10,       2.61
    0,    11,     2,      29.27,      30.73,       0.00,    15901.3,       1.18,       2.46
    0,    11,     3,      68.49,      72.50,       0.00,    18028.8,       1.14,       2.56
    0,    11,     4,      43.77,      72.77,       0.00,     7646.7,       1.11,       2.50
    0,    11,     5,      86.16,      73.75,       0.00,     8793.6,       1.11,       2.54
    0,    11,     6,     136.81,      74.58,       0.00,    13897.6,       1.13,       2.56
    0,    11,     7,     103.64,      78.05,       0.00,    11176.7,       1.12,       2.63
    0,    11,     8,      70.02,     111.10,       0.00,    11797.4,       1.13,       2.53
    0,    11,     9,     112.74,     130.94,       0.00,    14571.7,       1.15,       2.46
    0,    11,    10,      95.03,     137.83,       0.00,     9179.1,       1.12,       2.54
    0,    11,    11,     101.88,     164.01,       0.00,     7571.3,       1.13,       2.41
    0,    12,     1,       9.06,      14.23,       0.00,     2741.2,       1.06,       2.61
    0,    12,     2,      29.28,      30.76,       0.00,    16359.4,       1.15,       2.43
    0,    12,     3,      68.48,      72.48,       0.00,    18027.3,       1.14,       2.53
    0,    12,     4,      43.79,      72.78,       0.00,     7576.3,       1.12,       2.47
    0,    12,     5,      86.15,      73.67,       0.00,     8492.2,       1.10,       2.58
    0,    12,     6,     136.84,      74.56,       0.00,    14103.4,       1.14,       2.52
    0,    12,     7,     103.63,      78.08,       0.00,    10916.8,       1.10,       2.52
    0,    12,     8,      70.05,     111.06,       0.00,    11981.9,       1.13,       2.47
    0,    12,     9,     112.76,     130.97,       0.00,    14750.0,       1.18,       2.44
    0,    12,    10,      95.03,     137.84,       0.00,     9092.2,       1.10,       2.51
    0,    12,    11,     101.84,     163.96,       0.00,     7638.2,       1.15,       2.46
    0,    13,     1,       8.99,      14.24,       0.00,     2600.4,       1.10,       2.55
    0,    13,     2,      29.28,      30.80,       0.00,    16153.9,       1.18,       2.43
    0,    13,     3,      68.49,      72.48,       0.00,    18002.2,       1.12,       2.55
    0,    13,     4,      43.79,      72.71,       0.00,     7868.1,       1.09,       2.49
    0,    13,     5,      86.15,      73.73,       0.00,     8806.5,       1.13,       2.49
    0,    13,     6,     136.85,      74.55,       0.00,    13738.7,       1.11,       2.53
    0,    13,     7,     103.64,      78.14,       0.00,    10913.6,       1.11,       2.57
    0,    13,     8,      70.04,     111.11,       0.00,    11913.0,       1.13,       2.54
    0,    13,     9,     112.76,     130.97,       0.00,    14919.4,       1.14,       2.43
    0,    13,    10,      95.06,     137.81,       0.00,     8910.9,       1.10,       2.46
    0,    13,    11,     101.87,     164.03,       0.00,     7636.4,       1.15,       2.48
    0,    14,     1,       9.06,      14.35,       0.00,     2606.4,       1.07,       2.46
    0,    14,     2,      29.28,      30.77,       0.00,    15732.7,       1.19,       2.43
    0,    14,     3,      43.80,      72.76,       0.00,     7953.9,       1.13,       2.51
    0,    14,     4,      68.47,      72.49,       0.00,    18047.4,       1.13,       2.57
    0,    14,     5,      86.18,      73.75,       0.00,     8713.5,       1.13,       2.63
    0,    14,     6,     136.84,      74.59,       0.00,    13824.7,       1.13,       2.52
    0,    14,     7,     103.65,      78.14,       0.00,    11117.7,       1.11,       2.57
    0,    14,     8,      70.06,     111.03,       0.00,    12068.0,       1.13,       2.50
    0,    14,     9,     112.75,     131.02,       0.00,    14755.6,       1.15,       2.46
    0,    14,    10,      95.07,     137.79,       0.00,     9017.9,       1.11,       2.52
    0,    14,    11,     101.84,     163.96,       0.00,     7521.4,       1.14,       2.38
    0,    15,     1,       9.07,      14.32,       0.00,     2601.0,       1.09,       2.57
    0,    15,     2,      29.29,      30.74,       0.00,    16155.3,       1.17,       2.48
    0,    15,     3,      43.80,      72.71,       0.00,     7928.5,       1.11,       2.53
    0,    15,     4,      68.47,      72.52,       0.00,    17960.9,       1.13,       2.58
    0,    15,     5,      86.19,      73.70,       0.00,     8646.9,       1.10,       2.56
    0,    15,     6,     136.83,      74.57,       0.00,    14026.6,       1.14,       2.55
    0,    15,     7,     103.64,      78.09,       0.00,    10887.5,       1.09,       2.57
    0,    15,     8,      70.05,     111.08,       0.00,    11679.5,       1.12,       2.53
    0,    15,     9,     112.77,     130.97,       0.00,    14928.3,       1.18,       2.45
    0,    15,    10,      95.03,     137.83,       0.00,     9036.1,       1.14,       2.50
    0,    15,    11,     101.85,     163.97,       0.00,     7425.0,       1.10,       2.46
    0,    16,     1,       9.01,      14.27,       0.00,     2637.9,       1.09,       2.53
    0,    16,     2,      29.28,      30.69,       0.00,    16027.1,       1.18,       2.46
    0,    16,     3,      43.82,      72.71,       0.00,     7995.3,       1.13,       2.52
    0,    16,     4,      68.46,      72.50,       0.00,    18190.6,       1.13,       2.58
    0,    16,     5,      86.20,      73.69,       0.00,     8458.9,       1.13,       2.52
    0,    16,     6,     136.83,      74.57,       0.00,    13925.8,       1.13,       2.55
    0,    16,     7,     103.65,      78.11,       0.00,    11143.1,       1.13,       2.63
    0,    16,     8,      70.08,     111.07,       0.00,    11630.8,       1.12,       2.46
    0,    16,     9,     112.77,     130.97,       0.00,    14570.2,       1.17,       2.47
    0,    16,    10,      95.06,     137.80,       0.00,     8801.6,       1.09,       2.51
    0,    16,    11,     101.85,     163.94,       0.00,     7504.8,       1.11,       2.42
    0,    17,     1,       9.03,      14.38,       0.00,     2740.3,       1.10,       2.59
    0,    17,     2,      29.28,      30.76,       0.00,    15870.0,       1.18,       2.47
    0,    17,     3,      68.48,      72.51,       0.00,    18293.8,       1.13,       2.59
    0,    17,     4,      43.80,      72.70,       0.00,     8128.5,       1.15,       2.53
    0,    17,     5,      86.23,      73.78,       0.00,     8426.2,       1.10,       2.57
    0,    17,     6,     136.85,      74.61,       0.00,    13950.0,       1.14,       2.53
    0,    17,     7,     103.63,      78.06,       0.00,    10820.2,       1.11,       2.55
    0,    17,     8,      70.06,     111.06,       0.00,    11424.4,       1.12,       2.51
    0,    17,     9,     112.76,     130.96,       0.00,    14664.7,       1.17,       2.47
    0,    17,    10,      95.04,     137.80,       0.00,     9017.2,       1.12,       2.50
    0,    17,    11,     101.86,     163.86,       0.00,     7500.8,       1.13,       2.45
    0,    18,     1,       9.09,      14.26,       0.00,     2738.3,       1.12,       2.52
    0,    18,     2,      29.29,      30.71,       0.00,    15982.8,       1.17,       2.46
    0,    18,     3,      43.81,      72.77,       0.00,     7799.5,       1.11,       2.51
    0,    18,     4,      68.48,      72.49,       0.00,    18046.0,       1.11,       2.55
    0,    18,     5,      86.18,      73.70,       0.00,     8427.7,       1.13,       2.54
    0,    18,     6,     136.85,      74.59,       0.00,    14211.7,       1.13,       2.57
    0,    18,     7,     103.64,      78.13,       0.00,    11011.9,       1.12,       2.58
    0,    18,     8,      70.06,     111.08,       0.00,    11583.5,       1.11,       2.52
    0,    18,     9,     112.76,     131.02,       0.00,    14898.7,       1.18,       2.49
    0,    18,    10,      95.06,     137.83,       0.00,     8833.8,       1.11,       2.47
    0,    18,    11,     101.87,     163.91,       0.00,     7639.2,       1.10,       2.44
    0,    19,     1,       9.05,      14.29,       0.00,     2636.7,       1.12,       2.63
    0,    19,     2,      29.29,      30.77,       0.00,    16010.0,       1.15,       2.44
    0,    19,     3,      68.46,      72.54,       0.00,    17942.6,       1.13,       2.55
    0,    19,     4,      43.80,      72.75,       0.00,     7916.3,       1.14,       2.43
    0,    19,     5,      86.20,      73.77,       0.00,     8582.1,       1.11,       2.62
    0,    19,     6,     136.84,      74.51,       0.00,    14083.4,       1.14,       2.50
    0,    19,     7,     103.65,      78.08,       0.00,    10973.0,       1.09,       2.57
    0,    19,     8,      70.06,     111.16,       0.00,    11242.0,       1.11,       2.49
    0,    19,     9,     112.76,     131.00,       0.00,    14700.4,       1.17,       2.48
    0,    19,    10,      95.07,     137.81,       0.00,     9013.3,       1.08,       2.47
    0,    19,    11,     101.88,     163.95,       0.00,     7639.8,       1.14,       2.47
    0,    20,     1,       9.07,      14.28,       0.00,     2721.2,       1.09,       2.56
    0,    20,     2,      29.28,      30.76,       0.00,    15983.8,       1.14,       2.45
    0,    20,     3,      68.47,      72.53,       0.00,    17816.7,       1.12,       2.59
    0,    20,     4,      43.79,      72.79,       0.00,     7982.3,       1.13,       2.50
    0,    20,     5,      86.17,      73.67,       0.00,     8514.5,       1.09,       2.54
    0,    20,     6,     136.81,      74.58,       0.00,    13913.3,       1.14,       2.58
    0,    20,     7,     103.64,      78.14,       0.00,    10981.2,       1.12,       2.58
    0,    20,     8,      70.06,     111.05,       0.00,    11370.9,       1.12,       2.49
    0,    20,     9,     112.75,     130.99,       0.00,    14720.9,       1.16,       2.49
    0,    20,    10,      95.05,     137.80,       0.00,     8945.9,       1.11,       2.47
    0,    20,    11,     101.84,     163.92,       0.00,     7449.0,       1.10,       2.47
    0,    21,     1,       9.02,      14.29,       0.00,     2583.4,       1.06,       2.62
    0,    21,     2,      29.28,      30.75,       0.00,    16084.7,       1.17,       2.46
    0,    21,     3,      68.47,      72.49,       0.00,    17869.9,       1.13,       2.56
    0,    21,     4,      43.78,      72.73,       0.00,     7776.6,       1.14,       2.53
    0,    21,     5,      86.20,      73.72,       0.00,     8252.6,       1.11,       2.60
    0,    21,     6,     136.82,      74.53,       0.00,    14032.7,       1.14,       2.54
    0,    21,     7,     103.64,      78.11,       0.00,    10922.5,       1.11,       2.54
    0,    21,     8,      70.08,     111.06,       0.00,    11264.1,       1.12,       2.51
    0,    21,     9,     112.76,     130.98,       0.00,    14586.5,       1.17,       2.49
    0,    21,    10,      95.02,     137.81,       0.00,     9094.6,       1.11,       2.53
    0,    21,    11,     101.87,     163.93,       0.00,     7484.1,       1.11,       2.49
    0,    22,     1,       9.08,      14.31,       0.00,     2750.1,       1.14,       2.57
    0,    22,     2,      29.28,      30.75,       0.00,    16065.7,       1.15,       2.49
    0,    22,     3,      68.47,      72.52,       0.00,    18228.1,       1.14,       2.62
    0,    22,     4,      43.79,      72.75,       0.00,     7823.3,       1.09,       2.49
    0,    22,     5,      86.18,      73.67,       0.00,     8417.3,       1.11,       2.55
    0,    22,     6,     136.83,      74.53,       0.00,    14095.1,       1.12,       2.54
    0,    22,     7,     103.64,      78.11,       0.00,    11035.4,       1.11,       2.58
    0,    22,     8,      70.06,     111.03,       0.00,    11466.5,       1.13,       2.46
    0,    22,     9,     112.75,     130.95,       0.00,    14375.0,       1.17,       2.45
    0,    22,    10,      95.07,     137.80,       0.00,     8888.7,       1.13,       2.49
    0,    22,    11,     101.85,     163.98,       0.00,     7501.0,       1.10,       2.43
    0,    23,     1,       9.09,      14.30,       0.00,     2614.7,       1.08,       2.57
    0,    23,     2,      29.28,      30.72,       0.00,    15822.2,       1.16,       2.47
    0,    23,     3,      68.49,      72.48,       0.00,    17644.3,       1.11,       2.53
    0,    23,     4,      43.80,      72.72,       0.00,     7696.6,       1.09,       2.50
    0,    23,     5,      86.17,      73.69,       0.00,     8403.3,       1.14,       2.65
    0,    23,     6,     136.83,      74.50,       0.00,    13928.0,       1.15,       2.55
    0,    23,     7,     103.64,      78.11,       0.00,    10902.1,       1.09,       2.62
    0,    23,     8,      70.06,     111.09,       0.00,    11459.8,       1.14,       2.49
    0,    23,     9,     112.74,     130.94,       0.00,    14534.5,       1.14,       2.48
    0,    23,    10,      95.03,     137.86,       0.00,     9036.8,       1.11,       2.53
    0,    23,    11,     101.85,     163.89,       0.00,     7628.0,       1.12,       2.44
    0,    24,     1,       9.04,      14.28,       0.00,     2747.3,       1.12,       2.50
    0,    24,     2,      29.28,      30.76,       0.00,    15767.8,       1.16,       2.43
    0,    24,     3,      43.78,      72.74,       0.00,     7761.4,       1.10,       2.44
    0,    24,     4,      68.46,      72.51,       0.00,    17841.9,       1.13,       2.54
    0,    24,     5,      86.18,      73.75,       0.00,     8428.7,       1.12,       2.57
    0,    24,     6,     136.82,      74.57,       0.00,    13724.8,       1.10,       2.51
    0,    24,     7,     103.65,      78.10,       0.00,    10734.3,       1.10,       2.54
    0,    24,     8,      70.03,     111.11,       0.00,    11460.4,       1.14,       2.51
    0,    24,     9,     112.75,     130.97,       0.00,    14483.2,       1.16,       2.48
    0,    24,    10,      95.04,     137.80,       0.00,     8877.3,       1.11,       2.52
    0,    24,    11,     101.82,     163.98,       0.00,     7487.6,       1.14,       2.44
    0,    25,     1,       8.99,      14.23,       0.00,     2642.0,       1.09,       2.54
    0,    25,     2,      29.28,      30.75,       0.00,    16177.5,       1.19,       2.46
    0,    25,     3,      68.48,      72.55,       0.00,    17589.0,       1.12,       2.54
    0,    25,     4,      43.77,      72.75,       0.00,     7750.5,       1.12,       2.45
    0,    25,     5,      86.19,      73.79,       0.00,     8366.6,       1.12,       2.54
    0,    25,     6,     136.83,      74.55,       0.00,    13990.4,       1.14,       2.56
    0,    25,     7,     103.63,      78.03,       0.00,    11162.9,       1.12,       2.59
    0,    25,     8,      70.06,     111.10,       0.00,    11418.2,       1.13,       2.46
    0,    25,     9,     112.77,     130.94,       0.00,    14426.7,       1.14,       2.46
    0,    25,    10,      95.02,     137.80,       0.00,     8750.9,       1.12,       2.45
    0,    25,    11,     101.85,     163.96,       0.00,     7484.2,       1.14,       2.45
    0,    26,     1,       9.10,      14.36,       0.00,     2612.8,       1.06,       2.55
    0,    26,     2,      29.26,      30.75,       0.00,    15984.2,       1.18,       2.43
    0,    26,     3,      43.77,      72.67,       0.00,     7629.0,       1.14,       2.46
    0,    26,     4,      68.47,      72.53,       0.00,    17814.5,       1.13,       2.57
    0,    26,     5,      86.14,      73.72,       0.00,     8225.8,       1.13,       2.54
    0,    26,     6,     136.83,      74.58,       0.00,    13573.8,       1.13,       2.53
    0,    26,     7,     103.62,      78.11,       0.00,    10846.0,       1.10,       2.54
    0,    26,     8,      70.07,     111.10,       0.00,    11731.3,       1.15,       2.50
    0,    26,     9,     112.74,     130.94,       0.00,    14581.0,       1.15,       2.49
    0,    26,    10,      95.03,     137.93,       0.00,     8928.5,       1.12,       2.54
    0,    26,    11,     101.86,     164.04,       0.00,     7450.4,       1.13,       2.42
    0,    27,     1,       9.03,      14.33,       0.00,     2570.7,       1.13,       2.39
    0,    27,     2,      29.27,      30.77,       0.00,    15889.3,       1.17,       2.44
    0,    27,     3,      68.47,      72.52,       0.00,    17653.3,       1.12,       2.55
    0,    27,     4,      43.79,      72.75,       0.00,     7531.2,       1.13,       2.48
    0,    27,     5,      86.18,      73.73,       0.00,     8260.7,       1.12,       2.57
    0,    27,     6,     136.81,      74.58,       0.00,    13803.7,       1.14,       2.52
    0,    27,     7,     103.62,      78.08,       0.00,    10718.6,       1.08,       2.52
    0,    27,     8,      70.05,     111.04,       0.00,    11358.0,       1.14,       2.50
    0,    27,     9,     112.78,     130.93,       0.00,    14609.2,       1.14,       2.45
    0,    27,    10,      95.05,     137.78,       0.00,     8835.9,       1.12,       2.50
    0,    27,    11,     101.84,     163.97,       0.00,     7543.8,       1.13,       2.48
    0,    28,     1,       9.07,      14.38,       0.00,     2676.3,       1.04,       2.51
    0,    28,     2,      29.29,      30.76,       0.00,    15882.3,       1.19,       2.46
    0,    28,     3,      68.48,      72.52,       0.00,    17966.8,       1.13,       2.59
    0,    28,     4,      43.82,      72.80,       0.00,     7640.9,       1.13,       2.55
    0,    28,     5,      86.19,      73.72,       0.00,     8538.7,       1.11,       2.57
    0,    28,     6,     136.83,      74.56,       0.00,    13622.7,       1.13,       2.48
    0,    28,     7,     103.64,      78.13,       0.00,    10753.5,       1.10,       2.57
    0,    28,     8,      70.03,     111.10,       0.00,    11129.2,       1.13,       2.49
    0,    28,     9,     112.74,     130.94,       0.00,    14483.5,       1.16,       2.46
    0,    28,    10,      95.04,     137.81,       0.00,     8894.6,       1.13,       2.49
    0,    28,    11,     101.85,     163.96,       0.00,     7228.8,       1.09,       2.43
    0,    29,     1,       9.00,      14.24,       0.00,     2520.7,       1.09,       2.49
    0,    29,     2,      29.26,      30.76,       0.00,    15989.1,       1.17,       2.43
    0,    29,     3,      68.47,      72.48,       0.00,    17456.2,       1.12,       2.53
    0,    29,     4,      43.79,      72.77,       0.00,     7860.9,       1.14,       2.52
    0,    29,     5,      86.17,      73.79,       0.00,     8425.1,       1.12,       2.59
    0,    29,     6,     136.81,      74.62,       0.00,    13841.5,       1.13,       2.53
    0,    29,     7,     103.64,      78.12,       0.00,    10742.1,       1.10,       2.61
    0,    29,     8,      70.05,     111.06,       0.00,    11289.7,       1.15,       2.48
    0,    29,     9,     112.74,     130.98,       0.00,    14501.3,       1.16,       2.46
    0,    29,    10,      95.07,     137.81,       0.00,     8737.3,       1.08,       2.48
    0,    29,    11,     101.82,     163.98,       0.00,     7635.8,       1.16,       2.45
    0,    30,     1,       9.01,      14.38,       0.00,     2715.5,       1.13,       2.53
    0,    30,     2,      29.28,      30.76,       0.00,    15603.8,       1.17,       2.45
    0,    30,     3,      68.47,      72.55,       0.00,    17648.6,       1.13,       2.57
    0,    30,     4,      43.78,      72.70,       0.00,     7654.4,       1.13,       2.47
    0,    30,     5,      86.15,      73.70,       0.00,     8306.9,       1.10,       2.49
    0,    30,     6,     136.83,      74.60,       0.00,    13907.0,       1.13,       2.53
    0,    30,     7,     103.62,      78.13,       0.00,    10964.1,       1.09,       2.54
    0,    30,     8,      70.02,     111.12,       0.00,    11647.1,       1.16,       2.48
    0,    30,     9,     112.75,     131.00,       0.00,    14836.2,       1.17,       2.51
    0,    30,    10,      95.03,     137.85,       0.00,     9013.2,       1.13,       2.49
    0,    30,    11,     101.88,     164.02,       0.00,     7461.0,       1.11,       2.41
    0,    31,     1,       8.96,      14.39,       0.00,     2630.8,       1.09,       2.49
    0,    31,     2,      29.26,      30.80,       0.00,    15685.5,       1.18,       2.44
    0,    31,     3,      68.45,      72.53,       0.00,    17598.7,       1.14,       2.56
    0,    31,     4,      43.76,      72.72,       0.00,     7567.1,       1.16,       2.47
    0,    31,     5,      86.16,      73.80,       0.00,     8381.0,       1.13,       2.60
    0,    31,     6,     136.81,      74.57,       0.00,    13639.3,       1.14,       2.51
    0,    31,     7,     103.64,      78.08,       0.00,    10949.6,       1.11,       2.54
    0,    31,     8,      70.08,     111.07,       0.00,    11206.1,       1.15,       2.48
    0,    31,     9,     112.74,     131.00,       0.00,    14547.3,       1.13,       2.43
    0,    31,    10,      95.02,     137.89,       0.00,     8733.1,       1.11,       2.42
    0,    31,    11,     101.84,     164.00,       0.00,     7151.7,       1.10,       2.37
    0,    32,     1,       8.99,      14.33,       0.00,     2609.3,       1.13,       2.44
    0,    32,     2,      29.27,      30.75,       0.00,    15482.3,       1.16,       2.41
    0,    32,     3,      68.46,      72.52,       0.00,    17384.1,       1.13,       2.53
    0,    32,     4,      43.75,      72.72,       0.00,     7712.2,       1.11,       2.47
    0,    32,     5,      86.17,      73.72,       0.00,     8450.5,       1.11,       2.56
    0,    32,     6,     136.81,      74.60,       0.00,    13654.2,       1.15,       2.53
    0,    32,     7,     103.63,      78.11,       0.00,    10766.1,       1.09,       2.50
    0,    32,     8,      70.02,     111.05,       0.00,    11433.3,       1.12,       2.54
    0,    32,     9,     112.74,     130.98,       0.00,    14541.7,       1.17,       2.45
    0,    32,    10,      95.02,     137.84,       0.00,     8850.6,       1.11,       2.47
    0,    32,    11,     101.86,     163.91,       0.00,     7380.1,       1.12,       2.39
    0,    33,     1,       9.01,      14.23,       0.00,     2609.0,       1.07,       2.50
    0,    33,     2,      29.28,      30.78,       0.00,    15822.6,       1.18,       2.44
    0,    33,     3,      68.47,      72.54,       0.00,    17848.5,       1.14,       2.54
    0,    33,     4,      43.79,      72.75,       0.00,     7635.9,       1.13,       2.49
    0,    33,     5,      86.17,      73.77,       0.00,     8401.9,       1.14,       2.55
    0,    33,     6,     136.82,      74.59,       0.00,    13645.8,       1.13,       2.53
    0,    33,     7,     103.64,      78.14,       0.00,    11044.0,       1.10,       2.52
    0,    33,     8,      70.03,     111.05,       0.00,    11807.1,       1.15,       2.51
    0,    33,     9,     112.74,     130.99,       0.00,    14594.6,       1.18,       2.44
    0,    33,    10,      95.02,     137.80,       0.00,     8961.8,       1.11,       2.46
    0,    33,    11,     101.85,     163.97,       0.00,     7433.1,       1.11,       2.37
    0,    34,     1,       9.01,      14.34,       0.00,     2826.5,       1.10,       2.59
    0,    34,     2,      29.26,      30.75,       0.00,    15808.6,       1.22,       2.46
    0,    34,     3,      68.45,      72.51,       0.00,    17952.8,       1.14,       2.54
    0,    34,     4,      43.76,      72.73,       0.00,     7487.7,       1.14,       2.46
    0,    34,     5,      86.16,      73.72,       0.00,     8215.3,       1.12,       2.52
    0,    34,     6,     136.81,      74.53,       0.00,    13721.5,       1.13,       2.49
    0,    34,     7,     103.62,      78.14,       0.00,    11118.3,       1.11,       2.53
    0,    34,     8,      70.04,     111.07,       0.00,    11324.9,       1.14,       2.46
    0,    34,     9,     112.75,     131.00,       0.00,    14800.9,       1.18,       2.43
    0,    34,    10,      95.03,     137.81,       0.00,     8840.8,       1.12,       2.47
    0,    34,    11,     101.87,     163.94,       0.00,     7434.2,       1.09,       2.40
    0,    35,     1,       9.04,      14.31,       0.00,     2778.5,       1.10,       2.63
    0,    35,     2,      29.26,      30.76,       0.00,    15826.7,       1.18,       2.43
    0,    35,     3,      68.46,      72.53,       0.00,    17639.8,       1.12,       2.56
    0,    35,     4,      43.76,      72.81,       0.00,     7493.6,       1.12,       2.43
    0,    35,     5,      86.16,      73.78,       0.00,     8406.0,       1.12,       2.52
    0,    35,     6,     136.79,      74.57,       0.00,    13985.7,       1.15,       2.51
    0,    35,     7,     103.62,      78.16,       0.00,    10794.4,       1.09,       2.52
    0,    35,     8,      70.03,     111.11,       0.00,    11522.6,       1.16,       2.50
    0,    35,     9,     112.72,     131.00,       0.00,    14584.7,       1.16,       2.44
    0,    35,    10,      95.04,     137.85,       0.00,     8935.3,       1.11,       2.48
    0,    35,    11,     101.83,     164.03,       0.00,     7387.1,       1.11,       2.41
    0,    36,     1,       9.04,      14.20,       0.00,     2623.3,       1.06,       2.49
    0,    36,     2,      29.26,      30.80,       0.00,    15894.7,       1.19,       2.38
    0,    36,     3,      68.47,      72.53,       0.00,    17893.5,       1.15,       2.54
    0,    36,     4,      43.76,      72.75,       0.00,     7771.2,       1.13,       2.46
    0,    36,     5,      86.14,      73.74,       0.00,     8611.9,       1.14,       2.48
    0,    36,     6,     136.82,      74.59,       0.00,    13662.6,       1.13,       2.48
    0,    36,     7,     103.61,      78.08,       0.00,    10943.3,       1.10,       2.48
    0,    36,     8,      70.04,     111.07,       0.00,    11316.9,       1.14,       2.47
    0,    36,     9,     112.71,     130.96,       0.00,    14339.6,       1.15,       2.35
    0,    36,    10,      95.01,     137.87,       0.00,     8928.2,       1.14,       2.42
    0,    36,    11,     101.83,     163.98,       0.00,     7435.6,       1.10,       2.30
    0,    37,     1,       9.02,      14.28,       0.00,     2610.2,       1.01,       2.44
    0,    37,     2,      29.26,      30.81,       0.00,    15837.4,       1.19,       2.41
    0,    37,     3,      68.44,      72.51,       0.00,    17635.4,       1.13,       2.53
    0,    37,     4,      43.77,      72.77,       0.00,     7512.3,       1.13,       2.49
    0,    37,     5,      86.15,      73.80,       0.00,     8636.3,       1.12,       2.57
    0,    37,     6,     136.82,      74.57,       0.00,    13414.8,       1.09,       2.47
    0,    37,     7,     103.60,      78.07,       0.00,    10814.7,       1.09,       2.52
    0,    37,     8,      70.04,     111.04,       0.00,    11338.4,       1.17,       2.45
    0,    37,     9,     112.75,     131.00,       0.00,    14703.8,       1.17,       2.43
    0,    37,    10,      95.03,     137.84,       0.00,     8901.0,       1.13,       2.45
    0,    37,    11,     101.85,     163.99,       0.00,     7473.4,       1.10,       2.43
    0,    38,     1,       8.95,      14.12,       0.00,     2559.8,       1.12,       2.46
    0,    38,     2,      29.23,      30.79,       0.00,    15544.1,       1.17,       2.43
    0,    38,     3,      68.46,      72.54,       0.00,    17626.2,       1.13,       2.50
    0,    38,     4,      43.77,      72.80,       0.00,     7545.4,       1.16,       2.43
    0,    38,     5,      86.14,      73.78,       0.00,     8272.0,       1.11,       2.53
    0,    38,     6,     136.79,      74.54,       0.00,    13829.1,       1.14,       2.50
    0,    38,     7,     103.66,      78.12,       0.00,    11265.2,       1.10,       2.59
    0,    38,     8,      70.01,     111.07,       0.00,    11075.7,       1.13,       2.45
    0,    38,     9,     112.73,     130.94,       0.00,    14462.4,       1.13,       2.38
    0,    38,    10,      95.03,     137.92,       0.00,     8920.4,       1.13,       2.47
    0,    38,    11,     101.82,     163.93,       0.00,     7365.7,       1.13,       2.41
    0,    39,     1,       9.02,      14.38,       0.00,     2724.2,       1.13,       2.52
    0,    39,     2,      29.26,      30.79,       0.00,    15713.4,       1.17,       2.43
    0,    39,     3,      68.48,      72.50,       0.00,    17717.8,       1.12,       2.51
    0,    39,     4,      43.78,      72.75,       0.00,     7417.1,       1.13,       2.48
    0,    39,     5,      86.13,      73.76,       0.00,     8440.1,       1.13,       2.52
    0,    39,     6,     136.82,      74.56,       0.00,    13609.4,       1.14,       2.49
    0,    39,     7,     103.63,      78.10,       0.00,    10790.2,       1.10,       2.52
    0,    39,     8,      70.02,     111.06,       0.00,    11131.8,       1.15,       2.44
    0,    39,     9,     112.73,     130.99,       0.00,    14839.5,       1.18,       2.46
    0,    39,    10,      95.02,     137.81,       0.00,     8943.4,       1.12,       2.42
    0,    39,    11,     101.83,     164.02,       0.00,     7546.0,       1.14,       2.40
    0,    40,     1,       9.03,      14.15,       0.00,     2672.5,       1.10,       2.54
    0,    40,     2,      29.25,      30.78,       0.00,    15919.2,       1.18,       2.41
    0,    40,     3,      68.45,      72.54,       0.00,    17666.9,       1.15,       2.54
    0,    40,     4,      43.78,      72.74,       0.00,     7346.6,       1.11,       2.41
    0,    40,     5,      86.15,      73.74,       0.00,     8167.0,       1.11,       2.51
    0,    40,     6,     136.82,      74.56,       0.00,    13943.5,       1.13,       2.52
    0,    40,     7,     103.61,      78.12,       0.00,    10811.4,       1.11,       2.53
    0,    40,     8,      70.02,     111.09,       0.00,    11176.8,       1.14,       2.50
    0,    40,     9,     112.72,     131.03,       0.00,    14455.4,       1.16,       2.43
    0,    40,    10,      95.02,     137.82,       0.00,     8877.7,       1.12,       2.47
    0,    40,    11,     101.83,     163.96,       0.00,     7498.1,       1.12,       2.41
