#stackID(UINT32), frameID(UINT32), eventID(UINT32), x0(float), y0(float), z0(float), photon_count0(float), sigmaX0(float), sigmaY0(float) 
    0,     0,     1,       8.99,      14.58,       0.00,     2794.5,       1.47,       1.67
    0,     0,     2,      29.24,      30.95,       0.00,    16971.7,       1.59,       1.60
    0,     0,     3,      68.48,      72.75,       0.00,    19071.3,       1.52,       1.68
    0,     0,     4,      43.80,      72.99,       0.00,     7749.7,       1.55,       1.51
    0,     0,     5,      86.18,      73.92,       0.00,     8973.1,       1.45,       1.64
    0,     0,     6,     136.86,      74.77,       0.00,    14595.6,       1.49,       1.61
    0,     0,     7,     103.65,      78.32,       0.00,    11072.6,       1.46,       1.61
    0,     0,     8,      70.09,     111.25,       0.00,    11998.7,       1.50,       1.57
    0,     0,     9,     112.75,     131.19,       0.00,    15609.4,       1.53,       1.59
    0,     0,    10,      95.08,     138.05,       0.00,    10380.2,       1.47,       1.58
    0,     0,    11,     101.83,     164.22,       0.00,     7904.9,       1.51,       1.52
    0,     1,     1,       8.98,      14.51,       0.00,     2661.5,       1.46,       1.65
    0,     1,     2,      29.23,      30.94,       0.00,    16634.9,       1.61,       1.56
    0,     1,     3,      68.45,      72.76,       0.00,    18875.9,       1.51,       1.64
    0,     1,     4,      43.80,      72.96,       0.00,     7544.3,       1.50,       1.54
    0,     1,     5,      86.16,      73.92,       0.00,     8701.3,       1.42,       1.67
    0,     1,     6,     136.86,      74.80,       0.00,    14135.6,       1.45,       1.60
    0,     1,     7,     103.65,      78.33,       0.00,    10769.6,       1.41,       1.65
    0,     1,     8,      70.08,     111.26,       0.00,    12438.0,       1.49,       1.57
    0,     1,     9,     112.74,     131.20,       0.00,    15399.8,       1.51,       1.60
    0,     1,    10,      95.08,     138.04,       0.00,    10113.5,       1.42,       1.55
    0,     1,    11,     101.89,     164.19,       0.00,     7783.4,       1.49,       1.56
    0,     2,     1,       8.99,      14.51,       0.00,     2548.6,       1.36,       1.67
    0,     2,     2,      29.23,      30.96,       0.00,    16572.7,       1.62,       1.56
    0,     2,     3,      68.48,      72.71,       0.00,    18566.0,       1.51,       1.63
    0,     2,     4,      43.78,      73.04,       0.00,     7378.6,       1.46,       1.50
    0,     2,     5,      86.19,      73.92,       0.00,     8461.6,       1.45,       1.58
    0,     2,     6,     136.83,      74.80,       0.00,    14379.3,       1.51,       1.61
    0,     2,     7,     103.65,      78.29,       0.00,    10830.1,       1.47,       1.64
    0,     2,     8,      70.07,     111.27,       0.00,    11819.3,       1.50,       1.55
    0,     2,     9,     112.71,     131.17,       0.00,    15699.4,       1.54,       1.58
    0,     2,    10,      95.11,     138.07,       0.00,    10006.7,       1.44,       1.55
    0,     2,    11,     101.90,     164.19,       0.00,     7872.4,       1.55,       1.50
    0,     3,     1,       8.98,      14.45,       0.00,     2546.8,       1.54,       1.65
    0,     3,     2,      29.24,      30.95,       0.00,    16389.9,       1.62,       1.56
    0,     3,     3,      68.48,      72.76,       0.00,    18734.4,       1.53,       1.64
    0,     3,     4,      43.82,      73.00,       0.00,     7722.5,       1.54,       1.56
    0,     3,     5,      86.17,      73.93,       0.00,     8337.6,       1.44,       1.59
    0,     3,     6,     136.84,      74.77,       0.00,    14590.4,       1.51,       1.62
    0,     3,     7,     103.65,      78.29,       0.00,    10801.5,       1.42,       1.64
    0,     3,     8,      70.08,     111.27,       0.00,    11905.8,       1.51,       1.59
    0,     3,     9,     112.75,     131.18,       0.00,    15076.6,       1.54,       1.55
    0,     3,    10,      95.08,     138.07,       0.00,     9910.9,       1.48,       1.57
    0,     3,    11,     101.89,     164.22,       0.00,     7596.1,       1.50,       1.50
    0,     4,     1,       8.94,      14.45,       0.00,     2296.2,       1.35,       1.45
    0,     4,     2,      29.23,      30.97,       0.00,    16429.3,       1.59,       1.57
    0,     4,     3,      68.46,      72.76,       0.00,    18467.6,       1.53,       1.65
    0,     4,     4,      43.80,      73.01,       0.00,     7614.4,       1.51,       1.59
    0,     4,     5,      86.20,      73.94,       0.00,     8714.6,       1.44,       1.63
    0,     4,     6,     136.84,      74.79,       0.00,    14303.3,       1.47,       1.62
    0,     4,     7,     103.65,      78.34,       0.00,    11030.7,       1.48,       1.63
    0,     4,     8,      70.08,     111.24,       0.00,    11727.6,       1.53,       1.54
    0,     4,     9,     112.74,     131.18,       0.00,    14937.3,       1.52,       1.57
    0,     4,    10,      95.09,     138.09,       0.00,    10116.5,       1.51,       1.59
    0,     4,    11,     101.86,     164.18,       0.00,     7702.1,       1.52,       1.55
    0,     5,     1,       9.02,      14.55,       0.00,     2577.5,       1.46,       1.63
    0,     5,     2,      29.25,      30.97,       0.00,    16095.1,       1.59,       1.57
    0,     5,     3,      68.45,      72.72,       0.00,    18557.6,       1.52,       1.67
    0,     5,     4,      43.84,      72.95,       0.00,     7420.7,       1.45,       1.56
    0,     5,     5,      86.22,      73.91,       0.00,     8525.7,       1.41,       1.60
    0,     5,     6,     136.86,      74.76,       0.00,    14022.4,       1.47,       1.60
    0,     5,     7,     103.65,      78.32,       0.00,    10795.1,       1.46,       1.67
    0,     5,     8,      70.07,     111.25,       0.00,    11879.0,       1.50,       1.57
    0,     5,     9,     112.76,     131.17,       0.00,    15129.9,       1.52,       1.59
    0,     5,    10,      95.12,     138.06,       0.00,     9947.0,       1.49,       1.57
    0,     5,    11,     101.83,     164.20,       0.00,     7515.4,       1.43,       1.55
    0,     6,     1,       8.94,      14.58,       0.00,     2526.5,       1.44,       1.61
    0,     6,     2,      29.26,      30.95,       0.00,    15919.2,       1.61,       1.55
    0,     6,     3,      68.46,      72.75,       0.00,    18172.6,       1.50,       1.66
    0,     6,     4,      43.84,      72.98,       0.00,     7498.3,       1.47,       1.57
    0,     6,     5,      86.15,      73.93,       0.00,     8587.6,       1.44,       1.64
    0,     6,     6,     136.86,      74.79,       0.00,    14414.5,       1.54,       1.62
    0,     6,     7,     103.68,      78.32,       0.00,    10746.8,       1.44,       1.63
    0,     6,     8,      70.07,     111.25,       0.00,    11814.2,       1.55,       1.59
    0,     6,     9,     112.75,     131.20,       0.00,    14933.6,       1.54,       1.57
    0,     6,    10,      95.11,     138.06,       0.00,     9980.1,       1.45,       1.58
    0,     6,    11,     101.87,     164.18,       0.00,     7360.8,       1.51,       1.54
    0,     7,     1,       8.96,      14.45,       0.00,     2549.0,       1.39,       1.71
    0,     7,     2,      29.26,      30.97,       0.00,    15841.1,       1.61,       1.55
    0,     7,     3,      68.46,      72.74,       0.00,    18206.1,       1.51,       1.64
    0,     7,     4,      43.83,      73.02,       0.00,     7705.3,       1.51,       1.58
    0,     7,     5,      86.19,      73.90,       0.00,     8452.9,       1.43,       1.60
    0,     7,     6,     136.84,      74.79,       0.00,    14118.3,       1.51,       1.61
    0,     7,     7,     103.65,      78.31,       0.00,    10510.4,       1.45,       1.60
    0,     7,     8,      70.10,     111.25,       0.00,    11741.6,       1.52,       1.56
    0,     7,     9,     112.76,     131.16,       0.00,    15231.5,       1.55,       1.57
    0,     7,    10,      95.09,     138.07,       0.00,     9820.9,       1.43,       1.60
    0,     7,    11,     101.87,     164.15,       0.00,     7770.7,       1.48,       1.54
    0,     8,     1,       8.94,      14.53,       0.00,     2543.5,       1.43,       1.66
    0,     8,     2,      29.23,      30.95,       0.00,    16204.7,       1.59,       1.59
    0,     8,     3,      68.46,      72.74,       0.00,    18680.2,       1.50,       1.67
    0,     8,     4,      43.80,      73.00,       0.00,     7692.6,       1.49,       1.56
    0,     8,     5,      86.15,      73.91,       0.00,     8493.1,       1.42,       1.59
    0,     8,     6,     136.83,      74.77,       0.00,    14225.6,       1.48,       1.63
    0,     8,     7,     103.68,      78.32,       0.00,    10804.1,       1.44,       1.62
    0,     8,     8,      70.09,     111.26,       0.00,    11820.3,       1.47,       1.63
    0,     8,     9,     112.72,     131.19,       0.00,    15090.0,       1.53,       1.57
    0,     8,    10,      95.08,     138.03,       0.00,     9734.4,       1.44,       1.56
    0,     8,    11,     101.84,     164.19,       0.00,     7259.0,       1.48,       1.45
    0,     9,     1,       8.94,      14.60,       0.00,     2575.0,       1.38,       1.71
    0,     9,     2,      29.24,      30.96,       0.00,    16081.2,       1.60,       1.58
    0,     9,     3,      68.45,      72.75,       0.00,    18715.8,       1.51,       1.71
    0,     9,     4,      43.83,      72.95,       0.00,     7304.4,       1.46,       1.56
    0,     9,     5,      86.20,      73.94,       0.00,     8655.1,       1.38,       1.64
    0,     9,     6,     136.85,      74.75,       0.00,    13820.3,       1.46,       1.63
    0,     9,     7,     103.65,      78.33,       0.00,    10806.5,       1.44,       1.67
    0,     9,     8,      70.09,     111.24,       0.00,    11615.5,       1.50,       1.53
    0,     9,     9,     112.76,     131.17,       0.00,    14765.8,       1.51,       1.54
    0,     9,    10,      95.09,     138.06,       0.00,     9961.0,       1.50,       1.58
    0,     9,    11,     101.87,     164.14,       0.00,     7620.7,       1.48,       1.56
    0,    10,     1,       9.00,      14.58,       0.00,     2567.5,       1.41,       1.69
    0,    10,     2,      29.27,      30.94,       0.00,    16210.8,       1.59,       1.56
    0,    10,     3,      68.47,      72.74,       0.00,    18305.2,       1.48,       1.66
    0,    10,     4,      43.80,      73.02,       0.00,     7681.2,       1.51,       1.54
    0,    10,     5,      86.21,      73.92,       0.00,     8418.4,       1.43,       1.57
    0,    10,     6,     136.84,      74.78,       0.00,    13962.4,       1.45,       1.63
    0,    10,     7,     103.67,      78.30,       0.00,    10592.3,       1.40,       1.65
    0,    10,     8,      70.11,     111.22,       0.00,    11532.4,       1.53,       1.59
    0,    10,     9,     112.74,     131.22,       0.00,    14770.2,       1.56,       1.57
    0,    10,    10,      95.12,     138.04,       0.00,     9628.9,       1.44,       1.55
    0,    10,    11,     101.86,     164.27,       0.00,     7613.3,       1.45,       1.55
    0,    11,     1,       9.04,      14.50,       0.00,     2390.5,       1.38,       1.55
    0,    11,     2,      29.24,      30.96,       0.00,    15848.1,       1.59,       1.56
    0,    11,     3,      43.83,      72.98,       0.00,     7497.0,       1.50,       1.58
    0,    11,     4,      68.47,      72.73,       0.00,    18413.7,       1.48,       1.68
    0,    11,     5,      86.21,      73.91,       0.00,     8665.8,       1.43,       1.69
    0,    11,     6,     136.84,      74.77,       0.00,    14264.2,       1.50,       1.63
    0,    11,     7,     103.64,      78.32,       0.00,    10919.6,       1.45,       1.64
    0,    11,     8,      70.12,     111.28,       0.00,    11308.4,       1.51,       1.56
    0,    11,     9,     112.74,     131.18,       0.00,    14959.7,       1.52,       1.58
    0,    11,    10,      95.10,     138.08,       0.00,     9899.1,       1.45,       1.58
    0,    11,    11,     101.90,     164.15,       0.00,     7583.0,       1.45,       1.57
    0,    12,     1,       9.02,      14.59,       0.00,     2510.9,       1.44,       1.57
    0,    12,     2,      29.24,      30.98,       0.00,    15791.3,       1.58,       1.58
    0,    12,     3,      68.47,      72.73,       0.00,    18684.5,       1.52,       1.68
    0,    12,     4,      43.82,      72.98,       0.00,     7719.9,       1.54,       1.59
    0,    12,     5,      86.25,      73.92,       0.00,     8684.9,       1.46,       1.63
    0,    12,     6,     136.83,      74.77,       0.00,    13882.2,       1.48,       1.61
    0,    12,     7,     103.67,      78.31,       0.00,    10911.6,       1.45,       1.65
    0,    12,     8,      70.10,     111.26,       0.00,    11696.5,       1.52,       1.56
    0,    12,     9,     112.73,     131.17,       0.00,    14971.6,       1.55,       1.58
    0,    12,    10,      95.09,     138.04,       0.00,     9763.1,       1.49,       1.56
    0,    12,    11,     101.84,     164.18,       0.00,     7641.8,       1.53,       1.48
    0,    13,     1,       8.93,      14.54,       0.00,     2561.3,       1.40,       1.58
    0,    13,     2,      29.27,      30.97,       0.00,    15591.4,       1.59,       1.58
    0,    13,     3,      68.44,      72.75,       0.00,    18855.4,       1.53,       1.67
    0,    13,     4,      43.86,      73.05,       0.00,     7447.9,       1.48,       1.56
    0,    13,     5,      86.19,      73.93,       0.00,     8732.6,       1.44,       1.62
    0,    13,     6,     136.82,      74.76,       0.00,    14125.0,       1.46,       1.64
    0,    13,     7,     103.66,      78.32,       0.00,    10405.6,       1.45,       1.63
    0,    13,     8,      70.12,     111.25,       0.00,    11831.9,       1.49,       1.59
    0,    13,     9,     112.73,     131.19,       0.00,    15206.1,       1.54,       1.58
    0,    13,    10,      95.11,     138.05,       0.00,     9619.3,       1.47,       1.54
    0,    13,    11,     101.86,     164.18,       0.00,     7458.0,       1.52,       1.48
    0,    14,     1,       8.94,      14.64,       0.00,     2422.5,       1.44,       1.67
    0,    14,     2,      29.25,      30.92,       0.00,    15722.9,       1.60,       1.55
    0,    14,     3,      68.47,      72.74,       0.00,    17932.9,       1.49,       1.64
    0,    14,     4,      43.84,      73.00,       0.00,     7727.2,       1.54,       1.59
    0,    14,     5,      86.14,      73.94,       0.00,     8779.4,       1.44,       1.66
    0,    14,     6,     136.85,      74.79,       0.00,    13950.4,       1.49,       1.61
    0,    14,     7,     103.69,      78.33,       0.00,    10671.6,       1.43,       1.64
    0,    14,     8,      70.11,     111.26,       0.00,    11759.8,       1.51,       1.58
    0,    14,     9,     112.74,     131.17,       0.00,    14955.0,       1.53,       1.56
    0,    14,    10,      95.09,     138.04,       0.00,     9742.0,       1.45,       1.56
    0,    14,    11,     101.87,     164.19,       0.00,     7601.0,       1.49,       1.50
    0,    15,     1,       9.04,      14.55,       0.00,     2435.4,       1.33,       1.63
    0,    15,     2,      29.27,      30.95,       0.00,    15906.7,       1.61,       1.57
    0,    15,     3,      68.45,      72.73,       0.00,    18015.2,       1.50,       1.64
    0,    15,     4,      43.82,      72.99,       0.00,     7438.5,       1.51,       1.57
    0,    15,     5,      86.18,      73.94,       0.00,     8416.6,       1.43,       1.57
    0,    15,     6,     136.86,      74.75,       0.00,    13905.5,       1.46,       1.63
    0,    15,     7,     103.66,      78.33,       0.00,    10374.7,       1.41,       1.62
    0,    15,     8,      70.11,     111.24,       0.00,    11457.9,       1.50,       1.56
    0,    15,     9,     112.75,     131.18,       0.00,    14951.8,       1.55,       1.56
    0,    15,    10,      95.07,     138.07,       0.00,    10000.2,       1.48,       1.57
    0,    15,    11,     101.86,     164.19,       0.00,     7554.3,       1.52,       1.49
    0,    16,     1,       8.98,      14.51,       0.00,     2432.9,       1.49,       1.55
    0,    16,     2,      29.25,      30.93,       0.00,    16000.6,       1.62,       1.58
    0,    16,     3,      68.45,      72.73,       0.00,    18179.7,       1.50,       1.63
    0,    16,     4,      43.82,      73.02,       0.00,     7495.2,       1.52,       1.54
    0,    16,     5,      86.16,      73.95,       0.00,     8535.6,       1.43,       1.65
    0,    16,     6,     136.87,      74.77,       0.00,    13588.9,       1.48,       1.60
    0,    16,     7,     103.65,      78.33,       0.00,    10489.3,       1.43,       1.61
    0,    16,     8,      70.12,     111.21,       0.00,    11675.5,       1.50,       1.56
    0,    16,     9,     112.74,     131.19,       0.00,    14860.1,       1.55,       1.56
    0,    16,    10,      95.11,     138.06,       0.00,     9648.3,       1.46,       1.59
    0,    16,    11,     101.89,     164.21,       0.00,     7748.2,       1.52,       1.51
    0,    17,     1,       8.96,      14.51,       0.00,     2490.0,       1.41,       1.72
    0,    17,     2,      29.25,      30.93,       0.00,    16182.6,       1.62,       1.59
    0,    17,     3,      68.44,      72.77,       0.00,    18530.2,       1.51,       1.66
    0,    17,     4,      43.80,      73.00,       0.00,     7489.1,       1.55,       1.52
    0,    17,     5,      86.15,      73.93,       0.00,     8544.4,       1.42,       1.63
    0,    17,     6,     136.86,      74.77,       0.00,    13749.4,       1.48,       1.63
    0,    17,     7,     103.63,      78.33,       0.00,    10550.3,       1.44,       1.63
    0,    17,     8,      70.08,     111.30,       0.00,    11511.5,       1.48,       1.61
    0,    17,     9,     112.71,     131.17,       0.00,    15264.9,       1.57,       1.58
    0,    17,    10,      95.07,     138.04,       0.00,     9783.3,       1.46,       1.58
    0,    17,    11,     101.86,     164.21,       0.00,     7652.4,       1.50,       1.51
    0,    18,     1,       8.97,      14.61,       0.00,     2463.0,       1.31,       1.59
    0,    18,     2,      29.25,      30.92,       0.00,    15686.9,       1.58,       1.55
    0,    18,     3,      68.47,      72.75,       0.00,    18035.9,       1.51,       1.66
    0,    18,     4,      43.85,      73.00,       0.00,     7661.5,       1.53,       1.60
    0,    18,     5,      86.14,      73.93,       0.00,     8614.2,       1.41,       1.66
    0,    18,     6,     136.85,      74.77,       0.00,    13785.1,       1.45,       1.62
    0,    18,     7,     103.66,      78.30,       0.00,    10516.2,       1.43,       1.64
    0,    18,     8,      70.10,     111.24,       0.00,    11829.0,       1.50,       1.58
    0,    18,     9,     112.75,     131.20,       0.00,    15236.7,       1.55,       1.59
    0,    18,    10,      95.10,     138.06,       0.00,     9974.9,       1.47,       1.59
    0,    18,    11,     101.87,     164.19,       0.00,     7513.6,       1.47,       1.57
    0,    19,     1,       8.98,      14.60,       0.00,     2579.4,       1.46,       1.69
    0,    19,     2,      29.24,      30.98,       0.00,    15974.8,       1.59,       1.54
    0,    19,     3,      68.46,      72.76,       0.00,    18010.6,       1.52,       1.63
    0,    19,     4,      43.82,      73.05,       0.00,     7445.1,       1.47,       1.59
    0,    19,     5,      86.19,      73.93,       0.00,     8389.8,       1.42,       1.65
    0,    19,     6,     136.86,      74.76,       0.00,    14080.5,       1.51,       1.60
    0,    19,     7,     103.66,      78.32,       0.00,    10590.7,       1.43,       1.63
    0,    19,     8,      70.08,     111.23,       0.00,    11707.0,       1.49,       1.58
    0,    19,     9,     112.74,     131.19,       0.00,    14845.2,       1.56,       1.53
    0,    19,    10,      95.10,     138.07,       0.00,     9915.2,       1.48,       1.55
    0,    19,    11,     101.87,     164.18,       0.00,     7574.8,       1.47,       1.50
    0,    20,     1,       8.99,      14.62,       0.00,     2358.0,       1.36,       1.69
    0,    20,     2,      29.27,      30.96,       0.00,    16074.2,       1.62,       1.55
    0,    20,     3,      68.46,      72.72,       0.00,    18047.4,       1.52,       1.63
    0,    20,     4,      43.81,      73.02,       0.00,     7550.1,       1.55,       1.59
    0,    20,     5,      86.18,      73.90,       0.00,     8404.5,       1.44,       1.65
    0,    20,     6,     136.86,      74.79,       0.00,    14048.6,       1.50,       1.61
    0,    20,     7,     103.65,      78.31,       0.00,    10801.6,       1.43,       1.64
    0,    20,     8,      70.08,     111.24,       0.00,    11560.9,       1.48,       1.55
    0,    20,     9,     112.72,     131.18,       0.00,    14621.6,       1.52,       1.55
    0,    20,    10,      95.07,     138.09,       0.00,    10062.6,       1.49,       1.61
    0,    20,    11,     101.84,     164.17,       0.00,     7465.3,       1.50,       1.50
    0,    21,     1,       9.01,      14.63,       0.00,     2480.5,       1.40,       1.77
    0,    21,     2,      29.28,      30.94,       0.00,    15752.0,       1.56,       1.55
    0,    21,     3,      68.44,      72.74,       0.00,    18126.6,       1.50,       1.65
    0,    21,     4,      43.85,      73.05,       0.00,     7392.6,       1.46,       1.59
    0,    21,     5,      86.15,      73.92,       0.00,     8247.6,       1.41,       1.60
    0,    21,     6,     136.87,      74.79,       0.00,    13835.3,       1.48,       1.64
    0,    21,     7,     103.66,      78.30,       0.00,    10660.9,       1.42,       1.64
    0,    21,     8,      70.10,     111.25,       0.00,    11663.3,       1.52,       1.57
    0,    21,     9,     112.71,     131.19,       0.00,    15138.3,       1.56,       1.62
    0,    21,    10,      95.06,     138.05,       0.00,     9915.7,       1.43,       1.61
    0,    21,    11,     101.87,     164.19,       0.00,     7397.7,       1.50,       1.48
    0,    22,     1,       8.96,      14.56,       0.00,     2644.9,       1.40,       1.73
    0,    22,     2,      29.25,      30.94,       0.00,    16098.4,       1.57,       1.57
    0,    22,     3,      43.80,      73.02,       0.00,     7424.4,       1.50,       1.57
    0,    22,     4,      68.46,      72.72,       0.00,    18247.2,       1.53,       1.68
    0,    22,     5,      86.22,      73.94,       0.00,     8317.6,       1.44,       1.58
    0,    22,     6,     136.86,      74.80,       0.00,    13964.3,       1.47,       1.62
    0,    22,     7,     103.66,      78.33,       0.00,    10616.6,       1.43,       1.64
    0,    22,     8,      70.10,     111.26,       0.00,    11314.5,       1.45,       1.59
    0,    22,     9,     112.75,     131.17,       0.00,    14874.0,       1.52,       1.58
    0,    22,    10,      95.07,     138.05,       0.00,     9993.0,       1.45,       1.61
    0,    22,    11,     101.82,     164.19,       0.00,     7491.3,       1.50,       1.50
    0,    23,     1,       8.89,      14.59,       0.00,     2375.2,       1.41,       1.59
    0,    23,     2,      29.23,      30.96,       0.00,    15899.9,       1.56,       1.56
    0,    23,     3,      43.80,      72.98,       0.00,     7364.5,       1.52,       1.57
    0,    23,     4,      68.46,      72.77,       0.00,    17915.9,       1.51,       1.66
    0,    23,     5,      86.19,      73.89,       0.00,     8450.0,       1.41,       1.62
    0,    23,     6,     136.84,      74.78,       0.00,    14105.9,       1.50,       1.62
    0,    23,     7,     103.66,      78.35,       0.00,    10756.2,       1.45,       1.68
    0,    23,     8,      70.11,     111.25,       0.00,    11349.3,       1.51,       1.59
    0,    23,     9,     112.71,     131.20,       0.00,    14703.2,       1.54,       1.56
    0,    23,    10,      95.12,     138.10,       0.00,    10074.6,       1.49,       1.56
    0,    23,    11,     101.83,     164.17,       0.00,     7657.5,       1.51,       1.52
    0,    24,     1,       8.93,      14.66,       0.00,     2576.3,       1.48,       1.71
    0,    24,     2,      29.24,      30.98,       0.00,    15845.3,       1.61,       1.56
    0,    24,     3,      68.45,      72.75,       0.00,    17787.5,       1.50,       1.65
    0,    24,     4,      43.82,      73.04,       0.00,     7550.6,       1.54,       1.54
    0,    24,     5,      86.14,      73.92,       0.00,     8396.1,       1.43,       1.63
    0,    24,     6,     136.86,      74.81,       0.00,    13723.2,       1.52,       1.59
    0,    24,     7,     103.63,      78.32,       0.00,    10303.9,       1.40,       1.61
    0,    24,     8,      70.09,     111.24,       0.00,    11727.5,       1.56,       1.63
    0,    24,     9,     112.69,     131.19,       0.00,    14720.2,       1.54,       1.51
    0,    24,    10,      95.11,     138.07,       0.00,     9843.5,       1.47,       1.55
    0,    24,    11,     101.88,     164.20,       0.00,     7170.9,       1.48,       1.50
    0,    25,     1,       8.98,      14.59,       0.00,     2468.0,       1.46,       1.56
    0,    25,     2,      29.22,      31.00,       0.00,    15833.2,       1.64,       1.56
    0,    25,     3,      68.45,      72.77,       0.00,    18331.7,       1.51,       1.67
    0,    25,     4,      43.80,      73.04,       0.00,     7411.2,       1.56,       1.55
    0,    25,     5,      86.20,      73.92,       0.00,     8443.3,       1.41,       1.59
    0,    25,     6,     136.85,      74.81,       0.00,    13968.2,       1.51,       1.62
    0,    25,     7,     103.64,      78.34,       0.00,    10433.1,       1.43,       1.60
    0,    25,     8,      70.09,     111.26,       0.00,    11578.4,       1.53,       1.61
    0,    25,     9,     112.74,     131.19,       0.00,    14864.5,       1.53,       1.54
    0,    25,    10,      95.09,     138.10,       0.00,     9818.1,       1.45,       1.60
    0,    25,    11,     101.85,     164.17,       0.00,     7361.9,       1.52,       1.49
    0,    26,     1,       8.98,      14.51,       0.00,     2460.6,       1.40,       1.57
    0,    26,     2,      29.23,      30.98,       0.00,    15874.9,       1.58,       1.58
    0,    26,     3,      68.46,      72.75,       0.00,    18277.8,       1.52,       1.65
    0,    26,     4,      43.80,      72.98,       0.00,     7410.1,       1.51,       1.54
    0,    26,     5,      86.16,      73.96,       0.00,     8481.1,       1.41,       1.65
    0,    26,     6,     136.86,      74.81,       0.00,    13714.6,       1.48,       1.62
    0,    26,     7,     103.62,      78.32,       0.00,    10479.6,       1.41,       1.61
    0,    26,     8,      70.12,     111.25,       0.00,    11338.1,       1.54,       1.57
    0,    26,     9,     112.74,     131.20,       0.00,    15075.6,       1.55,       1.56
    0,    26,    10,      95.12,     138.03,       0.00,    10004.1,       1.50,       1.56
    0,    26,    11,     101.85,     164.20,       0.00,     7515.9,       1.53,       1.54
    0,    27,     1,       8.94,      14.61,       0.00,     2531.0,       1.47,       1.61
    0,    27,     2,      29.24,      30.98,       0.00,    15630.3,       1.64,       1.53
    0,    27,     3,      68.46,      72.73,       0.00,    17917.6,       1.50,       1.62
    0,    27,     4,      43.79,      73.02,       0.00,     7349.0,       1.49,       1.52
    0,    27,     5,      86.17,      73.93,       0.00,     8505.2,       1.46,       1.60
    0,    27,     6,     136.85,      74.82,       0.00,    13862.8,       1.50,       1.58
    0,    27,     7,     103.63,      78.36,       0.00,    10443.8,       1.46,       1.60
    0,    27,     8,      70.06,     111.28,       0.00,    10981.6,       1.53,       1.55
    0,    27,     9,     112.71,     131.20,       0.00,    14697.3,       1.55,       1.54
    0,    27,    10,      95.07,     138.06,       0.00,     9627.0,       1.45,       1.57
    0,    27,    11,     101.85,     164.21,       0.00,     7471.7,       1.51,       1.53
    0,    28,     1,       8.97,      14.57,       0.00,     2639.5,       1.54,       1.72
    0,    28,     2,      29.24,      30.97,       0.00,    15708.1,       1.61,       1.53
    0,    28,     3,      68.46,      72.76,       0.00,    18186.9,       1.55,       1.62
    0,    28,     4,      43.77,      73.02,       0.00,     7393.6,       1.50,       1.57
    0,    28,     5,      86.20,      73.92,       0.00,     8295.1,       1.48,       1.56
    0,    28,     6,     136.85,      74.78,       0.00,    13686.1,       1.49,       1.56
    0,    28,     7,     103.63,      78.36,       0.00,    10486.7,       1.46,       1.64
    0,    28,     8,      70.10,     111.25,       0.00,    10993.8,       1.50,       1.55
    0,    28,     9,     112.71,     131.22,       0.00,    15042.3,       1.56,       1.54
    0,    28,    10,      95.06,     138.08,       0.00,     9650.9,       1.47,       1.58
    0,    28,    11,     101.87,     164.23,       0.00,     7300.1,       1.51,       1.44
    0,    29,     1,       9.00,      14.53,       0.00,     2466.3,       1.43,       1.63
    0,    29,     2,      29.17,      30.99,       0.00,    16060.5,       1.65,       1.56
    0,    29,     3,      68.44,      72.75,       0.00,    18670.5,       1.53,       1.65
    0,    29,     4,      43.76,      73.05,       0.00,     7552.3,       1.52,       1.56
    0,    29,     5,      86.15,      73.93,       0.00,     8281.8,       1.47,       1.53
    0,    29,     6,     136.84,      74.80,       0.00,    13762.1,       1.50,       1.60
    0,    29,     7,     103.62,      78.34,       0.00,    10247.3,       1.40,       1.59
    0,    29,     8,      70.07,     111.27,       0.00,    11102.9,       1.55,       1.56
    0,    29,     9,     112.72,     131.21,       0.00,    14620.2,       1.55,       1.54
    0,    29,    10,      95.06,     138.06,       0.00,     9640.2,       1.52,       1.53
    0,    29,    11,     101.80,     164.17,       0.00,     7125.7,       1.49,       1.48
    0,    30,     1,       8.94,      14.63,       0.00,     2513.8,       1.42,       1.64
    0,    30,     2,      29.18,      30.99,       0.00,    15874.6,       1.60,       1.57
    0,    30,     3,      68.43,      72.75,       0.00,    18207.9,       1.49,       1.64
    0,    30,     4,      43.76,      73.03,       0.00,     7426.3,       1.52,       1.55
    0,    30,     5,      86.14,      73.95,       0.00,     8430.6,       1.41,       1.59
    0,    30,     6,     136.83,      74.80,       0.00,    13838.8,       1.49,       1.60
    0,    30,     7,     103.60,      78.35,       0.00,    10429.5,       1.45,       1.62
    0,    30,     8,      70.10,     111.31,       0.00,    10852.1,       1.51,       1.50
    0,    30,     9,     112.70,     131.21,       0.00,    14555.8,       1.54,       1.52
    0,    30,    10,      95.04,     138.09,       0.00,     9334.8,       1.43,       1.54
    0,    30,    11,     101.83,     164.21,       0.00,     7178.8,       1.49,       1.48
    0,    31,     1,       8.89,      14.68,       0.00,     2476.3,       1.46,       1.56
    0,    31,     2,      29.21,      30.98,       0.00,    15766.0,       1.63,       1.56
    0,    31,     3,      68.44,      72.78,       0.00,    18009.4,       1.53,       1.63
    0,    31,     4,      43.76,      73.00,       0.00,     7507.1,       1.54,       1.57
    0,    31,     5,      86.16,      73.94,       0.00,     8250.0,       1.44,       1.57
    0,    31,     6,     136.86,      74.85,       0.00,    13684.8,       1.50,       1.57
    0,    31,     7,     103.59,      78.35,       0.00,    10295.2,       1.46,       1.62
    0,    31,     8,      70.09,     111.29,       0.00,    10840.5,       1.53,       1.51
    0,    31,     9,     112.72,     131.21,       0.00,    14779.8,       1.55,       1.56
    0,    31,    10,      95.09,     138.05,       0.00,     9567.6,       1.49,       1.53
    0,    31,    11,     101.86,     164.21,       0.00,     7328.3,       1.53,       1.48
    0,    32,     1,       8.88,      14.52,       0.00,     2529.2,       1.39,       1.66
    0,    32,     2,      29.21,      31.00,       0.00,    15837.3,       1.62,       1.55
    0,    32,     3,      68.43,      72.76,       0.00,    18243.4,       1.53,       1.62
    0,    32,     4,      43.79,      73.01,       0.00,     7488.7,       1.49,       1.54
    0,    32,     5,      86.20,      73.93,       0.00,     8212.0,       1.43,       1.59
    0,    32,     6,     136.81,      74.80,       0.00,    13902.5,       1.50,       1.61
    0,    32,     7,     103.61,      78.38,       0.00,    10470.0,       1.46,       1.63
    0,    32,     8,      70.07,     111.30,       0.00,    11192.6,       1.53,       1.59
    0,    32,     9,     112.73,     131.22,       0.00,    14860.1,       1.57,       1.52
    0,    32,    10,      95.10,     138.05,       0.00,     9483.5,       1.44,       1.54
    0,    32,    11,     101.79,     164.23,       0.00,     7402.6,       1.50,       1.52
    0,    33,     1,       8.89,      14.55,       0.00,     2419.7,       1.36,       1.57
    0,    33,     2,      29.23,      30.97,       0.00,    15879.9,       1.62,       1.55
    0,    33,     3,      68.42,      72.73,       0.00,    17935.9,       1.50,       1.65
    0,    33,     4,      43.76,      73.02,       0.00,     7492.3,       1.54,       1.57
    0,    33,     5,      86.17,      73.95,       0.00,     8478.2,       1.43,       1.65
    0,    33,     6,     136.85,      74.84,       0.00,    13527.3,       1.50,       1.57
    0,    33,     7,     103.61,      78.34,       0.00,    10142.3,       1.42,       1.59
    0,    33,     8,      70.09,     111.29,       0.00,    11109.4,       1.51,       1.57
    0,    33,     9,     112.70,     131.20,       0.00,    14674.3,       1.54,       1.54
    0,    33,    10,      95.05,     138.06,       0.00,     9564.1,       1.51,       1.52
    0,    33,    11,     101.86,     164.24,       0.00,     7464.1,       1.52,       1.54
    0,    34,     1,       8.93,      14.53,       0.00,     2485.9,       1.45,       1.55
    0,    34,     2,      29.22,      30.97,       0.00,    15784.2,       1.59,       1.54
    0,    34,     3,      68.43,      72.77,       0.00,    17952.2,       1.53,       1.60
    0,    34,     4,      43.80,      73.00,       0.00,     7307.7,       1.56,       1.47
    0,    34,     5,      86.16,      73.95,       0.00,     8472.2,       1.45,       1.59
    0,    34,     6,     136.84,      74.79,       0.00,    13469.6,       1.49,       1.56
    0,    34,     7,     103.60,      78.36,       0.00,    10312.9,       1.45,       1.55
    0,    34,     8,      70.07,     111.27,       0.00,    11281.9,       1.53,       1.57
    0,    34,     9,     112.72,     131.22,       0.00,    14585.1,       1.54,       1.50
    0,    34,    10,      95.10,     138.13,       0.00,     9642.1,       1.52,       1.52
    0,    34,    11,     101.80,     164.20,       0.00,     7450.8,       1.50,       1.52
    0,    35,     1,       8.99,      14.65,       0.00,     2497.2,       1.46,       1.64
    0,    35,     2,      29.23,      30.98,       0.00,    15814.7,       1.61,       1.55
    0,    35,     3,      68.44,      72.78,       0.00,    17765.0,       1.51,       1.64
    0,    35,     4,      43.79,      73.04,       0.00,     7412.1,       1.55,       1.55
    0,    35,     5,      86.15,      73.92,       0.00,     8271.5,       1.45,       1.60
    0,    35,     6,     136.82,      74.80,       0.00,    13704.0,       1.54,       1.59
    0,    35,     7,     103.60,      78.33,       0.00,    10347.3,       1.45,       1.59
    0,    35,     8,      70.09,     111.27,       0.00,    11218.0,       1.57,       1.56
    0,    35,     9,     112.70,     131.21,       0.00,    15112.7,       1.61,       1.52
    0,    35,    10,      95.07,     138.05,       0.00,     9586.3,       1.46,       1.56
    0,    35,    11,     101.83,     164.25,       0.00,     7379.9,       1.52,       1.46
    0,    36,     1,       9.00,      14.57,       0.00,     2460.2,       1.46,       1.57
    0,    36,     2,      29.21,      30.95,       0.00,    16174.6,       1.65,       1.56
    0,    36,     3,      68.45,      72.78,       0.00,    16911.8,       1.51,       1.61
    0,    36,     4,      43.82,      73.04,       0.00,     7305.4,       1.55,       1.52
    0,    36,     5,      86.13,      73.96,       0.00,     8449.0,       1.50,       1.59
    0,    36,     6,     136.87,      74.80,       0.00,    13657.2,       1.52,       1.54
    0,    36,     7,     103.59,      78.37,       0.00,    10207.7,       1.46,       1.53
    0,    36,     8,      70.07,     111.30,       0.00,    11078.7,       1.53,       1.54
    0,    36,     9,     112.73,     131.23,       0.00,    14961.8,       1.57,       1.56
    0,    36,    10,      95.09,     138.09,       0.00,     9415.4,       1.51,       1.52
    0,    36,    11,     101.81,     164.27,       0.00,     7570.0,       1.54,       1.50
    0,    37,     1,       8.93,      14.56,       0.00,     2566.4,       1.43,       1.68
    0,    37,     2,      29.21,      30.98,       0.00,    15810.0,       1.63,       1.53
    0,    37,     3,      68.45,      72.78,       0.00,    17298.1,       1.56,       1.58
    0,    37,     4,      43.82,      73.06,       0.00,     7643.5,       1.56,       1.54
    0,    37,     5,      86.12,      73.96,       0.00,     8188.4,       1.40,       1.61
    0,    37,     6,     136.83,      74.80,       0.00,    13575.6,       1.53,       1.58
    0,    37,     7,     103.59,      78.35,       0.00,    10742.4,       1.45,       1.63
    0,    37,     8,      70.09,     111.29,       0.00,    11537.7,       1.51,       1.58
    0,    37,     9,     112.69,     131.20,       0.00,    15029.5,       1.61,       1.54
    0,    37,    10,      95.09,     138.05,       0.00,     9462.4,       1.48,       1.51
    0,    37,    11,     101.86,     164.21,       0.00,     7370.6,       1.52,       1.51
    0,    38,     1,       8.97,      14.59,       0.00,     2630.9,       1.51,       1.62
    0,    38,     2,      29.21,      30.95,       0.00,    15694.8,       1.63,       1.50
    0,    38,     3,      68.45,      72.77,       0.00,    17562.7,       1.54,       1.62
    0,    38,     4,      43.79,      73.03,       0.00,     7414.8,       1.55,       1.52
    0,    38,     5,      86.17,      73.93,       0.00,     8348.6,       1.41,       1.57
    0,    38,     6,     136.83,      74.79,       0.00,    13511.1,       1.53,       1.56
    0,    38,     7,     103.59,      78.32,       0.00,    10338.4,       1.42,       1.57
    0,    38,     8,      70.06,     111.28,       0.00,    11278.6,       1.56,       1.52
    0,    38,     9,     112.71,     131.22,       0.00,    14822.7,       1.57,       1.52
    0,    38,    10,      95.08,     138.07,       0.00,     9472.3,       1.46,       1.50
    0,    38,    11,     101.83,     164.18,       0.00,     7259.1,       1.48,       1.48
    0,    39,     1,       8.90,      14.64,       0.00,     2599.9,       1.49,       1.60
    0,    39,     2,      29.25,      30.99,       0.00,    15887.9,       1.63,       1.54
    0,    39,     3,      68.45,      72.79,       0.00,    17880.0,       1.55,       1.63
    0,    39,     4,      43.79,      73.01,       0.00,     7483.4,       1.55,       1.56
    0,    39,     5,      86.13,      73.95,       0.00,     8383.3,       1.44,       1.59
    0,    39,     6,     136.84,      74.83,       0.00,    13409.5,       1.51,       1.56
    0,    39,     7,     103.63,      78.32,       0.00,    10722.3,       1.48,       1.60
    0,    39,     8,      70.09,     111.29,       0.00,    11474.2,       1.53,       1.53
    0,    39,     9,     112.71,     131.20,       0.00,    14724.8,       1.57,       1.52
    0,    39,    10,      95.05,     138.10,       0.00,     9733.0,       1.51,       1.56
    0,    39,    11,     101.83,     164.23,       0.00,     7195.8,       1.50,       1.47
    0,    40,     1,       8.89,      14.64,       0.00,     2608.9,       1.44,       1.58
    0,    40,     2,      29.19,      30.99,       0.00,    16091.4,       1.63,       1.54
    0,    40,     3,      68.47,      72.76,       0.00,    17756.1,       1.53,       1.62
    0,    40,     4,      43.79,      72.99,       0.00,     7226.8,       1.53,       1.52
    0,    40,     5,      86.17,      73.96,       0.00,     8085.5,       1.42,       1.61
    0,    40,     6,     136.85,      74.79,       0.00,    13824.1,       1.50,       1.56
    0,    40,     7,     103.61,      78.33,       0.00,    10376.9,       1.50,       1.55
    0,    40,     8,      70.05,     111.25,       0.00,    11027.1,       1.54,       1.51
    0,    40,     9,     112.70,     131.20,       0.00,    14732.3,       1.56,       1.54
    0,    40,    10,      95.09,     138.07,       0.00,     9644.7,       1.51,       1.52
    0,    40,    11,     101.83,     164.22,       0.00,     7470.6,       1.57,       1.45
    0,    41,     1,       8.93,      14.66,       0.00,     2426.2,       1.40,       1.54
    0,    41,     2,      29.24,      30.98,       0.00,    16221.6,       1.66,       1.55
    0,    41,     3,      68.43,      72.77,       0.00,    18094.0,       1.55,       1.61
    0,    41,     4,      43.75,      73.04,       0.00,     7372.2,       1.53,       1.51
    0,    41,     5,      86.17,      73.94,       0.00,     8243.9,       1.43,       1.62
    0,    41,     6,     136.84,      74.80,       0.00,    13590.4,       1.51,       1.59
    0,    41,     7,     103.65,      78.32,       0.00,    10224.8,       1.43,       1.56
    0,    41,     8,      70.05,     111.28,       0.00,    11413.9,       1.52,       1.55
    0,    41,     9,     112.71,     131.20,       0.00,    14477.2,       1.57,       1.51
    0,    41,    10,      95.04,     138.10,       0.00,     9837.0,       1.51,       1.55
    0,    41,    11,     101.88,     164.20,       0.00,     7376.1,       1.59,       1.46
