#stackID(UINT32), frameID(UINT32), eventID(UINT32), x0(float), y0(float), z0(float), photon_count0(float), sigmaX0(float), sigmaY0(float) 
    0,     0,     1,       8.87,      14.54,       0.00,     2471.6,       1.57,       1.34
    0,     0,     2,      29.20,      30.97,       0.00,    16374.6,       1.81,       1.41
    0,     0,     3,      68.48,      72.76,       0.00,    17887.1,       1.72,       1.48
    0,     0,     4,      43.74,      73.05,       0.00,     7535.9,       1.71,       1.36
    0,     0,     5,      86.16,      73.92,       0.00,     8399.4,       1.62,       1.38
    0,     0,     6,     136.84,      74.80,       0.00,    14467.9,       1.69,       1.39
    0,     0,     7,     103.61,      78.31,       0.00,    10644.6,       1.64,       1.40
    0,     0,     8,      70.06,     111.29,       0.00,    11951.1,       1.71,       1.38
    0,     0,     9,     112.68,     131.22,       0.00,    15482.1,       1.75,       1.42
    0,     0,    10,      95.01,     138.04,       0.00,     9736.0,       1.70,       1.41
    0,     0,    11,     101.89,     164.16,       0.00,     7657.6,       1.67,       1.36
    0,     1,     1,       8.91,      14.64,       0.00,     2561.3,       1.62,       1.51
    0,     1,     2,      29.19,      30.96,       0.00,    16632.9,       1.82,       1.44
    0,     1,     3,      68.49,      72.76,       0.00,    17478.2,       1.71,       1.49
    0,     1,     4,      43.82,      72.99,       0.00,     7720.0,       1.70,       1.37
    0,     1,     5,      86.15,      73.93,       0.00,     8198.3,       1.59,       1.41
    0,     1,     6,     136.85,      74.76,       0.00,    14349.2,       1.67,       1.43
    0,     1,     7,     103.64,      78.30,       0.00,    10292.3,       1.59,       1.45
    0,     1,     8,      70.06,     111.30,       0.00,    11866.7,       1.68,       1.37
    0,     1,     9,     112.70,     131.20,       0.00,    14976.7,       1.75,       1.41
    0,     1,    10,      95.01,     138.05,       0.00,     9366.6,       1.67,       1.38
    0,     1,    11,     101.84,     164.19,       0.00,     7380.8,       1.63,       1.33
    0,     2,     1,       8.84,      14.59,       0.00,     2576.0,       1.61,       1.38
    0,     2,     2,      29.19,      30.96,       0.00,    16073.5,       1.81,       1.43
    0,     2,     3,      68.45,      72.73,       0.00,    17608.4,       1.72,       1.47
    0,     2,     4,      43.76,      73.02,       0.00,     8073.5,       1.70,       1.46
    0,     2,     5,      86.11,      73.91,       0.00,     8174.4,       1.59,       1.43
    0,     2,     6,     136.84,      74.78,       0.00,    13911.0,       1.65,       1.41
    0,     2,     7,     103.66,      78.32,       0.00,    10067.3,       1.59,       1.40
    0,     2,     8,      70.04,     111.27,       0.00,    11607.5,       1.66,       1.38
    0,     2,     9,     112.73,     131.20,       0.00,    14597.5,       1.77,       1.38
    0,     2,    10,      95.03,     138.07,       0.00,     9510.5,       1.66,       1.39
    0,     2,    11,     101.83,     164.18,       0.00,     7409.6,       1.67,       1.34
    0,     3,     1,       8.97,      14.53,       0.00,     2484.9,       1.62,       1.44
    0,     3,     2,      29.22,      30.96,       0.00,    15971.7,       1.83,       1.40
    0,     3,     3,      68.48,      72.76,       0.00,    17335.1,       1.71,       1.46
    0,     3,     4,      43.83,      73.02,       0.00,     7815.2,       1.70,       1.40
    0,     3,     5,      86.09,      73.93,       0.00,     8188.4,       1.58,       1.38
    0,     3,     6,     136.86,      74.78,       0.00,    13424.6,       1.64,       1.38
    0,     3,     7,     103.65,      78.31,       0.00,    10226.0,       1.59,       1.41
    0,     3,     8,      70.05,     111.28,       0.00,    11488.7,       1.67,       1.40
    0,     3,     9,     112.71,     131.22,       0.00,    14852.9,       1.75,       1.40
    0,     3,    10,      95.05,     138.04,       0.00,     9378.3,       1.60,       1.41
    0,     3,    11,     101.86,     164.17,       0.00,     7317.3,       1.68,       1.35
    0,     4,     1,       9.02,      14.58,       0.00,     2474.2,       1.63,       1.47
    0,     4,     2,      29.20,      30.97,       0.00,    16069.1,       1.83,       1.39
    0,     4,     3,      68.44,      72.74,       0.00,    17216.8,       1.71,       1.45
    0,     4,     4,      43.81,      73.01,       0.00,     7807.0,       1.71,       1.38
    0,     4,     5,      86.12,      73.91,       0.00,     8448.5,       1.59,       1.45
    0,     4,     6,     136.85,      74.78,       0.00,    13924.8,       1.68,       1.39
    0,     4,     7,     103.63,      78.29,       0.00,    10198.1,       1.60,       1.40
    0,     4,     8,      70.05,     111.28,       0.00,    11508.0,       1.72,       1.40
    0,     4,     9,     112.75,     131.22,       0.00,    14969.9,       1.73,       1.42
    0,     4,    10,      95.05,     138.07,       0.00,     9381.0,       1.62,       1.39
    0,     4,    11,     101.82,     164.19,       0.00,     7523.4,       1.69,       1.35
    0,     5,     1,       8.96,      14.55,       0.00,     2506.7,       1.53,       1.49
    0,     5,     2,      29.23,      30.93,       0.00,    16108.5,       1.77,       1.44
    0,     5,     3,      68.47,      72.74,       0.00,    17189.4,       1.70,       1.47
    0,     5,     4,      43.77,      73.03,       0.00,     7829.9,       1.69,       1.36
    0,     5,     5,      86.11,      73.89,       0.00,     8112.0,       1.57,       1.43
    0,     5,     6,     136.85,      74.78,       0.00,    13945.7,       1.67,       1.44
    0,     5,     7,     103.61,      78.34,       0.00,     9940.1,       1.61,       1.43
    0,     5,     8,      70.08,     111.31,       0.00,    11745.9,       1.69,       1.40
    0,     5,     9,     112.73,     131.20,       0.00,    14576.3,       1.71,       1.40
    0,     5,    10,      95.06,     138.07,       0.00,     9598.7,       1.67,       1.44
    0,     5,    11,     101.84,     164.18,       0.00,     7618.1,       1.69,       1.36
    0,     6,     1,       8.94,      14.56,       0.00,     2469.0,       1.71,       1.44
    0,     6,     2,      29.22,      30.98,       0.00,    15837.5,       1.79,       1.40
    0,     6,     3,      68.47,      72.75,       0.00,    16956.6,       1.69,       1.46
    0,     6,     4,      43.80,      73.03,       0.00,     7694.9,       1.70,       1.32
    0,     6,     5,      86.12,      73.93,       0.00,     7898.0,       1.60,       1.39
    0,     6,     6,     136.88,      74.79,       0.00,    13752.0,       1.66,       1.41
    0,     6,     7,     103.61,      78.32,       0.00,     9817.3,       1.56,       1.42
    0,     6,     8,      70.05,     111.33,       0.00,    11920.8,       1.69,       1.41
    0,     6,     9,     112.69,     131.23,       0.00,    14800.4,       1.71,       1.42
    0,     6,    10,      95.06,     138.05,       0.00,     9309.8,       1.69,       1.36
    0,     6,    11,     101.83,     164.21,       0.00,     7565.6,       1.69,       1.34
    0,     7,     1,       8.97,      14.52,       0.00,     2401.8,       1.58,       1.41
    0,     7,     2,      29.22,      30.95,       0.00,    16051.1,       1.84,       1.41
    0,     7,     3,      68.48,      72.75,       0.00,    16909.4,       1.69,       1.45
    0,     7,     4,      43.81,      73.03,       0.00,     7662.6,       1.72,       1.39
    0,     7,     5,      86.11,      73.92,       0.00,     8075.9,       1.57,       1.45
    0,     7,     6,     136.86,      74.76,       0.00,    13606.0,       1.67,       1.41
    0,     7,     7,     103.63,      78.35,       0.00,    10114.0,       1.62,       1.42
    0,     7,     8,      70.07,     111.28,       0.00,    11612.8,       1.71,       1.41
    0,     7,     9,     112.71,     131.19,       0.00,    14740.5,       1.75,       1.42
    0,     7,    10,      95.05,     138.07,       0.00,     9424.6,       1.68,       1.40
    0,     7,    11,     101.84,     164.20,       0.00,     7440.6,       1.68,       1.35
    0,     8,     1,       9.00,      14.59,       0.00,     2489.5,       1.54,       1.56
    0,     8,     2,      29.21,      30.95,       0.00,    15802.3,       1.81,       1.44
    0,     8,     3,      68.45,      72.74,       0.00,    16939.6,       1.70,       1.46
    0,     8,     4,      43.78,      73.02,       0.00,     7831.7,       1.72,       1.41
    0,     8,     5,      86.12,      73.95,       0.00,     8120.1,       1.62,       1.43
    0,     8,     6,     136.86,      74.76,       0.00,    13942.1,       1.67,       1.45
    0,     8,     7,     103.61,      78.31,       0.00,     9804.3,       1.59,       1.35
    0,     8,     8,      70.05,     111.31,       0.00,    11375.9,       1.72,       1.37
    0,     8,     9,     112.70,     131.19,       0.00,    14536.4,       1.71,       1.42
    0,     8,    10,      95.01,     138.03,       0.00,     9331.8,       1.66,       1.38
    0,     8,    11,     101.82,     164.19,       0.00,     7389.1,       1.63,       1.35
    0,     9,     1,       8.92,      14.58,       0.00,     2527.7,       1.59,       1.47
    0,     9,     2,      29.22,      30.97,       0.00,    16131.6,       1.81,       1.47
    0,     9,     3,      68.46,      72.75,       0.00,    17110.9,       1.71,       1.44
    0,     9,     4,      43.78,      73.04,       0.00,     7668.0,       1.69,       1.35
    0,     9,     5,      86.07,      73.95,       0.00,     8296.2,       1.60,       1.43
    0,     9,     6,     136.84,      74.77,       0.00,    13715.5,       1.67,       1.41
    0,     9,     7,     103.64,      78.31,       0.00,     9920.6,       1.57,       1.41
    0,     9,     8,      70.04,     111.25,       0.00,    11438.8,       1.70,       1.40
    0,     9,     9,     112.71,     131.21,       0.00,    14472.7,       1.74,       1.41
    0,     9,    10,      95.02,     138.01,       0.00,     9322.2,       1.66,       1.39
    0,     9,    11,     101.88,     164.19,       0.00,     7776.9,       1.68,       1.38
    0,    10,     1,       9.00,      14.53,       0.00,     2387.2,       1.57,       1.38
    0,    10,     2,      29.18,      30.96,       0.00,    16283.8,       1.82,       1.43
    0,    10,     3,      68.46,      72.75,       0.00,    17246.3,       1.70,       1.46
    0,    10,     4,      43.80,      73.04,       0.00,     7622.4,       1.71,       1.36
    0,    10,     5,      86.14,      73.91,       0.00,     8168.0,       1.56,       1.43
    0,    10,     6,     136.85,      74.75,       0.00,    13833.0,       1.66,       1.42
    0,    10,     7,     103.60,      78.35,       0.00,    10105.0,       1.62,       1.40
    0,    10,     8,      70.04,     111.29,       0.00,    11467.2,       1.72,       1.39
    0,    10,     9,     112.70,     131.20,       0.00,    14645.4,       1.73,       1.38
    0,    10,    10,      95.03,     138.08,       0.00,     9330.3,       1.65,       1.41
    0,    10,    11,     101.82,     164.17,       0.00,     7275.4,       1.65,       1.36
    0,    11,     1,       8.95,      14.57,       0.00,     2534.0,       1.65,       1.51
    0,    11,     2,      29.22,      30.96,       0.00,    15844.3,       1.79,       1.42
    0,    11,     3,      68.50,      72.77,       0.00,    17176.4,       1.70,       1.47
    0,    11,     4,      43.79,      73.02,       0.00,     7434.7,       1.65,       1.39
    0,    11,     5,      86.10,      73.93,       0.00,     7943.1,       1.61,       1.45
    0,    11,     6,     136.89,      74.76,       0.00,    13751.4,       1.64,       1.44
    0,    11,     7,     103.61,      78.29,       0.00,    10265.4,       1.63,       1.42
    0,    11,     8,      70.05,     111.24,       0.00,    11346.7,       1.68,       1.37
    0,    11,     9,     112.70,     131.19,       0.00,    14437.6,       1.73,       1.38
    0,    11,    10,      95.02,     138.06,       0.00,     9324.5,       1.64,       1.40
    0,    11,    11,     101.84,     164.22,       0.00,     7114.9,       1.65,       1.35
    0,    12,     1,       8.91,      14.61,       0.00,     2535.4,       1.58,       1.51
    0,    12,     2,      29.22,      30.96,       0.00,    15615.7,       1.81,       1.40
    0,    12,     3,      68.51,      72.77,       0.00,    17291.8,       1.71,       1.48
    0,    12,     4,      43.80,      73.02,       0.00,     7401.5,       1.69,       1.37
    0,    12,     5,      86.13,      73.94,       0.00,     7783.3,       1.56,       1.41
    0,    12,     6,     136.89,      74.77,       0.00,    13556.3,       1.67,       1.41
    0,    12,     7,     103.62,      78.34,       0.00,    10187.6,       1.59,       1.47
    0,    12,     8,      70.08,     111.27,       0.00,    11354.5,       1.73,       1.38
    0,    12,     9,     112.71,     131.21,       0.00,    14615.0,       1.74,       1.40
    0,    12,    10,      95.04,     138.06,       0.00,     9413.9,       1.67,       1.41
    0,    12,    11,     101.84,     164.20,       0.00,     7509.5,       1.70,       1.35
    0,    13,     1,       8.89,      14.63,       0.00,     2408.5,       1.62,       1.39
    0,    13,     2,      29.23,      30.98,       0.00,    15524.3,       1.78,       1.42
    0,    13,     3,      68.47,      72.76,       0.00,    17113.0,       1.71,       1.44
    0,    13,     4,      43.82,      73.02,       0.00,     7477.8,       1.69,       1.37
    0,    13,     5,      86.13,      73.92,       0.00,     7924.3,       1.56,       1.43
    0,    13,     6,     136.86,      74.79,       0.00,    13217.6,       1.62,       1.42
    0,    13,     7,     103.61,      78.32,       0.00,    10356.9,       1.60,       1.42
    0,    13,     8,      70.09,     111.28,       0.00,    11653.0,       1.70,       1.42
    0,    13,     9,     112.75,     131.21,       0.00,    14079.1,       1.69,       1.41
    0,    13,    10,      95.03,     138.06,       0.00,     9140.2,       1.62,       1.41
    0,    13,    11,     101.82,     164.18,       0.00,     7162.5,       1.67,       1.35
    0,    14,     1,       8.95,      14.60,       0.00,     2436.1,       1.58,       1.41
    0,    14,     2,      29.23,      30.96,       0.00,    15761.4,       1.81,       1.41
    0,    14,     3,      68.47,      72.75,       0.00,    17286.5,       1.70,       1.48
    0,    14,     4,      43.79,      73.00,       0.00,     7554.6,       1.73,       1.38
    0,    14,     5,      86.13,      73.95,       0.00,     8232.6,       1.62,       1.49
    0,    14,     6,     136.88,      74.79,       0.00,    13410.8,       1.69,       1.37
    0,    14,     7,     103.65,      78.33,       0.00,    10080.7,       1.62,       1.43
    0,    14,     8,      70.06,     111.29,       0.00,    11315.2,       1.74,       1.39
    0,    14,     9,     112.68,     131.23,       0.00,    14384.1,       1.74,       1.39
    0,    14,    10,      95.03,     138.07,       0.00,     9152.3,       1.67,       1.38
    0,    14,    11,     101.82,     164.19,       0.00,     7269.3,       1.67,       1.35
    0,    15,     1,       8.97,      14.57,       0.00,     2289.0,       1.52,       1.46
    0,    15,     2,      29.22,      30.95,       0.00,    15604.3,       1.81,       1.40
    0,    15,     3,      68.48,      72.76,       0.00,    17150.1,       1.70,       1.45
    0,    15,     4,      43.81,      73.02,       0.00,     7618.7,       1.68,       1.39
    0,    15,     5,      86.11,      73.96,       0.00,     7983.0,       1.60,       1.44
    0,    15,     6,     136.87,      74.77,       0.00,    13624.0,       1.69,       1.42
    0,    15,     7,     103.67,      78.35,       0.00,     9867.3,       1.62,       1.43
    0,    15,     8,      70.09,     111.27,       0.00,    11429.1,       1.71,       1.41
    0,    15,     9,     112.68,     131.23,       0.00,    14414.8,       1.72,       1.38
    0,    15,    10,      95.05,     138.04,       0.00,     9117.5,       1.67,       1.39
    0,    15,    11,     101.88,     164.19,       0.00,     7491.3,       1.66,       1.40
    0,    16,     1,       8.93,      14.65,       0.00,     2542.2,       1.60,       1.44
    0,    16,     2,      29.20,      30.98,       0.00,    15957.6,       1.81,       1.40
    0,    16,     3,      68.45,      72.75,       0.00,    17186.9,       1.72,       1.47
    0,    16,     4,      43.85,      72.98,       0.00,     7183.8,       1.63,       1.33
    0,    16,     5,      86.18,      73.95,       0.00,     7733.3,       1.61,       1.40
    0,    16,     6,     136.88,      74.75,       0.00,    13522.5,       1.65,       1.41
    0,    16,     7,     103.60,      78.31,       0.00,    10038.1,       1.64,       1.45
    0,    16,     8,      70.05,     111.30,       0.00,    11210.6,       1.68,       1.38
    0,    16,     9,     112.74,     131.19,       0.00,    14474.6,       1.71,       1.39
    0,    16,    10,      95.06,     138.06,       0.00,     8976.8,       1.67,       1.39
    0,    16,    11,     101.89,     164.19,       0.00,     7642.7,       1.67,       1.36
    0,    17,     1,       8.96,      14.55,       0.00,     2482.8,       1.62,       1.58
    0,    17,     2,      29.20,      30.95,       0.00,    15644.4,       1.74,       1.41
    0,    17,     3,      68.46,      72.76,       0.00,    17028.5,       1.73,       1.43
    0,    17,     4,      43.82,      72.99,       0.00,     7713.4,       1.71,       1.38
    0,    17,     5,      86.10,      73.92,       0.00,     7844.9,       1.60,       1.41
    0,    17,     6,     136.87,      74.76,       0.00,    13267.2,       1.66,       1.38
    0,    17,     7,     103.61,      78.30,       0.00,    10078.9,       1.58,       1.44
    0,    17,     8,      70.09,     111.25,       0.00,    11395.9,       1.70,       1.41
    0,    17,     9,     112.73,     131.22,       0.00,    14478.8,       1.74,       1.41
    0,    17,    10,      95.10,     138.05,       0.00,     8930.2,       1.62,       1.34
    0,    17,    11,     101.91,     164.14,       0.00,     7372.0,       1.66,       1.35
    0,    18,     1,       8.88,      14.61,       0.00,     2353.7,       1.53,       1.45
    0,    18,     2,      29.21,      30.97,       0.00,    16272.6,       1.81,       1.44
    0,    18,     3,      68.47,      72.76,       0.00,    17184.4,       1.71,       1.45
    0,    18,     4,      43.77,      73.06,       0.00,     7520.5,       1.69,       1.36
    0,    18,     5,      86.14,      73.93,       0.00,     7891.0,       1.61,       1.42
    0,    18,     6,     136.85,      74.77,       0.00,    13400.2,       1.65,       1.41
    0,    18,     7,     103.66,      78.28,       0.00,     9720.9,       1.58,       1.43
    0,    18,     8,      70.06,     111.25,       0.00,    11320.9,       1.64,       1.39
    0,    18,     9,     112.73,     131.19,       0.00,    14720.8,       1.76,       1.42
    0,    18,    10,      95.03,     138.03,       0.00,     8992.1,       1.64,       1.40
    0,    18,    11,     101.86,     164.14,       0.00,     7078.2,       1.62,       1.35
    0,    19,     1,       8.89,      14.53,       0.00,     2335.5,       1.49,       1.40
    0,    19,     2,      29.20,      30.98,       0.00,    15753.6,       1.79,       1.42
    0,    19,     3,      68.47,      72.76,       0.00,    16977.9,       1.71,       1.45
    0,    19,     4,      43.83,      73.01,       0.00,     7760.4,       1.66,       1.38
    0,    19,     5,      86.12,      73.94,       0.00,     7913.0,       1.56,       1.44
    0,    19,     6,     136.86,      74.76,       0.00,    13486.6,       1.64,       1.44
    0,    19,     7,     103.65,      78.35,       0.00,     9901.1,       1.58,       1.41
    0,    19,     8,      70.07,     111.28,       0.00,    11595.7,       1.70,       1.43
    0,    19,     9,     112.70,     131.22,       0.00,    14242.0,       1.72,       1.38
    0,    19,    10,      95.04,     138.02,       0.00,     8951.0,       1.68,       1.38
    0,    19,    11,     101.84,     164.18,       0.00,     7150.2,       1.67,       1.35
    0,    20,     1,       8.91,      14.53,       0.00,     2322.4,       1.57,       1.33
    0,    20,     2,      29.21,      30.96,       0.00,    15708.5,       1.79,       1.42
    0,    20,     3,      68.45,      72.73,       0.00,    16660.5,       1.70,       1.44
    0,    20,     4,      43.79,      73.00,       0.00,     7600.1,       1.63,       1.37
    0,    20,     5,      86.16,      73.90,       0.00,     7872.2,       1.60,       1.42
    0,    20,     6,     136.85,      74.75,       0.00,    13528.8,       1.65,       1.42
    0,    20,     7,     103.67,      78.35,       0.00,    10325.4,       1.61,       1.47
    0,    20,     8,      70.08,     111.25,       0.00,    11336.1,       1.70,       1.40
    0,    20,     9,     112.69,     131.20,       0.00,    14254.3,       1.74,       1.39
    0,    20,    10,      95.05,     138.02,       0.00,     8929.7,       1.65,       1.36
    0,    20,    11,     101.82,     164.16,       0.00,     7272.3,       1.67,       1.38
    0,    21,     1,       8.93,      14.62,       0.00,     2424.1,       1.69,       1.39
    0,    21,     2,      29.23,      30.95,       0.00,    16040.7,       1.82,       1.40
    0,    21,     3,      68.50,      72.74,       0.00,    16897.9,       1.70,       1.46
    0,    21,     4,      43.80,      73.04,       0.00,     7513.1,       1.66,       1.34
    0,    21,     5,      86.14,      73.92,       0.00,     8107.5,       1.62,       1.48
    0,    21,     6,     136.84,      74.78,       0.00,    13547.1,       1.64,       1.43
    0,    21,     7,     103.62,      78.32,       0.00,    10015.4,       1.58,       1.42
    0,    21,     8,      70.07,     111.27,       0.00,    11448.4,       1.72,       1.42
    0,    21,     9,     112.69,     131.22,       0.00,    14201.7,       1.74,       1.39
    0,    21,    10,      95.04,     138.05,       0.00,     9132.8,       1.62,       1.40
    0,    21,    11,     101.88,     164.16,       0.00,     7028.8,       1.69,       1.34
    0,    22,     1,       8.95,      14.50,       0.00,     2377.8,       1.55,       1.37
    0,    22,     2,      29.26,      30.98,       0.00,    15736.4,       1.80,       1.41
    0,    22,     3,      68.48,      72.75,       0.00,    17145.0,       1.71,       1.47
    0,    22,     4,      43.78,      73.05,       0.00,     7561.8,       1.66,       1.37
    0,    22,     5,      86.13,      73.91,       0.00,     8092.2,       1.62,       1.46
    0,    22,     6,     136.88,      74.77,       0.00,    13642.8,       1.67,       1.43
    0,    22,     7,     103.61,      78.32,       0.00,    10152.8,       1.58,       1.44
    0,    22,     8,      70.07,     111.24,       0.00,    11411.3,       1.70,       1.41
    0,    22,     9,     112.71,     131.21,       0.00,    13621.8,       1.74,       1.34
    0,    22,    10,      95.06,     138.04,       0.00,     9260.2,       1.66,       1.42
    0,    22,    11,     101.87,     164.19,       0.00,     7103.9,       1.61,       1.36
    0,    23,     1,       8.88,      14.57,       0.00,     2403.4,       1.60,       1.52
    0,    23,     2,      29.21,      30.98,       0.00,    15589.0,       1.80,       1.39
    0,    23,     3,      68.50,      72.77,       0.00,    16814.6,       1.70,       1.47
    0,    23,     4,      43.81,      73.01,       0.00,     7406.2,       1.66,       1.32
    0,    23,     5,      86.14,      73.91,       0.00,     7778.7,       1.63,       1.44
    0,    23,     6,     136.83,      74.79,       0.00,    13573.7,       1.69,       1.40
    0,    23,     7,     103.65,      78.33,       0.00,    10067.1,       1.58,       1.41
    0,    23,     8,      70.06,     111.29,       0.00,    10951.3,       1.65,       1.38
    0,    23,     9,     112.69,     131.22,       0.00,    13769.2,       1.71,       1.39
    0,    23,    10,      95.08,     138.02,       0.00,     9247.8,       1.64,       1.41
    0,    23,    11,     101.85,     164.19,       0.00,     7223.8,       1.71,       1.36
    0,    24,     1,       8.95,      14.51,       0.00,     2325.7,       1.63,       1.49
    0,    24,     2,      29.21,      30.97,       0.00,    15753.4,       1.81,       1.40
    0,    24,     3,      68.48,      72.76,       0.00,    16882.8,       1.71,       1.45
    0,    24,     4,      43.79,      73.04,       0.00,     7604.5,       1.70,       1.38
    0,    24,     5,      86.11,      73.94,       0.00,     7833.9,       1.59,       1.42
    0,    24,     6,     136.87,      74.76,       0.00,    13474.4,       1.69,       1.41
    0,    24,     7,     103.63,      78.33,       0.00,    10081.7,       1.56,       1.42
    0,    24,     8,      70.07,     111.26,       0.00,    11377.9,       1.68,       1.38
    0,    24,     9,     112.71,     131.22,       0.00,    13888.6,       1.72,       1.37
    0,    24,    10,      94.99,     138.04,       0.00,     8943.4,       1.62,       1.38
    0,    24,    11,     101.86,     164.22,       0.00,     7234.1,       1.68,       1.33
    0,    25,     1,       8.88,      14.49,       0.00,     2356.1,       1.57,       1.50
    0,    25,     2,      29.22,      30.96,       0.00,    15841.7,       1.78,       1.42
    0,    25,     3,      68.45,      72.77,       0.00,    17129.7,       1.70,       1.50
    0,    25,     4,      43.77,      73.05,       0.00,     7841.2,       1.65,       1.33
    0,    25,     5,      86.12,      73.94,       0.00,     7952.4,       1.61,       1.45
    0,    25,     6,     136.83,      74.80,       0.00,    13412.1,       1.67,       1.43
    0,    25,     7,     103.60,      78.33,       0.00,    10253.7,       1.63,       1.42
    0,    25,     8,      70.08,     111.28,       0.00,    11353.6,       1.67,       1.43
    0,    25,     9,     112.72,     131.19,       0.00,    14338.3,       1.68,       1.38
    0,    25,    10,      95.03,     138.05,       0.00,     9242.0,       1.65,       1.41
    0,    25,    11,     101.80,     164.20,       0.00,     6971.1,       1.67,       1.35
    0,    26,     1,       8.86,      14.50,       0.00,     2352.5,       1.67,       1.41
    0,    26,     2,      29.21,      30.97,       0.00,    15656.6,       1.80,       1.39
    0,    26,     3,      68.48,      72.76,       0.00,    16759.1,       1.68,       1.45
    0,    26,     4,      43.78,      73.02,       0.00,     7615.2,       1.64,       1.38
    0,    26,     5,      86.14,      73.91,       0.00,     8237.0,       1.61,       1.47
    0,    26,     6,     136.85,      74.80,       0.00,    13232.6,       1.65,       1.40
    0,    26,     7,     103.59,      78.34,       0.00,    10265.2,       1.62,       1.45
    0,    26,     8,      70.07,     111.24,       0.00,    11414.8,       1.72,       1.40
    0,    26,     9,     112.69,     131.22,       0.00,    14524.0,       1.73,       1.38
    0,    26,    10,      95.05,     138.07,       0.00,     8974.1,       1.65,       1.39
    0,    26,    11,     101.80,     164.23,       0.00,     6822.2,       1.66,       1.33
    0,    27,     1,       8.95,      14.56,       0.00,     2262.0,       1.56,       1.37
    0,    27,     2,      29.23,      30.95,       0.00,    15705.9,       1.81,       1.40
    0,    27,     3,      68.46,      72.76,       0.00,    17192.8,       1.72,       1.47
    0,    27,     4,      43.82,      72.97,       0.00,     7359.9,       1.68,       1.35
    0,    27,     5,      86.15,      73.94,       0.00,     8209.9,       1.58,       1.43
    0,    27,     6,     136.82,      74.77,       0.00,    13406.8,       1.65,       1.46
    0,    27,     7,     103.63,      78.34,       0.00,    10096.1,       1.60,       1.42
    0,    27,     8,      70.03,     111.26,       0.00,    11381.3,       1.71,       1.42
    0,    27,     9,     112.68,     131.19,       0.00,    14673.9,       1.73,       1.42
    0,    27,    10,      95.05,     138.05,       0.00,     8992.9,       1.65,       1.40
    0,    27,    11,     101.85,     164.17,       0.00,     7002.3,       1.65,       1.34
    0,    28,     1,       8.84,      14.55,       0.00,     2281.9,       1.53,       1.41
    0,    28,     2,      29.21,      30.95,       0.00,    15709.4,       1.78,       1.42
    0,    28,     3,      68.48,      72.77,       0.00,    16860.4,       1.70,       1.46
    0,    28,     4,      43.76,      73.03,       0.00,     7369.2,       1.64,       1.37
    0,    28,     5,      86.15,      73.92,       0.00,     8343.0,       1.62,       1.43
    0,    28,     6,     136.85,      74.78,       0.00,    13350.2,       1.69,       1.41
    0,    28,     7,     103.66,      78.33,       0.00,    10270.6,       1.58,       1.45
    0,    28,     8,      70.02,     111.28,       0.00,    11276.2,       1.67,       1.38
    0,    28,     9,     112.69,     131.22,       0.00,    14777.5,       1.73,       1.38
    0,    28,    10,      95.05,     138.06,       0.00,     8959.4,       1.65,       1.37
    0,    28,    11,     101.86,     164.14,       0.00,     7038.2,       1.68,       1.34
    0,    29,     1,       8.85,      14.57,       0.00,     2456.8,       1.60,       1.48
    0,    29,     2,      29.24,      30.97,       0.00,    15623.2,       1.77,       1.43
    0,    29,     3,      68.48,      72.76,       0.00,    16485.9,       1.67,       1.47
    0,    29,     4,      43.82,      73.04,       0.00,     7455.2,       1.69,       1.36
    0,    29,     5,      86.16,      73.94,       0.00,     8262.2,       1.61,       1.46
    0,    29,     6,     136.85,      74.80,       0.00,    13636.5,       1.69,       1.43
    0,    29,     7,     103.67,      78.36,       0.00,    10291.1,       1.65,       1.43
    0,    29,     8,      70.02,     111.28,       0.00,    11507.4,       1.68,       1.43
    0,    29,     9,     112.70,     131.23,       0.00,    14768.0,       1.72,       1.39
    0,    29,    10,      95.09,     138.03,       0.00,     9068.9,       1.69,       1.36
    0,    29,    11,     101.84,     164.19,       0.00,     7291.8,       1.70,       1.36
    0,    30,     1,       8.90,      14.50,       0.00,     2319.2,       1.66,       1.46
    0,    30,     2,      29.19,      30.95,       0.00,    15759.2,       1.79,       1.40
    0,    30,     3,      68.47,      72.76,       0.00,    16580.6,       1.69,       1.45
    0,    30,     4,      43.81,      73.02,       0.00,     7569.1,       1.72,       1.41
    0,    30,     5,      86.11,      73.94,       0.00,     8293.2,       1.58,       1.44
    0,    30,     6,     136.83,      74.77,       0.00,    13433.6,       1.68,       1.43
    0,    30,     7,     103.62,      78.32,       0.00,     9809.0,       1.57,       1.40
    0,    30,     8,      70.06,     111.28,       0.00,    11305.9,       1.66,       1.40
    0,    30,     9,     112.71,     131.22,       0.00,    14288.6,       1.73,       1.39
    0,    30,    10,      95.07,     138.03,       0.00,     9230.8,       1.63,       1.40
    0,    30,    11,     101.82,     164.20,       0.00,     7202.4,       1.67,       1.32
    0,    31,     1,       8.96,      14.53,       0.00,     2441.9,       1.63,       1.53
    0,    31,     2,      29.22,      30.96,       0.00,    15831.7,       1.80,       1.41
    0,    31,     3,      68.46,      72.74,       0.00,    16952.0,       1.71,       1.47
    0,    31,     4,      43.82,      73.00,       0.00,     7394.4,       1.64,       1.37
    0,    31,     5,      86.14,      73.96,       0.00,     8000.5,       1.59,       1.40
    0,    31,     6,     136.86,      74.79,       0.00,    13456.0,       1.68,       1.43
    0,    31,     7,     103.64,      78.30,       0.00,     9670.0,       1.60,       1.47
    0,    31,     8,      70.05,     111.23,       0.00,    11548.2,       1.72,       1.41
    0,    31,     9,     112.72,     131.21,       0.00,    14265.5,       1.71,       1.40
    0,    31,    10,      95.08,     138.05,       0.00,     9290.0,       1.64,       1.45
    0,    31,    11,     101.84,     164.15,       0.00,     6915.7,       1.67,       1.35
    0,    32,     1,       8.82,      14.62,       0.00,     2255.4,       1.58,       1.48
    0,    32,     2,      29.24,      30.93,       0.00,    15935.5,       1.79,       1.42
    0,    32,     3,      68.47,      72.76,       0.00,    17020.9,       1.67,       1.49
    0,    32,     4,      43.82,      73.00,       0.00,     7496.7,       1.70,       1.37
    0,    32,     5,      86.14,      73.89,       0.00,     8381.1,       1.57,       1.43
    0,    32,     6,     136.84,      74.79,       0.00,    13512.3,       1.66,       1.43
    0,    32,     7,     103.65,      78.34,       0.00,     9780.3,       1.61,       1.39
    0,    32,     8,      70.06,     111.23,       0.00,    11256.8,       1.65,       1.41
    0,    32,     9,     112.71,     131.22,       0.00,    14396.8,       1.71,       1.40
    0,    32,    10,      95.10,     138.05,       0.00,     9110.2,       1.67,       1.39
    0,    32,    11,     101.83,     164.16,       0.00,     7208.7,       1.73,       1.36
    0,    33,     1,       8.81,      14.54,       0.00,     2360.0,       1.64,       1.39
    0,    33,     2,      29.22,      30.94,       0.00,    15814.7,       1.77,       1.43
    0,    33,     3,      68.46,      72.74,       0.00,    16890.7,       1.69,       1.46
    0,    33,     4,      43.83,      73.01,       0.00,     7435.3,       1.63,       1.38
    0,    33,     5,      86.17,      73.91,       0.00,     7693.2,       1.52,       1.39
    0,    33,     6,     136.85,      74.76,       0.00,    13275.3,       1.63,       1.40
    0,    33,     7,     103.67,      78.30,       0.00,     9731.0,       1.60,       1.41
    0,    33,     8,      70.08,     111.24,       0.00,    11632.9,       1.69,       1.43
    0,    33,     9,     112.72,     131.21,       0.00,    14243.6,       1.71,       1.39
    0,    33,    10,      95.08,     138.04,       0.00,     8923.1,       1.66,       1.38
    0,    33,    11,     101.79,     164.21,       0.00,     7192.8,       1.70,       1.39
    0,    34,     1,       8.95,      14.47,       0.00,     2353.0,       1.58,       1.50
    0,    34,     2,      29.22,      30.95,       0.00,    15580.1,       1.77,       1.39
    0,    34,     3,      68.48,      72.73,       0.00,    16687.0,       1.71,       1.44
    0,    34,     4,      43.78,      73.00,       0.00,     7611.3,       1.68,       1.38
    0,    34,     5,      86.21,      73.92,       0.00,     8285.7,       1.62,       1.39
    0,    34,     6,     136.87,      74.78,       0.00,    13523.4,       1.65,       1.43
    0,    34,     7,     103.66,      78.32,       0.00,     9948.0,       1.56,       1.47
    0,    34,     8,      70.05,     111.29,       0.00,    11443.8,       1.69,       1.39
    0,    34,     9,     112.68,     131.21,       0.00,    14097.3,       1.72,       1.37
    0,    34,    10,      95.04,     138.05,       0.00,     9095.1,       1.66,       1.42
    0,    34,    11,     101.83,     164.16,       0.00,     6790.0,       1.56,       1.35
    0,    35,     1,       8.95,      14.57,       0.00,     2212.2,       1.63,       1.39
    0,    35,     2,      29.24,      30.94,       0.00,    15800.0,       1.80,       1.43
    0,    35,     3,      68.47,      72.75,       0.00,    16928.1,       1.67,       1.48
    0,    35,     4,      43.84,      73.02,       0.00,     7533.0,       1.64,       1.37
    0,    35,     5,      86.24,      73.94,       0.00,     8225.3,       1.57,       1.41
    0,    35,     6,     136.86,      74.75,       0.00,    13250.1,       1.64,       1.43
    0,    35,     7,     103.64,      78.30,       0.00,     9802.3,       1.57,       1.47
    0,    35,     8,      70.10,     111.26,       0.00,    11530.9,       1.66,       1.41
    0,    35,     9,     112.69,     131.20,       0.00,    14190.1,       1.70,       1.44
    0,    35,    10,      95.05,     138.07,       0.00,     9089.4,       1.59,       1.40
    0,    35,    11,     101.85,     164.14,       0.00,     6821.2,       1.59,       1.30
    0,    36,     1,       8.94,      14.55,       0.00,     2397.1,       1.61,       1.45
    0,    36,     2,      29.24,      30.96,       0.00,    15847.6,       1.78,       1.45
    0,    36,     3,      68.48,      72.74,       0.00,    17130.7,       1.71,       1.48
    0,    36,     4,      43.84,      73.05,       0.00,     7136.2,       1.61,       1.34
    0,    36,     5,      86.20,      73.93,       0.00,     8303.1,       1.58,       1.43
    0,    36,     6,     136.84,      74.79,       0.00,    13759.6,       1.65,       1.43
    0,    36,     7,     103.68,      78.33,       0.00,     9979.9,       1.57,       1.44
    0,    36,     8,      70.10,     111.29,       0.00,    11558.8,       1.70,       1.45
    0,    36,     9,     112.71,     131.21,       0.00,    14196.1,       1.69,       1.41
    0,    36,    10,      95.06,     138.06,       0.00,     9060.0,       1.64,       1.39
    0,    36,    11,     101.84,     164.17,       0.00,     7044.7,       1.67,       1.37
    0,    37,     1,       8.99,      14.55,       0.00,     2420.6,       1.63,       1.48
    0,    37,     2,      29.24,      30.98,       0.00,    15788.0,       1.79,       1.42
    0,    37,     3,      68.50,      72.74,       0.00,    16934.5,       1.69,       1.46
    0,    37,     4,      43.79,      73.00,       0.00,     7521.5,       1.70,       1.38
    0,    37,     5,      86.20,      73.92,       0.00,     8323.6,       1.59,       1.44
    0,    37,     6,     136.87,      74.79,       0.00,    13591.1,       1.65,       1.44
    0,    37,     7,     103.62,      78.33,       0.00,    10211.4,       1.57,       1.47
    0,    37,     8,      70.07,     111.26,       0.00,    11649.5,       1.71,       1.41
    0,    37,     9,     112.72,     131.21,       0.00,    14537.5,       1.71,       1.39
    0,    37,    10,      95.07,     138.05,       0.00,     9091.8,       1.67,       1.36
    0,    37,    11,     101.87,     164.16,       0.00,     6943.1,       1.60,       1.34
    0,    38,     1,       8.89,      14.60,       0.00,     2454.5,       1.72,       1.47
    0,    38,     2,      29.20,      30.99,       0.00,    15875.5,       1.77,       1.44
    0,    38,     3,      68.49,      72.76,       0.00,    17239.7,       1.68,       1.48
    0,    38,     4,      43.86,      73.00,       0.00,     7372.8,       1.63,       1.36
    0,    38,     5,      86.21,      73.90,       0.00,     8067.5,       1.57,       1.44
    0,    38,     6,     136.88,      74.78,       0.00,    13565.5,       1.64,       1.43
    0,    38,     7,     103.61,      78.34,       0.00,    10511.6,       1.63,       1.47
    0,    38,     8,      70.10,     111.26,       0.00,    11171.5,       1.68,       1.39
    0,    38,     9,     112.71,     131.20,       0.00,    14451.8,       1.73,       1.42
    0,    38,    10,      95.05,     138.05,       0.00,     9002.2,       1.62,       1.38
    0,    38,    11,     101.85,     164.18,       0.00,     7189.6,       1.67,       1.39
    0,    39,     1,       8.89,      14.60,       0.00,     2454.5,       1.72,       1.47
    0,    39,     2,      29.20,      30.99,       0.00,    15875.5,       1.77,       1.44
    0,    39,     3,      68.49,      72.76,       0.00,    17239.7,       1.68,       1.48
    0,    39,     4,      43.86,      73.00,       0.00,     7372.8,       1.63,       1.36
    0,    39,     5,      86.21,      73.90,       0.00,     8067.5,       1.57,       1.44
    0,    39,     6,     136.88,      74.78,       0.00,    13565.5,       1.64,       1.43
    0,    39,     7,     103.61,      78.34,       0.00,    10511.6,       1.63,       1.47
    0,    39,     8,      70.10,     111.26,       0.00,    11171.5,       1.68,       1.39
    0,    39,     9,     112.71,     131.20,       0.00,    14451.8,       1.73,       1.42
    0,    39,    10,      95.05,     138.05,       0.00,     9002.2,       1.62,       1.38
    0,    39,    11,     101.85,     164.18,       0.00,     7189.6,       1.67,       1.39
