#stackID(UINT32), frameID(UINT32), eventID(UINT32), x0(float), y0(float), z0(float), photon_count0(float), sigmaX0(float), sigmaY0(float) 
    0,     0,     1,       8.97,      14.46,       0.00,     2795.7,       1.28,       2.05
    0,     0,     2,      29.25,      30.89,       0.00,    17076.2,       1.36,       1.95
    0,     0,     3,      68.49,      72.65,       0.00,    17842.2,       1.27,       2.07
    0,     0,     4,      43.77,      72.88,       0.00,     7938.6,       1.27,       1.92
    0,     0,     5,      86.16,      73.82,       0.00,     8457.7,       1.24,       1.97
    0,     0,     6,     136.88,      74.69,       0.00,    14348.4,       1.26,       2.01
    0,     0,     7,     103.66,      78.25,       0.00,    11793.5,       1.23,       2.12
    0,     0,     8,      70.03,     111.23,       0.00,    12101.1,       1.28,       1.97
    0,     0,     9,     112.74,     131.11,       0.00,    16027.9,       1.32,       1.97
    0,     0,    10,      95.07,     138.04,       0.00,     9605.6,       1.25,       1.99
    0,     0,    11,     101.84,     164.07,       0.00,     7813.3,       1.29,       1.96
    0,     1,     1,       9.00,      14.52,       0.00,     2608.4,       1.15,       1.98
    0,     1,     2,      29.26,      30.86,       0.00,    16544.5,       1.33,       1.92
    0,     1,     3,      68.48,      72.66,       0.00,    17386.3,       1.26,       2.05
    0,     1,     4,      43.80,      72.88,       0.00,     7690.8,       1.23,       1.99
    0,     1,     5,      86.18,      73.91,       0.00,     8274.6,       1.27,       2.06
    0,     1,     6,     136.86,      74.70,       0.00,    14082.7,       1.27,       2.01
    0,     1,     7,     103.64,      78.26,       0.00,    11367.6,       1.19,       2.02
    0,     1,     8,      70.03,     111.21,       0.00,    11684.0,       1.27,       2.00
    0,     1,     9,     112.77,     131.12,       0.00,    15277.2,       1.28,       1.92
    0,     1,    10,      95.05,     137.93,       0.00,     9624.2,       1.25,       1.99
    0,     1,    11,     101.87,     164.07,       0.00,     7630.6,       1.26,       1.89
    0,     2,     1,       8.98,      14.56,       0.00,     2633.5,       1.25,       2.01
    0,     2,     2,      29.25,      30.87,       0.00,    16422.0,       1.34,       1.94
    0,     2,     3,      68.51,      72.70,       0.00,    17788.1,       1.27,       2.06
    0,     2,     4,      43.78,      72.86,       0.00,     7844.7,       1.24,       1.98
    0,     2,     5,      86.19,      73.85,       0.00,     8361.8,       1.24,       2.01
    0,     2,     6,     136.84,      74.67,       0.00,    14143.7,       1.25,       2.03
    0,     2,     7,     103.63,      78.23,       0.00,    11393.6,       1.22,       2.06
    0,     2,     8,      70.05,     111.19,       0.00,    11720.0,       1.26,       2.01
    0,     2,     9,     112.75,     131.12,       0.00,    15535.8,       1.32,       1.94
    0,     2,    10,      95.03,     137.99,       0.00,     9649.2,       1.26,       1.94
    0,     2,    11,     101.87,     164.07,       0.00,     7506.1,       1.24,       1.94
    0,     3,     1,       9.07,      14.54,       0.00,     2793.8,       1.20,       1.97
    0,     3,     2,      29.28,      30.90,       0.00,    16603.2,       1.34,       1.95
    0,     3,     3,      68.49,      72.59,       0.00,    17321.1,       1.25,       2.05
    0,     3,     4,      43.77,      72.90,       0.00,     7730.9,       1.25,       1.97
    0,     3,     5,      86.17,      73.86,       0.00,     8148.9,       1.22,       2.05
    0,     3,     6,     136.83,      74.68,       0.00,    13814.1,       1.25,       2.00
    0,     3,     7,     103.63,      78.25,       0.00,    11091.0,       1.21,       2.00
    0,     3,     8,      70.04,     111.21,       0.00,    11449.2,       1.27,       1.91
    0,     3,     9,     112.74,     131.13,       0.00,    15345.6,       1.30,       1.96
    0,     3,    10,      95.05,     138.00,       0.00,     9532.4,       1.23,       1.92
    0,     3,    11,     101.88,     164.06,       0.00,     7492.1,       1.26,       1.90
    0,     4,     1,       9.05,      14.52,       0.00,     2755.3,       1.21,       2.02
    0,     4,     2,      29.25,      30.89,       0.00,    16182.1,       1.33,       1.98
    0,     4,     3,      43.78,      72.92,       0.00,     7807.9,       1.27,       2.00
    0,     4,     4,      68.50,      72.65,       0.00,    17170.2,       1.25,       2.05
    0,     4,     5,      86.18,      73.85,       0.00,     8296.7,       1.21,       2.09
    0,     4,     6,     136.83,      74.68,       0.00,    13612.3,       1.25,       2.01
    0,     4,     7,     103.63,      78.28,       0.00,    11147.7,       1.19,       2.06
    0,     4,     8,      70.06,     111.24,       0.00,    11497.1,       1.25,       1.97
    0,     4,     9,     112.75,     131.15,       0.00,    15496.7,       1.30,       1.97
    0,     4,    10,      95.04,     138.00,       0.00,     9680.1,       1.27,       2.07
    0,     4,    11,     101.89,     164.12,       0.00,     7526.1,       1.25,       1.87
    0,     5,     1,       9.02,      14.44,       0.00,     2612.0,       1.27,       2.01
    0,     5,     2,      29.26,      30.90,       0.00,    16158.3,       1.32,       1.92
    0,     5,     3,      68.48,      72.66,       0.00,    17136.4,       1.26,       2.04
    0,     5,     4,      43.79,      72.90,       0.00,     7602.6,       1.22,       1.93
    0,     5,     5,      86.18,      73.86,       0.00,     8345.4,       1.22,       2.13
    0,     5,     6,     136.82,      74.68,       0.00,    13898.9,       1.27,       2.03
    0,     5,     7,     103.64,      78.25,       0.00,    11515.1,       1.24,       2.09
    0,     5,     8,      70.06,     111.19,       0.00,    11768.3,       1.28,       1.99
    0,     5,     9,     112.77,     131.11,       0.00,    15402.1,       1.31,       1.94
    0,     5,    10,      95.06,     137.98,       0.00,     9412.1,       1.26,       1.98
    0,     5,    11,     101.88,     164.09,       0.00,     7686.6,       1.31,       1.98
    0,     6,     1,       9.01,      14.57,       0.00,     2649.3,       1.26,       2.12
    0,     6,     2,      29.26,      30.89,       0.00,    16480.9,       1.34,       1.95
    0,     6,     3,      68.48,      72.63,       0.00,    17569.5,       1.29,       2.07
    0,     6,     4,      43.78,      72.90,       0.00,     7703.7,       1.27,       1.97
    0,     6,     5,      86.15,      73.87,       0.00,     8232.9,       1.20,       2.04
    0,     6,     6,     136.82,      74.65,       0.00,    13664.1,       1.26,       2.03
    0,     6,     7,     103.62,      78.26,       0.00,    11336.7,       1.22,       2.09
    0,     6,     8,      70.04,     111.19,       0.00,    11679.9,       1.23,       2.00
    0,     6,     9,     112.74,     131.16,       0.00,    15466.8,       1.30,       1.97
    0,     6,    10,      95.05,     137.96,       0.00,     9468.9,       1.25,       2.01
    0,     6,    11,     101.88,     164.09,       0.00,     7667.6,       1.23,       1.98
    0,     7,     1,       9.04,      14.51,       0.00,     2659.5,       1.21,       2.00
    0,     7,     2,      29.26,      30.92,       0.00,    16285.6,       1.34,       1.94
    0,     7,     3,      68.49,      72.66,       0.00,    17288.8,       1.25,       2.02
    0,     7,     4,      43.81,      72.89,       0.00,     7710.0,       1.24,       2.01
    0,     7,     5,      86.18,      73.83,       0.00,     8322.0,       1.24,       2.10
    0,     7,     6,     136.84,      74.72,       0.00,    14010.6,       1.28,       2.05
    0,     7,     7,     103.65,      78.23,       0.00,    11242.1,       1.21,       2.08
    0,     7,     8,      70.05,     111.20,       0.00,    11323.6,       1.26,       1.96
    0,     7,     9,     112.74,     131.14,       0.00,    15379.4,       1.30,       1.95
    0,     7,    10,      95.02,     138.00,       0.00,     9389.9,       1.26,       2.02
    0,     7,    11,     101.86,     164.04,       0.00,     7392.6,       1.24,       1.90
    0,     8,     1,       9.03,      14.47,       0.00,     2599.8,       1.25,       2.01
    0,     8,     2,      29.24,      30.85,       0.00,    16542.7,       1.34,       1.94
    0,     8,     3,      68.47,      72.66,       0.00,    17219.7,       1.24,       2.05
    0,     8,     4,      43.76,      72.89,       0.00,     7968.5,       1.30,       1.93
    0,     8,     5,      86.15,      73.85,       0.00,     8159.8,       1.24,       2.01
    0,     8,     6,     136.85,      74.72,       0.00,    13593.2,       1.26,       2.03
    0,     8,     7,     103.64,      78.29,       0.00,    11394.6,       1.21,       2.07
    0,     8,     8,      70.05,     111.18,       0.00,    11748.6,       1.26,       2.00
    0,     8,     9,     112.75,     131.13,       0.00,    15566.2,       1.30,       1.92
    0,     8,    10,      95.04,     138.01,       0.00,     9543.5,       1.26,       1.95
    0,     8,    11,     101.87,     164.12,       0.00,     7537.4,       1.28,       1.94
    0,     9,     1,       9.06,      14.47,       0.00,     2501.2,       1.21,       1.95
    0,     9,     2,      29.25,      30.91,       0.00,    16068.3,       1.34,       1.92
    0,     9,     3,      68.46,      72.66,       0.00,    17108.0,       1.24,       2.04
    0,     9,     4,      43.76,      72.93,       0.00,     7706.6,       1.29,       1.94
    0,     9,     5,      86.15,      73.88,       0.00,     7937.5,       1.26,       1.98
    0,     9,     6,     136.85,      74.73,       0.00,    13619.8,       1.26,       2.01
    0,     9,     7,     103.65,      78.23,       0.00,    11282.7,       1.23,       2.05
    0,     9,     8,      70.01,     111.22,       0.00,    11335.0,       1.27,       1.95
    0,     9,     9,     112.77,     131.14,       0.00,    15854.3,       1.32,       1.97
    0,     9,    10,      95.03,     138.01,       0.00,     9864.0,       1.28,       2.01
    0,     9,    11,     101.86,     164.12,       0.00,     7353.5,       1.24,       1.92
    0,    10,     1,       8.98,      14.54,       0.00,     2594.8,       1.22,       2.08
    0,    10,     2,      29.23,      30.91,       0.00,    16211.1,       1.36,       1.93
    0,    10,     3,      68.49,      72.67,       0.00,    16656.3,       1.26,       2.01
    0,    10,     4,      43.81,      72.91,       0.00,     7966.9,       1.31,       1.95
    0,    10,     5,      86.20,      73.89,       0.00,     8246.1,       1.26,       2.04
    0,    10,     6,     136.87,      74.67,       0.00,    13702.3,       1.26,       2.01
    0,    10,     7,     103.64,      78.25,       0.00,    11126.6,       1.22,       2.06
    0,    10,     8,      70.03,     111.21,       0.00,    11351.8,       1.26,       1.97
    0,    10,     9,     112.74,     131.10,       0.00,    15041.3,       1.34,       1.94
    0,    10,    10,      95.03,     138.02,       0.00,     9491.5,       1.23,       1.98
    0,    10,    11,     101.88,     164.09,       0.00,     7713.4,       1.30,       1.94
    0,    11,     1,       9.00,      14.41,       0.00,     2473.0,       1.11,       2.01
    0,    11,     2,      29.26,      30.90,       0.00,    16066.6,       1.35,       1.93
    0,    11,     3,      68.48,      72.65,       0.00,    16810.6,       1.24,       2.07
    0,    11,     4,      43.77,      72.92,       0.00,     7808.5,       1.25,       1.97
    0,    11,     5,      86.17,      73.87,       0.00,     8330.2,       1.19,       2.09
    0,    11,     6,     136.85,      74.74,       0.00,    13527.3,       1.25,       2.05
    0,    11,     7,     103.64,      78.24,       0.00,    11272.2,       1.22,       2.02
    0,    11,     8,      70.04,     111.23,       0.00,    11373.2,       1.28,       1.98
    0,    11,     9,     112.74,     131.14,       0.00,    15402.7,       1.29,       1.93
    0,    11,    10,      95.02,     137.95,       0.00,     9403.7,       1.23,       2.00
    0,    11,    11,     101.91,     164.10,       0.00,     7651.4,       1.24,       1.92
    0,    12,     1,       8.98,      14.47,       0.00,     2696.3,       1.26,       2.10
    0,    12,     2,      29.27,      30.92,       0.00,    16303.6,       1.33,       1.91
    0,    12,     3,      68.49,      72.66,       0.00,    16659.9,       1.24,       2.05
    0,    12,     4,      43.79,      72.87,       0.00,     7748.3,       1.27,       1.91
    0,    12,     5,      86.18,      73.83,       0.00,     7806.3,       1.22,       2.01
    0,    12,     6,     136.82,      74.72,       0.00,    13300.7,       1.24,       2.04
    0,    12,     7,     103.61,      78.23,       0.00,    11161.9,       1.23,       2.04
    0,    12,     8,      70.01,     111.21,       0.00,    11105.9,       1.25,       1.94
    0,    12,     9,     112.75,     131.14,       0.00,    15676.6,       1.31,       1.98
    0,    12,    10,      95.03,     138.03,       0.00,     9176.1,       1.25,       1.96
    0,    12,    11,     101.88,     164.18,       0.00,     7803.2,       1.28,       1.95
    0,    13,     1,       9.02,      14.45,       0.00,     2458.0,       1.16,       2.03
    0,    13,     2,      29.25,      30.89,       0.00,    16081.0,       1.35,       1.94
    0,    13,     3,      68.48,      72.66,       0.00,    17407.0,       1.25,       2.04
    0,    13,     4,      43.77,      72.84,       0.00,     7796.7,       1.26,       1.95
    0,    13,     5,      86.18,      73.84,       0.00,     8081.9,       1.25,       2.04
    0,    13,     6,     136.86,      74.71,       0.00,    13413.9,       1.22,       1.98
    0,    13,     7,     103.65,      78.27,       0.00,    11019.9,       1.20,       2.01
    0,    13,     8,      70.04,     111.21,       0.00,    11593.3,       1.28,       1.98
    0,    13,     9,     112.73,     131.17,       0.00,    15071.4,       1.32,       1.94
    0,    13,    10,      95.06,     138.02,       0.00,     9298.5,       1.26,       2.01
    0,    13,    11,     101.86,     164.14,       0.00,     7916.7,       1.29,       1.96
    0,    14,     1,       8.97,      14.44,       0.00,     2608.2,       1.22,       2.01
    0,    14,     2,      29.24,      30.90,       0.00,    15785.4,       1.32,       1.91
    0,    14,     3,      68.50,      72.67,       0.00,    16936.1,       1.24,       2.05
    0,    14,     4,      43.81,      72.91,       0.00,     7785.0,       1.25,       1.95
    0,    14,     5,      86.17,      73.92,       0.00,     8293.7,       1.25,       2.12
    0,    14,     6,     136.84,      74.68,       0.00,    13333.4,       1.27,       2.04
    0,    14,     7,     103.64,      78.24,       0.00,    10621.4,       1.22,       2.02
    0,    14,     8,      70.04,     111.21,       0.00,    11390.1,       1.26,       1.99
    0,    14,     9,     112.76,     131.13,       0.00,    14878.3,       1.30,       1.97
    0,    14,    10,      95.04,     137.99,       0.00,     9242.3,       1.26,       1.94
    0,    14,    11,     101.85,     164.13,       0.00,     7611.3,       1.29,       1.92
    0,    15,     1,       8.99,      14.53,       0.00,     2595.2,       1.17,       2.12
    0,    15,     2,      29.26,      30.89,       0.00,    15858.7,       1.37,       1.93
    0,    15,     3,      68.46,      72.64,       0.00,    17074.2,       1.26,       2.06
    0,    15,     4,      43.79,      72.91,       0.00,     7612.7,       1.28,       1.94
    0,    15,     5,      86.19,      73.92,       0.00,     8262.5,       1.22,       2.06
    0,    15,     6,     136.86,      74.73,       0.00,    13505.1,       1.26,       2.01
    0,    15,     7,     103.67,      78.29,       0.00,    10903.9,       1.21,       2.06
    0,    15,     8,      70.03,     111.23,       0.00,    11543.5,       1.28,       1.98
    0,    15,     9,     112.70,     131.14,       0.00,    15433.4,       1.33,       1.94
    0,    15,    10,      95.06,     138.02,       0.00,     9325.5,       1.27,       2.02
    0,    15,    11,     101.86,     164.13,       0.00,     7410.0,       1.28,       1.86
    0,    16,     1,       8.97,      14.54,       0.00,     2542.1,       1.25,       2.02
    0,    16,     2,      29.25,      30.94,       0.00,    15953.9,       1.31,       1.97
    0,    16,     3,      68.46,      72.67,       0.00,    16767.9,       1.26,       2.05
    0,    16,     4,      43.80,      72.91,       0.00,     7687.8,       1.25,       1.98
    0,    16,     5,      86.14,      73.85,       0.00,     8219.0,       1.23,       2.03
    0,    16,     6,     136.84,      74.73,       0.00,    13701.2,       1.27,       2.02
    0,    16,     7,     103.64,      78.25,       0.00,    10955.2,       1.22,       2.05
    0,    16,     8,      70.03,     111.20,       0.00,    11562.2,       1.26,       1.97
    0,    16,     9,     112.74,     131.12,       0.00,    14993.6,       1.33,       1.90
    0,    16,    10,      95.08,     138.01,       0.00,     9028.7,       1.25,       2.02
    0,    16,    11,     101.85,     164.11,       0.00,     7494.4,       1.27,       1.92
    0,    17,     1,       9.01,      14.55,       0.00,     2521.2,       1.23,       2.07
    0,    17,     2,      29.23,      30.93,       0.00,    15973.2,       1.35,       1.93
    0,    17,     3,      68.46,      72.66,       0.00,    17042.2,       1.27,       2.04
    0,    17,     4,      43.77,      72.88,       0.00,     7873.5,       1.27,       1.99
    0,    17,     5,      86.14,      73.87,       0.00,     8371.6,       1.22,       2.05
    0,    17,     6,     136.84,      74.70,       0.00,    13344.0,       1.25,       2.01
    0,    17,     7,     103.61,      78.26,       0.00,    10937.4,       1.21,       2.07
    0,    17,     8,      70.05,     111.19,       0.00,    11408.3,       1.27,       1.98
    0,    17,     9,     112.73,     131.11,       0.00,    15117.0,       1.35,       1.90
    0,    17,    10,      95.05,     138.06,       0.00,     9326.1,       1.26,       2.01
    0,    17,    11,     101.85,     164.11,       0.00,     7404.4,       1.27,       1.91
    0,    18,     1,       8.95,      14.44,       0.00,     2557.1,       1.18,       2.09
    0,    18,     2,      29.23,      30.89,       0.00,    15868.9,       1.35,       1.96
    0,    18,     3,      68.48,      72.65,       0.00,    16885.7,       1.25,       2.01
    0,    18,     4,      43.79,      72.87,       0.00,     7740.9,       1.23,       1.97
    0,    18,     5,      86.15,      73.88,       0.00,     8006.2,       1.23,       2.05
    0,    18,     6,     136.85,      74.69,       0.00,    13582.4,       1.25,       2.03
    0,    18,     7,     103.64,      78.27,       0.00,    10965.4,       1.23,       2.03
    0,    18,     8,      70.05,     111.18,       0.00,    10996.0,       1.22,       1.94
    0,    18,     9,     112.73,     131.12,       0.00,    15018.7,       1.29,       1.94
    0,    18,    10,      95.02,     138.01,       0.00,     9291.1,       1.25,       1.98
    0,    18,    11,     101.86,     164.16,       0.00,     7284.5,       1.25,       1.90
    0,    19,     1,       9.00,      14.40,       0.00,     2593.5,       1.18,       2.04
    0,    19,     2,      29.26,      30.91,       0.00,    16087.4,       1.34,       1.99
    0,    19,     3,      68.48,      72.65,       0.00,    16597.7,       1.24,       2.05
    0,    19,     4,      43.82,      72.93,       0.00,     7915.3,       1.26,       1.99
    0,    19,     5,      86.19,      73.84,       0.00,     8166.9,       1.24,       2.08
    0,    19,     6,     136.84,      74.67,       0.00,    13452.5,       1.26,       2.01
    0,    19,     7,     103.63,      78.24,       0.00,    11044.4,       1.25,       2.03
    0,    19,     8,      70.02,     111.25,       0.00,    11313.6,       1.28,       1.95
    0,    19,     9,     112.76,     131.12,       0.00,    15003.3,       1.31,       1.98
    0,    19,    10,      95.05,     138.03,       0.00,     9151.8,       1.26,       1.97
    0,    19,    11,     101.84,     164.13,       0.00,     7638.9,       1.26,       1.94
    0,    20,     1,       8.99,      14.54,       0.00,     2486.3,       1.19,       2.08
    0,    20,     2,      29.24,      30.91,       0.00,    16130.3,       1.36,       1.94
    0,    20,     3,      68.50,      72.62,       0.00,    17045.9,       1.26,       2.04
    0,    20,     4,      43.78,      72.89,       0.00,     7966.6,       1.29,       2.00
    0,    20,     5,      86.17,      73.91,       0.00,     8268.4,       1.22,       2.09
    0,    20,     6,     136.85,      74.70,       0.00,    13618.0,       1.26,       2.05
    0,    20,     7,     103.64,      78.23,       0.00,    11022.9,       1.23,       2.02
    0,    20,     8,      70.07,     111.21,       0.00,    11286.3,       1.26,       1.94
    0,    20,     9,     112.76,     131.17,       0.00,    14793.6,       1.32,       1.94
    0,    20,    10,      95.04,     138.02,       0.00,     9111.1,       1.25,       2.00
    0,    20,    11,     101.86,     164.11,       0.00,     7413.5,       1.23,       1.92
    0,    21,     1,       8.98,      14.58,       0.00,     2576.5,       1.18,       2.07
    0,    21,     2,      29.28,      30.89,       0.00,    16143.7,       1.35,       1.97
    0,    21,     3,      68.47,      72.65,       0.00,    16686.5,       1.25,       2.06
    0,    21,     4,      43.79,      72.89,       0.00,     7470.9,       1.21,       1.91
    0,    21,     5,      86.18,      73.88,       0.00,     8098.6,       1.19,       2.11
    0,    21,     6,     136.86,      74.71,       0.00,    13578.4,       1.24,       2.04
    0,    21,     7,     103.64,      78.24,       0.00,    10876.6,       1.22,       2.01
    0,    21,     8,      70.04,     111.19,       0.00,    11140.4,       1.28,       1.97
    0,    21,     9,     112.73,     131.15,       0.00,    15089.9,       1.31,       1.96
    0,    21,    10,      95.04,     138.03,       0.00,     9191.9,       1.26,       2.03
    0,    21,    11,     101.82,     164.08,       0.00,     7488.9,       1.26,       1.94
    0,    22,     1,       9.06,      14.46,       0.00,     2618.6,       1.25,       2.17
    0,    22,     2,      29.24,      30.87,       0.00,    15693.7,       1.34,       1.93
    0,    22,     3,      68.50,      72.64,       0.00,    16376.9,       1.25,       2.04
    0,    22,     4,      43.79,      72.90,       0.00,     7573.2,       1.29,       1.93
    0,    22,     5,      86.23,      73.90,       0.00,     7938.9,       1.20,       2.01
    0,    22,     6,     136.84,      74.73,       0.00,    13510.6,       1.26,       2.04
    0,    22,     7,     103.65,      78.25,       0.00,    10902.0,       1.20,       2.06
    0,    22,     8,      70.03,     111.20,       0.00,    11315.2,       1.25,       2.02
    0,    22,     9,     112.75,     131.12,       0.00,    15058.3,       1.30,       1.95
    0,    22,    10,      95.04,     138.02,       0.00,     9261.3,       1.27,       1.98
    0,    22,    11,     101.83,     164.16,       0.00,     7329.9,       1.25,       1.90
    0,    23,     1,       9.02,      14.49,       0.00,     2595.3,       1.20,       2.05
    0,    23,     2,      29.25,      30.92,       0.00,    15656.9,       1.32,       1.94
    0,    23,     3,      68.49,      72.67,       0.00,    16731.5,       1.24,       2.02
    0,    23,     4,      43.79,      72.92,       0.00,     7495.1,       1.25,       1.99
    0,    23,     5,      86.18,      73.83,       0.00,     8046.6,       1.23,       2.06
    0,    23,     6,     136.85,      74.74,       0.00,    13326.3,       1.24,       2.01
    0,    23,     7,     103.64,      78.28,       0.00,    10953.2,       1.23,       2.03
    0,    23,     8,      70.02,     111.20,       0.00,    11578.0,       1.28,       2.04
    0,    23,     9,     112.74,     131.12,       0.00,    14949.5,       1.28,       1.96
    0,    23,    10,      95.04,     137.98,       0.00,     8932.8,       1.23,       1.96
    0,    23,    11,     101.86,     164.12,       0.00,     7557.7,       1.24,       1.90
    0,    24,     1,       8.98,      14.48,       0.00,     2700.4,       1.25,       2.06
    0,    24,     2,      29.26,      30.90,       0.00,    15656.7,       1.35,       1.98
    0,    24,     3,      68.49,      72.66,       0.00,    16749.6,       1.23,       2.03
    0,    24,     4,      43.78,      72.88,       0.00,     7646.7,       1.24,       2.03
    0,    24,     5,      86.18,      73.84,       0.00,     7936.5,       1.21,       2.04
    0,    24,     6,     136.83,      74.71,       0.00,    13503.2,       1.27,       2.02
    0,    24,     7,     103.66,      78.32,       0.00,    10893.0,       1.21,       2.06
    0,    24,     8,      70.02,     111.18,       0.00,    11030.2,       1.26,       1.95
    0,    24,     9,     112.71,     131.11,       0.00,    15102.6,       1.31,       1.98
    0,    24,    10,      95.05,     138.01,       0.00,     9110.1,       1.22,       1.97
    0,    24,    11,     101.84,     164.07,       0.00,     7706.9,       1.32,       1.92
    0,    25,     1,       9.02,      14.48,       0.00,     2686.7,       1.30,       2.03
    0,    25,     2,      29.24,      30.91,       0.00,    15950.6,       1.33,       1.98
    0,    25,     3,      68.49,      72.66,       0.00,    17152.3,       1.25,       2.05
    0,    25,     4,      43.78,      72.91,       0.00,     7643.1,       1.26,       2.03
    0,    25,     5,      86.20,      73.85,       0.00,     7990.6,       1.22,       2.04
    0,    25,     6,     136.84,      74.69,       0.00,    13547.3,       1.25,       2.04
    0,    25,     7,     103.64,      78.25,       0.00,    10971.1,       1.22,       2.08
    0,    25,     8,      70.04,     111.21,       0.00,    11067.1,       1.27,       2.00
    0,    25,     9,     112.76,     131.08,       0.00,    15115.0,       1.32,       1.95
    0,    25,    10,      95.05,     138.01,       0.00,     9228.3,       1.25,       2.00
    0,    25,    11,     101.84,     164.16,       0.00,     7582.3,       1.26,       1.90
    0,    26,     1,       9.02,      14.60,       0.00,     2539.3,       1.21,       1.96
    0,    26,     2,      29.23,      30.88,       0.00,    15873.7,       1.34,       1.98
    0,    26,     3,      68.47,      72.64,       0.00,    16786.3,       1.23,       2.05
    0,    26,     4,      43.82,      72.88,       0.00,     7358.8,       1.26,       1.90
    0,    26,     5,      86.20,      73.87,       0.00,     7679.1,       1.20,       2.07
    0,    26,     6,     136.84,      74.71,       0.00,    13507.7,       1.24,       2.04
    0,    26,     7,     103.64,      78.26,       0.00,    10713.7,       1.16,       2.02
    0,    26,     8,      70.05,     111.22,       0.00,    11479.7,       1.29,       2.02
    0,    26,     9,     112.72,     131.12,       0.00,    15123.5,       1.32,       1.97
    0,    26,    10,      95.02,     137.96,       0.00,     9396.8,       1.27,       2.01
    0,    26,    11,     101.85,     164.12,       0.00,     7438.2,       1.26,       1.96
    0,    27,     1,       9.01,      14.48,       0.00,     2597.0,       1.20,       2.05
    0,    27,     2,      29.25,      30.94,       0.00,    15755.8,       1.32,       1.97
    0,    27,     3,      68.47,      72.65,       0.00,    16977.2,       1.23,       2.03
    0,    27,     4,      43.80,      72.91,       0.00,     7603.8,       1.27,       1.95
    0,    27,     5,      86.16,      73.83,       0.00,     7658.2,       1.22,       2.08
    0,    27,     6,     136.85,      74.70,       0.00,    13250.8,       1.23,       2.04
    0,    27,     7,     103.64,      78.27,       0.00,    10677.5,       1.21,       2.06
    0,    27,     8,      70.04,     111.20,       0.00,    11158.1,       1.26,       1.97
    0,    27,     9,     112.72,     131.12,       0.00,    14938.0,       1.30,       1.93
    0,    27,    10,      95.02,     137.99,       0.00,     9063.6,       1.21,       2.02
    0,    27,    11,     101.80,     164.07,       0.00,     7234.8,       1.23,       1.88
    0,    28,     1,       9.00,      14.53,       0.00,     2551.7,       1.21,       1.97
    0,    28,     2,      29.27,      30.88,       0.00,    15717.7,       1.34,       1.95
    0,    28,     3,      68.48,      72.64,       0.00,    16868.9,       1.23,       2.05
    0,    28,     4,      43.79,      72.86,       0.00,     7773.6,       1.24,       2.03
    0,    28,     5,      86.19,      73.91,       0.00,     7658.4,       1.22,       1.98
    0,    28,     6,     136.85,      74.69,       0.00,    13393.9,       1.24,       2.00
    0,    28,     7,     103.64,      78.28,       0.00,    10926.6,       1.23,       2.05
    0,    28,     8,      70.04,     111.17,       0.00,    11166.6,       1.23,       2.00
    0,    28,     9,     112.75,     131.12,       0.00,    15105.4,       1.30,       1.96
    0,    28,    10,      95.04,     137.98,       0.00,     9024.4,       1.24,       1.96
    0,    28,    11,     101.85,     164.09,       0.00,     7345.7,       1.25,       1.99
    0,    29,     1,       9.00,      14.45,       0.00,     2603.9,       1.21,       1.97
    0,    29,     2,      29.27,      30.90,       0.00,    15959.7,       1.34,       1.96
    0,    29,     3,      68.47,      72.64,       0.00,    17231.4,       1.24,       2.07
    0,    29,     4,      43.79,      72.84,       0.00,     7627.2,       1.24,       2.01
    0,    29,     5,      86.17,      73.87,       0.00,     8017.2,       1.21,       2.13
    0,    29,     6,     136.84,      74.69,       0.00,    13539.2,       1.25,       2.03
    0,    29,     7,     103.64,      78.22,       0.00,    11032.3,       1.21,       2.08
    0,    29,     8,      70.05,     111.22,       0.00,    11192.5,       1.30,       1.98
    0,    29,     9,     112.73,     131.16,       0.00,    15244.6,       1.31,       1.97
    0,    29,    10,      95.04,     138.02,       0.00,     9277.2,       1.27,       1.98
    0,    29,    11,     101.84,     164.15,       0.00,     7556.3,       1.25,       1.95
    0,    30,     1,       9.00,      14.60,       0.00,     2576.5,       1.29,       2.03
    0,    30,     2,      29.27,      30.91,       0.00,    15519.5,       1.31,       1.96
    0,    30,     3,      68.47,      72.62,       0.00,    17021.1,       1.24,       2.03
    0,    30,     4,      43.77,      72.89,       0.00,     7649.2,       1.22,       1.98
    0,    30,     5,      86.17,      73.82,       0.00,     7776.5,       1.20,       2.02
    0,    30,     6,     136.85,      74.67,       0.00,    13686.4,       1.26,       2.04
    0,    30,     7,     103.63,      78.25,       0.00,    10797.8,       1.18,       2.03
    0,    30,     8,      70.07,     111.21,       0.00,    11254.5,       1.24,       1.98
    0,    30,     9,     112.78,     131.14,       0.00,    15149.4,       1.29,       1.97
    0,    30,    10,      95.04,     137.99,       0.00,     9285.3,       1.24,       2.03
    0,    30,    11,     101.83,     164.10,       0.00,     7231.4,       1.24,       1.91
    0,    31,     1,       9.00,      14.58,       0.00,     2606.8,       1.25,       2.09
    0,    31,     2,      29.24,      30.90,       0.00,    15802.4,       1.32,       1.95
    0,    31,     3,      68.47,      72.62,       0.00,    17142.4,       1.26,       2.06
    0,    31,     4,      43.80,      72.85,       0.00,     7519.9,       1.26,       1.96
    0,    31,     5,      86.17,      73.85,       0.00,     7816.3,       1.23,       2.08
    0,    31,     6,     136.84,      74.72,       0.00,    13840.7,       1.25,       2.06
    0,    31,     7,     103.62,      78.22,       0.00,    11372.3,       1.23,       2.09
    0,    31,     8,      70.06,     111.20,       0.00,    10826.1,       1.21,       1.96
    0,    31,     9,     112.74,     131.10,       0.00,    15066.4,       1.32,       1.97
    0,    31,    10,      95.06,     138.00,       0.00,     9400.0,       1.27,       2.01
    0,    31,    11,     101.90,     164.12,       0.00,     7343.3,       1.29,       1.96
    0,    32,     1,       9.01,      14.51,       0.00,     2534.5,       1.11,       2.03
    0,    32,     2,      29.29,      30.89,       0.00,    15885.5,       1.34,       1.95
    0,    32,     3,      68.47,      72.64,       0.00,    16971.3,       1.26,       2.09
    0,    32,     4,      43.81,      72.90,       0.00,     7586.1,       1.30,       1.98
    0,    32,     5,      86.19,      73.88,       0.00,     8142.6,       1.21,       2.11
    0,    32,     6,     136.86,      74.71,       0.00,    13446.0,       1.24,       2.01
    0,    32,     7,     103.63,      78.22,       0.00,    11062.3,       1.21,       2.00
    0,    32,     8,      70.05,     111.18,       0.00,    11232.5,       1.25,       1.97
    0,    32,     9,     112.74,     131.16,       0.00,    14965.7,       1.28,       1.98
    0,    32,    10,      95.02,     137.93,       0.00,     9227.7,       1.26,       2.04
    0,    32,    11,     101.88,     164.07,       0.00,     7419.8,       1.26,       1.91
    0,    33,     1,       9.03,      14.48,       0.00,     2459.4,       1.14,       2.05
    0,    33,     2,      29.28,      30.88,       0.00,    15664.6,       1.34,       1.97
    0,    33,     3,      68.47,      72.66,       0.00,    17517.4,       1.24,       2.09
    0,    33,     4,      43.84,      72.91,       0.00,     7460.6,       1.23,       1.97
    0,    33,     5,      86.18,      73.84,       0.00,     8024.6,       1.25,       2.07
    0,    33,     6,     136.85,      74.68,       0.00,    13640.2,       1.26,       2.05
    0,    33,     7,     103.65,      78.23,       0.00,    11158.8,       1.21,       2.06
    0,    33,     8,      70.04,     111.21,       0.00,    11373.7,       1.29,       2.03
    0,    33,     9,     112.77,     131.09,       0.00,    15005.2,       1.28,       1.93
    0,    33,    10,      95.04,     137.95,       0.00,     9242.9,       1.22,       1.99
    0,    33,    11,     101.88,     164.08,       0.00,     7503.1,       1.24,       1.91
    0,    34,     1,       9.03,      14.55,       0.00,     2603.2,       1.21,       2.02
    0,    34,     2,      29.27,      30.88,       0.00,    15729.1,       1.35,       1.94
    0,    34,     3,      68.46,      72.65,       0.00,    17275.8,       1.24,       2.04
    0,    34,     4,      43.80,      72.92,       0.00,     7778.4,       1.28,       2.00
    0,    34,     5,      86.18,      73.85,       0.00,     7623.9,       1.23,       2.01
    0,    34,     6,     136.85,      74.69,       0.00,    13298.8,       1.27,       2.03
    0,    34,     7,     103.64,      78.28,       0.00,    10933.9,       1.22,       2.04
    0,    34,     8,      70.05,     111.20,       0.00,    10948.4,       1.24,       1.98
    0,    34,     9,     112.76,     131.09,       0.00,    14972.1,       1.28,       1.98
    0,    34,    10,      95.02,     138.03,       0.00,     9222.1,       1.23,       1.98
    0,    34,    11,     101.83,     164.12,       0.00,     7503.1,       1.25,       1.96
    0,    35,     1,       8.99,      14.51,       0.00,     2564.8,       1.16,       2.09
    0,    35,     2,      29.24,      30.93,       0.00,    15572.5,       1.34,       1.97
    0,    35,     3,      68.48,      72.67,       0.00,    17287.6,       1.24,       2.10
    0,    35,     4,      43.82,      72.88,       0.00,     7481.1,       1.23,       1.98
    0,    35,     5,      86.17,      73.86,       0.00,     7921.8,       1.23,       2.06
    0,    35,     6,     136.83,      74.70,       0.00,    13430.8,       1.26,       2.05
    0,    35,     7,     103.65,      78.26,       0.00,    10987.4,       1.21,       2.08
    0,    35,     8,      70.09,     111.20,       0.00,    11141.4,       1.24,       2.06
    0,    35,     9,     112.75,     131.13,       0.00,    15115.1,       1.29,       1.98
    0,    35,    10,      95.06,     137.99,       0.00,     9328.1,       1.27,       2.00
    0,    35,    11,     101.86,     164.13,       0.00,     7389.0,       1.27,       1.93
    0,    36,     1,       9.04,      14.44,       0.00,     2506.1,       1.21,       1.99
    0,    36,     2,      29.28,      30.89,       0.00,    15807.9,       1.32,       1.95
    0,    36,     3,      68.49,      72.59,       0.00,    17240.8,       1.25,       2.07
    0,    36,     4,      43.81,      72.86,       0.00,     7355.4,       1.21,       1.95
    0,    36,     5,      86.18,      73.85,       0.00,     7902.8,       1.21,       2.08
    0,    36,     6,     136.87,      74.70,       0.00,    13715.8,       1.26,       2.05
    0,    36,     7,     103.65,      78.25,       0.00,    11118.1,       1.23,       2.10
    0,    36,     8,      70.08,     111.18,       0.00,    11239.6,       1.27,       2.04
    0,    36,     9,     112.76,     131.10,       0.00,    14823.2,       1.30,       1.97
    0,    36,    10,      95.02,     137.94,       0.00,     9090.8,       1.24,       2.04
    0,    36,    11,     101.86,     164.08,       0.00,     7430.0,       1.27,       1.94
    0,    37,     1,       9.06,      14.57,       0.00,     2546.1,       1.10,       2.03
    0,    37,     2,      29.27,      30.84,       0.00,    16108.7,       1.36,       1.98
    0,    37,     3,      68.47,      72.64,       0.00,    17424.7,       1.23,       2.04
    0,    37,     4,      43.83,      72.91,       0.00,     7863.9,       1.27,       2.04
    0,    37,     5,      86.19,      73.84,       0.00,     7823.2,       1.20,       2.06
    0,    37,     6,     136.85,      74.70,       0.00,    13645.6,       1.26,       2.04
    0,    37,     7,     103.67,      78.21,       0.00,    11016.6,       1.23,       2.05
    0,    37,     8,      70.07,     111.20,       0.00,    11432.8,       1.27,       2.05
    0,    37,     9,     112.78,     131.10,       0.00,    15110.0,       1.29,       1.98
    0,    37,    10,      95.04,     137.99,       0.00,     9088.1,       1.20,       2.01
    0,    37,    11,     101.90,     164.14,       0.00,     7444.6,       1.24,       1.93
    0,    38,     1,       9.03,      14.53,       0.00,     2564.0,       1.15,       2.16
    0,    38,     2,      29.28,      30.86,       0.00,    15893.0,       1.32,       1.97
    0,    38,     3,      68.50,      72.62,       0.00,    17679.8,       1.26,       2.10
    0,    38,     4,      43.81,      72.88,       0.00,     7755.7,       1.24,       1.99
    0,    38,     5,      86.17,      73.86,       0.00,     7743.5,       1.22,       2.06
    0,    38,     6,     136.85,      74.70,       0.00,    13211.5,       1.22,       2.00
    0,    38,     7,     103.66,      78.24,       0.00,    11036.8,       1.21,       2.10
    0,    38,     8,      70.05,     111.18,       0.00,    10953.0,       1.27,       2.01
    0,    38,     9,     112.77,     131.08,       0.00,    15320.5,       1.31,       1.95
    0,    38,    10,      95.03,     137.98,       0.00,     9240.9,       1.24,       2.03
    0,    38,    11,     101.87,     164.11,       0.00,     7594.6,       1.23,       1.99
    0,    39,     1,       8.99,      14.43,       0.00,     2702.8,       1.23,       2.05
    0,    39,     2,      29.26,      30.88,       0.00,    15688.5,       1.33,       1.98
    0,    39,     3,      68.49,      72.65,       0.00,    17442.4,       1.23,       2.06
    0,    39,     4,      43.84,      72.88,       0.00,     7665.5,       1.24,       2.06
    0,    39,     5,      86.16,      73.83,       0.00,     7884.8,       1.22,       2.12
    0,    39,     6,     136.86,      74.70,       0.00,    13435.9,       1.24,       2.06
    0,    39,     7,     103.65,      78.24,       0.00,    10925.6,       1.21,       2.06
    0,    39,     8,      70.05,     111.18,       0.00,    11124.3,       1.30,       2.02
    0,    39,     9,     112.76,     131.11,       0.00,    14906.3,       1.27,       1.97
    0,    39,    10,      95.08,     138.00,       0.00,     9171.2,       1.24,       2.01
    0,    39,    11,     101.85,     164.11,       0.00,     7608.4,       1.30,       1.97
