#stackID(UINT32), frameID(UINT32), eventID(UINT32), x0(float), y0(float), z0(float), photon_count0(float), sigmaX0(float), sigmaY0(float) 
    0,     0,     1,       8.54,      14.85,       0.00,     2704.3,       2.18,       1.12
    0,     0,     2,      28.76,      31.22,       0.00,    16201.0,       2.36,       1.19
    0,     0,     3,      43.39,      73.33,       0.00,     7649.0,       2.27,       1.10
    0,     0,     4,      68.11,      73.07,       0.00,    17954.9,       2.36,       1.22
    0,     0,     5,      85.80,      74.24,       0.00,     8523.5,       2.10,       1.08
    0,     0,     6,     136.50,      75.08,       0.00,    14241.2,       2.28,       1.16
    0,     0,     7,     103.28,      78.64,       0.00,    11025.7,       2.16,       1.11
    0,     0,     8,      69.70,     111.54,       0.00,    11355.9,       2.24,       1.15
    0,     0,     9,     112.33,     131.51,       0.00,    14850.3,       2.26,       1.14
    0,     0,    10,      94.68,     138.34,       0.00,     9560.8,       2.21,       1.11
    0,     0,    11,     101.48,     164.46,       0.00,     7741.0,       2.17,       1.07
    0,     1,     1,       8.43,      14.85,       0.00,     2629.9,       2.27,       1.14
    0,     1,     2,      28.81,      31.22,       0.00,    15876.5,       2.35,       1.18
    0,     1,     3,      68.09,      73.05,       0.00,    18249.8,       2.36,       1.23
    0,     1,     4,      43.32,      73.31,       0.00,     7503.7,       2.29,       1.14
    0,     1,     5,      85.77,      74.18,       0.00,     8657.1,       2.12,       1.12
    0,     1,     6,     136.47,      75.07,       0.00,    14150.2,       2.30,       1.16
    0,     1,     7,     103.28,      78.62,       0.00,    10801.2,       2.13,       1.10
    0,     1,     8,      69.76,     111.53,       0.00,    11258.4,       2.26,       1.15
    0,     1,     9,     112.32,     131.50,       0.00,    14716.0,       2.31,       1.14
    0,     1,    10,      94.65,     138.35,       0.00,     9273.6,       2.20,       1.13
    0,     1,    11,     101.48,     164.51,       0.00,     7678.5,       2.24,       1.13
    0,     2,     1,       8.49,      14.83,       0.00,     2457.7,       2.16,       1.08
    0,     2,     2,      28.76,      31.20,       0.00,    15341.5,       2.35,       1.18
    0,     2,     3,      68.09,      73.05,       0.00,    17819.4,       2.34,       1.23
    0,     2,     4,      43.35,      73.32,       0.00,     7446.8,       2.26,       1.12
    0,     2,     5,      85.77,      74.21,       0.00,     8185.1,       2.11,       1.10
    0,     2,     6,     136.49,      75.04,       0.00,    13687.8,       2.21,       1.16
    0,     2,     7,     103.24,      78.63,       0.00,    10767.6,       2.15,       1.10
    0,     2,     8,      69.72,     111.56,       0.00,    11376.4,       2.27,       1.15
    0,     2,     9,     112.31,     131.50,       0.00,    14851.0,       2.29,       1.16
    0,     2,    10,      94.64,     138.34,       0.00,     9364.2,       2.19,       1.12
    0,     2,    11,     101.47,     164.48,       0.00,     7426.9,       2.14,       1.09
    0,     3,     1,       8.40,      14.81,       0.00,     2465.4,       2.11,       1.07
    0,     3,     2,      28.78,      31.21,       0.00,    15590.4,       2.37,       1.19
    0,     3,     3,      68.07,      73.05,       0.00,    17787.7,       2.35,       1.21
    0,     3,     4,      43.36,      73.33,       0.00,     7166.7,       2.26,       1.11
    0,     3,     5,      85.72,      74.20,       0.00,     8199.9,       2.15,       1.11
    0,     3,     6,     136.50,      75.05,       0.00,    13526.0,       2.23,       1.13
    0,     3,     7,     103.31,      78.62,       0.00,    10935.7,       2.15,       1.14
    0,     3,     8,      69.74,     111.56,       0.00,    11457.1,       2.27,       1.15
    0,     3,     9,     112.36,     131.52,       0.00,    14571.8,       2.25,       1.15
    0,     3,    10,      94.73,     138.36,       0.00,     9120.3,       2.19,       1.14
    0,     3,    11,     101.49,     164.50,       0.00,     7300.8,       2.17,       1.11
    0,     4,     1,       8.54,      14.86,       0.00,     2461.6,       2.12,       1.12
    0,     4,     2,      28.83,      31.19,       0.00,    15702.9,       2.30,       1.20
    0,     4,     3,      43.46,      73.31,       0.00,     7350.7,       2.18,       1.12
    0,     4,     4,      68.05,      73.07,       0.00,    17479.3,       2.31,       1.21
    0,     4,     5,      85.76,      74.23,       0.00,     8037.7,       2.10,       1.10
    0,     4,     6,     136.48,      75.04,       0.00,    13536.7,       2.22,       1.14
    0,     4,     7,     103.25,      78.62,       0.00,    10525.8,       2.10,       1.12
    0,     4,     8,      69.75,     111.56,       0.00,    11446.9,       2.29,       1.12
    0,     4,     9,     112.37,     131.50,       0.00,    14709.5,       2.26,       1.15
    0,     4,    10,      94.63,     138.39,       0.00,     8986.3,       2.18,       1.11
    0,     4,    11,     101.45,     164.49,       0.00,     7430.9,       2.15,       1.13
    0,     5,     1,       8.52,      14.91,       0.00,     2443.5,       2.09,       1.10
    0,     5,     2,      28.76,      31.21,       0.00,    15630.4,       2.30,       1.21
    0,     5,     3,      68.09,      73.06,       0.00,    17485.0,       2.34,       1.21
    0,     5,     4,      43.43,      73.32,       0.00,     7183.9,       2.21,       1.10
    0,     5,     5,      85.74,      74.20,       0.00,     8363.2,       2.10,       1.10
    0,     5,     6,     136.50,      75.05,       0.00,    13394.9,       2.23,       1.16
    0,     5,     7,     103.25,      78.60,       0.00,    10542.5,       2.14,       1.12
    0,     5,     8,      69.75,     111.55,       0.00,    11547.1,       2.29,       1.14
    0,     5,     9,     112.30,     131.49,       0.00,    14685.5,       2.26,       1.16
    0,     5,    10,      94.69,     138.37,       0.00,     8803.6,       2.17,       1.09
    0,     5,    11,     101.52,     164.46,       0.00,     7348.7,       2.16,       1.12
    0,     6,     1,       8.38,      14.97,       0.00,     2422.8,       2.04,       1.09
    0,     6,     2,      28.79,      31.22,       0.00,    15470.2,       2.31,       1.19
    0,     6,     3,      43.43,      73.32,       0.00,     7370.4,       2.21,       1.11
    0,     6,     4,      68.12,      73.02,       0.00,    17308.0,       2.32,       1.21
    0,     6,     5,      85.74,      74.20,       0.00,     8236.9,       2.09,       1.11
    0,     6,     6,     136.53,      75.04,       0.00,    13520.0,       2.21,       1.15
    0,     6,     7,     103.27,      78.61,       0.00,    10561.7,       2.14,       1.12
    0,     6,     8,      69.78,     111.55,       0.00,    11283.3,       2.31,       1.14
    0,     6,     9,     112.34,     131.51,       0.00,    14107.8,       2.27,       1.11
    0,     6,    10,      94.65,     138.33,       0.00,     9050.6,       2.16,       1.14
    0,     6,    11,     101.53,     164.47,       0.00,     7479.9,       2.17,       1.10
    0,     7,     1,       8.39,      14.91,       0.00,     2533.1,       2.22,       1.09
    0,     7,     2,      28.82,      31.22,       0.00,    15506.4,       2.37,       1.18
    0,     7,     3,      68.10,      73.05,       0.00,    17541.3,       2.34,       1.21
    0,     7,     4,      43.33,      73.29,       0.00,     7277.0,       2.18,       1.10
    0,     7,     5,      85.80,      74.20,       0.00,     8538.6,       2.13,       1.11
    0,     7,     6,     136.48,      75.08,       0.00,    13547.9,       2.22,       1.17
    0,     7,     7,     103.25,      78.64,       0.00,    10617.9,       2.14,       1.12
    0,     7,     8,      69.73,     111.54,       0.00,    11412.0,       2.25,       1.16
    0,     7,     9,     112.31,     131.49,       0.00,    14064.6,       2.25,       1.14
    0,     7,    10,      94.70,     138.35,       0.00,     9204.0,       2.21,       1.14
    0,     7,    11,     101.46,     164.48,       0.00,     7478.3,       2.13,       1.10
    0,     8,     1,       8.49,      14.90,       0.00,     2404.9,       2.13,       1.05
    0,     8,     2,      28.78,      31.24,       0.00,    15373.2,       2.33,       1.18
    0,     8,     3,      68.05,      73.04,       0.00,    17213.8,       2.34,       1.20
    0,     8,     4,      43.43,      73.27,       0.00,     7172.7,       2.26,       1.11
    0,     8,     5,      85.82,      74.16,       0.00,     8046.0,       2.04,       1.08
    0,     8,     6,     136.53,      75.05,       0.00,    13241.1,       2.20,       1.15
    0,     8,     7,     103.26,      78.61,       0.00,    10728.9,       2.12,       1.13
    0,     8,     8,      69.69,     111.53,       0.00,    11325.5,       2.28,       1.11
    0,     8,     9,     112.32,     131.48,       0.00,    14184.9,       2.25,       1.14
    0,     8,    10,      94.61,     138.36,       0.00,     9109.4,       2.21,       1.12
    0,     8,    11,     101.53,     164.47,       0.00,     7430.8,       2.19,       1.10
    0,     9,     1,       8.48,      14.94,       0.00,     2307.1,       2.02,       1.09
    0,     9,     2,      28.80,      31.22,       0.00,    15371.7,       2.32,       1.18
    0,     9,     3,      43.45,      73.31,       0.00,     7210.9,       2.20,       1.10
    0,     9,     4,      68.10,      73.05,       0.00,    17658.1,       2.32,       1.23
    0,     9,     5,      85.81,      74.19,       0.00,     8094.5,       2.12,       1.10
    0,     9,     6,     136.55,      75.05,       0.00,    13133.5,       2.19,       1.15
    0,     9,     7,     103.26,      78.61,       0.00,    10373.4,       2.12,       1.11
    0,     9,     8,      69.74,     111.56,       0.00,    10777.1,       2.23,       1.14
    0,     9,     9,     112.33,     131.49,       0.00,    14227.5,       2.26,       1.13
    0,     9,    10,      94.73,     138.35,       0.00,     9045.2,       2.16,       1.13
    0,     9,    11,     101.48,     164.46,       0.00,     7644.9,       2.19,       1.13
    0,    10,     1,       8.40,      14.95,       0.00,     2442.9,       2.23,       1.15
    0,    10,     2,      28.78,      31.21,       0.00,    15557.4,       2.37,       1.17
    0,    10,     3,      68.09,      73.05,       0.00,    17581.0,       2.33,       1.22
    0,    10,     4,      43.43,      73.27,       0.00,     7291.9,       2.20,       1.10
    0,    10,     5,      85.83,      74.20,       0.00,     8287.0,       2.14,       1.14
    0,    10,     6,     136.50,      75.04,       0.00,    13108.6,       2.25,       1.14
    0,    10,     7,     103.28,      78.61,       0.00,    10374.4,       2.16,       1.13
    0,    10,     8,      69.76,     111.55,       0.00,    11030.1,       2.30,       1.15
    0,    10,     9,     112.39,     131.50,       0.00,    14508.8,       2.28,       1.14
    0,    10,    10,      94.73,     138.33,       0.00,     9045.4,       2.17,       1.13
    0,    10,    11,     101.52,     164.46,       0.00,     7510.9,       2.18,       1.11
    0,    11,     1,       8.51,      14.88,       0.00,     2599.5,       2.21,       1.12
    0,    11,     2,      28.78,      31.24,       0.00,    15302.1,       2.33,       1.19
    0,    11,     3,      68.07,      73.05,       0.00,    17511.8,       2.32,       1.21
    0,    11,     4,      43.41,      73.31,       0.00,     7351.1,       2.26,       1.12
    0,    11,     5,      85.80,      74.18,       0.00,     8282.1,       2.10,       1.12
    0,    11,     6,     136.54,      75.05,       0.00,    13153.5,       2.20,       1.16
    0,    11,     7,     103.26,      78.61,       0.00,    10486.3,       2.11,       1.12
    0,    11,     8,      69.73,     111.55,       0.00,    11076.4,       2.26,       1.16
    0,    11,     9,     112.34,     131.50,       0.00,    13752.4,       2.20,       1.14
    0,    11,    10,      94.73,     138.36,       0.00,     8951.1,       2.20,       1.11
    0,    11,    11,     101.54,     164.48,       0.00,     7451.6,       2.20,       1.10
    0,    12,     1,       8.47,      14.92,       0.00,     2523.9,       2.21,       1.15
    0,    12,     2,      28.75,      31.20,       0.00,    15323.4,       2.32,       1.18
    0,    12,     3,      68.14,      73.07,       0.00,    17265.4,       2.32,       1.22
    0,    12,     4,      43.45,      73.30,       0.00,     7273.5,       2.21,       1.10
    0,    12,     5,      85.79,      74.18,       0.00,     8064.8,       2.09,       1.10
    0,    12,     6,     136.56,      75.02,       0.00,    13659.8,       2.29,       1.17
    0,    12,     7,     103.28,      78.60,       0.00,    10437.2,       2.16,       1.11
    0,    12,     8,      69.71,     111.55,       0.00,    11128.3,       2.32,       1.16
    0,    12,     9,     112.34,     131.50,       0.00,    14120.0,       2.24,       1.16
    0,    12,    10,      94.67,     138.38,       0.00,     8906.2,       2.24,       1.13
    0,    12,    11,     101.47,     164.47,       0.00,     7174.6,       2.10,       1.10
    0,    13,     1,       8.43,      14.86,       0.00,     2350.5,       1.93,       1.07
    0,    13,     2,      28.82,      31.22,       0.00,    15192.8,       2.33,       1.18
    0,    13,     3,      68.11,      73.06,       0.00,    17527.0,       2.31,       1.22
    0,    13,     4,      43.46,      73.29,       0.00,     7350.9,       2.23,       1.12
    0,    13,     5,      85.81,      74.16,       0.00,     8029.5,       2.12,       1.14
    0,    13,     6,     136.52,      75.04,       0.00,    13267.5,       2.23,       1.13
    0,    13,     7,     103.27,      78.58,       0.00,    10475.7,       2.14,       1.12
    0,    13,     8,      69.76,     111.53,       0.00,    10891.6,       2.25,       1.13
    0,    13,     9,     112.34,     131.50,       0.00,    14317.1,       2.22,       1.15
    0,    13,    10,      94.66,     138.33,       0.00,     9064.2,       2.19,       1.17
    0,    13,    11,     101.51,     164.50,       0.00,     7162.1,       2.10,       1.10
    0,    14,     1,       8.46,      14.85,       0.00,     2454.1,       2.20,       1.08
    0,    14,     2,      28.84,      31.20,       0.00,    15218.2,       2.33,       1.18
    0,    14,     3,      43.46,      73.29,       0.00,     7088.8,       2.19,       1.11
    0,    14,     4,      68.13,      73.05,       0.00,    17285.4,       2.32,       1.22
    0,    14,     5,      85.77,      74.18,       0.00,     8052.8,       2.09,       1.12
    0,    14,     6,     136.56,      75.05,       0.00,    13541.2,       2.19,       1.15
    0,    14,     7,     103.27,      78.61,       0.00,    10526.8,       2.13,       1.11
    0,    14,     8,      69.83,     111.54,       0.00,    10916.3,       2.22,       1.15
    0,    14,     9,     112.38,     131.50,       0.00,    14243.1,       2.25,       1.15
    0,    14,    10,      94.70,     138.34,       0.00,     8847.1,       2.17,       1.12
    0,    14,    11,     101.51,     164.48,       0.00,     7291.9,       2.14,       1.11
    0,    15,     1,       8.45,      14.81,       0.00,     2611.5,       2.27,       1.17
    0,    15,     2,      28.81,      31.22,       0.00,    15127.6,       2.29,       1.19
    0,    15,     3,      68.11,      73.03,       0.00,    17121.9,       2.31,       1.22
    0,    15,     4,      43.47,      73.27,       0.00,     7043.9,       2.14,       1.12
    0,    15,     5,      85.73,      74.19,       0.00,     8169.8,       2.13,       1.10
    0,    15,     6,     136.54,      75.03,       0.00,    13493.3,       2.21,       1.14
    0,    15,     7,     103.28,      78.62,       0.00,    10591.3,       2.12,       1.14
    0,    15,     8,      69.73,     111.55,       0.00,    11033.0,       2.26,       1.15
    0,    15,     9,     112.37,     131.51,       0.00,    13761.5,       2.24,       1.13
    0,    15,    10,      94.72,     138.36,       0.00,     8872.4,       2.15,       1.12
    0,    15,    11,     101.45,     164.49,       0.00,     7014.6,       2.11,       1.13
    0,    16,     1,       8.40,      14.86,       0.00,     2411.6,       2.11,       1.12
    0,    16,     2,      28.82,      31.22,       0.00,    14805.4,       2.28,       1.17
    0,    16,     3,      68.11,      73.04,       0.00,    16906.2,       2.30,       1.21
    0,    16,     4,      43.42,      73.31,       0.00,     7312.9,       2.25,       1.11
    0,    16,     5,      85.80,      74.19,       0.00,     8129.0,       2.10,       1.10
    0,    16,     6,     136.53,      75.04,       0.00,    13137.6,       2.22,       1.15
    0,    16,     7,     103.22,      78.61,       0.00,    10370.1,       2.12,       1.12
    0,    16,     8,      69.81,     111.55,       0.00,    11094.2,       2.23,       1.13
    0,    16,     9,     112.35,     131.49,       0.00,    14264.2,       2.28,       1.14
    0,    16,    10,      94.76,     138.35,       0.00,     8875.7,       2.19,       1.15
    0,    16,    11,     101.48,     164.44,       0.00,     7224.9,       2.17,       1.13
    0,    17,     1,       8.39,      14.88,       0.00,     2383.2,       2.20,       1.14
    0,    17,     2,      28.82,      31.22,       0.00,    14920.5,       2.33,       1.18
    0,    17,     3,      68.11,      73.05,       0.00,    17424.7,       2.31,       1.23
    0,    17,     4,      43.46,      73.29,       0.00,     7151.9,       2.24,       1.09
    0,    17,     5,      85.83,      74.17,       0.00,     8291.1,       2.12,       1.14
    0,    17,     6,     136.50,      75.05,       0.00,    13430.6,       2.25,       1.14
    0,    17,     7,     103.27,      78.61,       0.00,    10300.1,       2.10,       1.13
    0,    17,     8,      69.74,     111.54,       0.00,    11249.2,       2.24,       1.15
    0,    17,     9,     112.36,     131.51,       0.00,    14231.9,       2.24,       1.13
    0,    17,    10,      94.71,     138.33,       0.00,     8913.3,       2.20,       1.15
    0,    17,    11,     101.46,     164.49,       0.00,     7426.3,       2.23,       1.09
    0,    18,     1,       8.34,      14.87,       0.00,     2371.7,       2.12,       1.10
    0,    18,     2,      28.86,      31.22,       0.00,    15136.7,       2.32,       1.18
    0,    18,     3,      68.11,      73.05,       0.00,    17062.8,       2.30,       1.20
    0,    18,     4,      43.48,      73.29,       0.00,     7078.6,       2.22,       1.11
    0,    18,     5,      85.76,      74.20,       0.00,     7965.6,       2.05,       1.10
    0,    18,     6,     136.55,      75.02,       0.00,    13382.0,       2.22,       1.16
    0,    18,     7,     103.26,      78.61,       0.00,    10446.0,       2.13,       1.13
    0,    18,     8,      69.78,     111.54,       0.00,    10918.1,       2.27,       1.16
    0,    18,     9,     112.34,     131.49,       0.00,    14256.8,       2.30,       1.14
    0,    18,    10,      94.72,     138.34,       0.00,     8894.0,       2.16,       1.13
    0,    18,    11,     101.54,     164.48,       0.00,     7268.8,       2.17,       1.14
    0,    19,     1,       8.49,      14.85,       0.00,     2371.3,       1.98,       1.09
    0,    19,     2,      28.81,      31.19,       0.00,    15081.9,       2.29,       1.18
    0,    19,     3,      43.49,      73.29,       0.00,     7238.9,       2.23,       1.09
    0,    19,     4,      68.12,      73.04,       0.00,    17496.2,       2.35,       1.21
    0,    19,     5,      85.76,      74.20,       0.00,     8108.1,       2.10,       1.11
    0,    19,     6,     136.53,      75.05,       0.00,    13063.4,       2.22,       1.15
    0,    19,     7,     103.27,      78.61,       0.00,    10213.1,       2.10,       1.14
    0,    19,     8,      69.77,     111.55,       0.00,    10929.7,       2.31,       1.15
    0,    19,     9,     112.40,     131.50,       0.00,    14207.3,       2.28,       1.13
    0,    19,    10,      94.72,     138.32,       0.00,     8533.8,       2.13,       1.13
    0,    19,    11,     101.56,     164.48,       0.00,     7140.9,       2.14,       1.08
    0,    20,     1,       8.38,      14.89,       0.00,     2443.9,       2.10,       1.11
    0,    20,     2,      28.84,      31.21,       0.00,    15201.1,       2.31,       1.17
    0,    20,     3,      68.12,      73.04,       0.00,    17347.5,       2.33,       1.21
    0,    20,     4,      43.43,      73.29,       0.00,     7089.9,       2.18,       1.09
    0,    20,     5,      85.77,      74.20,       0.00,     8410.5,       2.10,       1.11
    0,    20,     6,     136.56,      75.04,       0.00,    13074.5,       2.22,       1.14
    0,    20,     7,     103.28,      78.59,       0.00,    10434.0,       2.12,       1.14
    0,    20,     8,      69.72,     111.53,       0.00,    10879.5,       2.25,       1.13
    0,    20,     9,     112.38,     131.51,       0.00,    14196.6,       2.27,       1.14
    0,    20,    10,      94.70,     138.33,       0.00,     9180.3,       2.19,       1.14
    0,    20,    11,     101.50,     164.49,       0.00,     7145.4,       2.16,       1.10
    0,    21,     1,       8.49,      14.90,       0.00,     2387.9,       2.07,       1.11
    0,    21,     2,      28.78,      31.20,       0.00,    15123.0,       2.30,       1.20
    0,    21,     3,      68.14,      73.05,       0.00,    17301.9,       2.34,       1.21
    0,    21,     4,      43.47,      73.28,       0.00,     7159.4,       2.25,       1.09
    0,    21,     5,      85.80,      74.21,       0.00,     8330.7,       2.08,       1.11
    0,    21,     6,     136.55,      75.04,       0.00,    13274.6,       2.20,       1.15
    0,    21,     7,     103.25,      78.61,       0.00,    10515.5,       2.17,       1.09
    0,    21,     8,      69.74,     111.55,       0.00,    10751.3,       2.21,       1.15
    0,    21,     9,     112.34,     131.48,       0.00,    14202.5,       2.24,       1.15
    0,    21,    10,      94.74,     138.35,       0.00,     8902.9,       2.18,       1.14
    0,    21,    11,     101.57,     164.46,       0.00,     7228.6,       2.12,       1.10
    0,    22,     1,       8.47,      14.84,       0.00,     2431.1,       2.14,       1.11
    0,    22,     2,      28.82,      31.19,       0.00,    14936.2,       2.33,       1.16
    0,    22,     3,      68.14,      73.04,       0.00,    17136.5,       2.29,       1.22
    0,    22,     4,      43.45,      73.28,       0.00,     7140.5,       2.20,       1.09
    0,    22,     5,      85.79,      74.16,       0.00,     8080.3,       2.14,       1.13
    0,    22,     6,     136.60,      75.04,       0.00,    12953.2,       2.18,       1.11
    0,    22,     7,     103.28,      78.57,       0.00,    10740.0,       2.15,       1.15
    0,    22,     8,      69.74,     111.55,       0.00,    10631.4,       2.25,       1.12
    0,    22,     9,     112.36,     131.50,       0.00,    14286.3,       2.26,       1.15
    0,    22,    10,      94.70,     138.34,       0.00,     8674.8,       2.14,       1.09
    0,    22,    11,     101.60,     164.48,       0.00,     7118.7,       2.17,       1.11
    0,    23,     1,       8.47,      14.86,       0.00,     2373.5,       1.98,       1.15
    0,    23,     2,      28.81,      31.20,       0.00,    15228.0,       2.31,       1.20
    0,    23,     3,      68.17,      73.03,       0.00,    17046.7,       2.29,       1.22
    0,    23,     4,      43.44,      73.29,       0.00,     7296.8,       2.19,       1.12
    0,    23,     5,      85.81,      74.18,       0.00,     7958.3,       2.07,       1.10
    0,    23,     6,     136.54,      75.03,       0.00,    13405.5,       2.23,       1.16
    0,    23,     7,     103.27,      78.61,       0.00,    10552.0,       2.13,       1.13
    0,    23,     8,      69.78,     111.55,       0.00,    10940.2,       2.23,       1.16
    0,    23,     9,     112.35,     131.48,       0.00,    14175.6,       2.26,       1.13
    0,    23,    10,      94.75,     138.31,       0.00,     8751.9,       2.11,       1.12
    0,    23,    11,     101.55,     164.49,       0.00,     7418.6,       2.19,       1.13
    0,    24,     1,       8.48,      14.86,       0.00,     2474.5,       2.19,       1.09
    0,    24,     2,      28.82,      31.22,       0.00,    14837.3,       2.29,       1.17
    0,    24,     3,      68.12,      73.05,       0.00,    17108.0,       2.32,       1.20
    0,    24,     4,      43.45,      73.30,       0.00,     7321.8,       2.21,       1.11
    0,    24,     5,      85.86,      74.19,       0.00,     8034.4,       2.11,       1.11
    0,    24,     6,     136.55,      75.01,       0.00,    13327.7,       2.21,       1.16
    0,    24,     7,     103.26,      78.60,       0.00,    10563.4,       2.12,       1.10
    0,    24,     8,      69.73,     111.54,       0.00,    11070.4,       2.24,       1.14
    0,    24,     9,     112.38,     131.47,       0.00,    14423.1,       2.27,       1.15
    0,    24,    10,      94.76,     138.33,       0.00,     8652.6,       2.15,       1.11
    0,    24,    11,     101.52,     164.45,       0.00,     7159.4,       2.22,       1.14
    0,    25,     1,       8.46,      14.89,       0.00,     2470.5,       2.25,       1.12
    0,    25,     2,      28.77,      31.21,       0.00,    15047.0,       2.29,       1.20
    0,    25,     3,      68.13,      73.03,       0.00,    17209.4,       2.33,       1.21
    0,    25,     4,      43.45,      73.28,       0.00,     7087.4,       2.22,       1.08
    0,    25,     5,      85.81,      74.16,       0.00,     7866.8,       2.14,       1.13
    0,    25,     6,     136.54,      75.05,       0.00,    13336.0,       2.17,       1.16
    0,    25,     7,     103.23,      78.57,       0.00,    10375.4,       2.10,       1.13
    0,    25,     8,      69.77,     111.56,       0.00,    10902.8,       2.24,       1.15
    0,    25,     9,     112.37,     131.48,       0.00,    14174.6,       2.25,       1.13
    0,    25,    10,      94.74,     138.35,       0.00,     8804.2,       2.19,       1.14
    0,    25,    11,     101.53,     164.46,       0.00,     7434.9,       2.21,       1.10
    0,    26,     1,       8.58,      14.89,       0.00,     2510.7,       2.15,       1.10
    0,    26,     2,      28.83,      31.19,       0.00,    14690.7,       2.30,       1.16
    0,    26,     3,      68.13,      73.04,       0.00,    17289.1,       2.31,       1.23
    0,    26,     4,      43.46,      73.29,       0.00,     7234.3,       2.24,       1.12
    0,    26,     5,      85.87,      74.19,       0.00,     7939.8,       2.10,       1.10
    0,    26,     6,     136.52,      75.03,       0.00,    13007.9,       2.21,       1.13
    0,    26,     7,     103.34,      78.60,       0.00,    10447.3,       2.07,       1.11
    0,    26,     8,      69.74,     111.57,       0.00,    11118.1,       2.22,       1.15
    0,    26,     9,     112.38,     131.49,       0.00,    13849.2,       2.23,       1.15
    0,    26,    10,      94.78,     138.32,       0.00,     8675.5,       2.10,       1.13
    0,    26,    11,     101.60,     164.49,       0.00,     7082.3,       2.15,       1.11
    0,    27,     1,       8.48,      14.81,       0.00,     2252.2,       2.18,       1.08
    0,    27,     2,      28.85,      31.22,       0.00,    14930.6,       2.34,       1.17
    0,    27,     3,      68.15,      73.02,       0.00,    16914.0,       2.30,       1.21
    0,    27,     4,      43.52,      73.25,       0.00,     7065.0,       2.23,       1.12
    0,    27,     5,      85.80,      74.18,       0.00,     7905.3,       2.09,       1.08
    0,    27,     6,     136.54,      75.05,       0.00,    13166.0,       2.22,       1.14
    0,    27,     7,     103.27,      78.58,       0.00,    10317.3,       2.07,       1.12
    0,    27,     8,      69.75,     111.54,       0.00,    11211.3,       2.28,       1.13
    0,    27,     9,     112.40,     131.47,       0.00,    14206.9,       2.29,       1.16
    0,    27,    10,      94.72,     138.35,       0.00,     8828.4,       2.17,       1.14
    0,    27,    11,     101.51,     164.48,       0.00,     7192.7,       2.16,       1.10
    0,    28,     1,       8.56,      14.88,       0.00,     2544.2,       2.12,       1.11
    0,    28,     2,      28.84,      31.22,       0.00,    14872.2,       2.32,       1.18
    0,    28,     3,      68.13,      73.04,       0.00,    16576.8,       2.26,       1.21
    0,    28,     4,      43.47,      73.30,       0.00,     7124.5,       2.19,       1.09
    0,    28,     5,      85.88,      74.21,       0.00,     8138.9,       2.11,       1.11
    0,    28,     6,     136.51,      75.04,       0.00,    13236.9,       2.21,       1.15
    0,    28,     7,     103.25,      78.58,       0.00,    10410.5,       2.14,       1.13
    0,    28,     8,      69.74,     111.55,       0.00,    11026.8,       2.26,       1.14
    0,    28,     9,     112.38,     131.51,       0.00,    14187.4,       2.27,       1.14
    0,    28,    10,      94.68,     138.33,       0.00,     8754.4,       2.12,       1.12
    0,    28,    11,     101.52,     164.49,       0.00,     7203.6,       2.15,       1.11
    0,    29,     1,       8.52,      14.83,       0.00,     2510.5,       2.20,       1.11
    0,    29,     2,      28.80,      31.20,       0.00,    14997.1,       2.32,       1.20
    0,    29,     3,      68.18,      73.04,       0.00,    16896.4,       2.31,       1.22
    0,    29,     4,      43.44,      73.31,       0.00,     7301.4,       2.27,       1.09
    0,    29,     5,      85.82,      74.19,       0.00,     7781.9,       2.06,       1.13
    0,    29,     6,     136.53,      75.06,       0.00,    13127.8,       2.22,       1.13
    0,    29,     7,     103.28,      78.58,       0.00,    10403.4,       2.12,       1.13
    0,    29,     8,      69.79,     111.51,       0.00,    10862.1,       2.19,       1.12
    0,    29,     9,     112.38,     131.47,       0.00,    14293.2,       2.31,       1.15
    0,    29,    10,      94.68,     138.34,       0.00,     8849.5,       2.17,       1.13
    0,    29,    11,     101.49,     164.47,       0.00,     7239.5,       2.18,       1.11
    0,    30,     1,       8.43,      14.87,       0.00,     2471.0,       2.12,       1.14
    0,    30,     2,      28.87,      31.21,       0.00,    14889.8,       2.31,       1.19
    0,    30,     3,      43.42,      73.27,       0.00,     7305.6,       2.18,       1.11
    0,    30,     4,      68.14,      73.04,       0.00,    16835.9,       2.33,       1.19
    0,    30,     5,      85.80,      74.19,       0.00,     8094.5,       2.08,       1.12
    0,    30,     6,     136.55,      75.01,       0.00,    13236.6,       2.25,       1.15
    0,    30,     7,     103.25,      78.59,       0.00,     9884.3,       2.07,       1.10
    0,    30,     8,      69.71,     111.52,       0.00,    10937.7,       2.26,       1.12
    0,    30,     9,     112.36,     131.48,       0.00,    14229.4,       2.23,       1.14
    0,    30,    10,      94.69,     138.36,       0.00,     8993.2,       2.11,       1.13
    0,    30,    11,     101.57,     164.44,       0.00,     6935.7,       2.20,       1.11
    0,    31,     1,       8.45,      14.81,       0.00,     2396.9,       2.12,       1.08
    0,    31,     2,      28.78,      31.21,       0.00,    14842.0,       2.32,       1.18
    0,    31,     3,      68.14,      73.04,       0.00,    16927.7,       2.31,       1.20
    0,    31,     4,      43.47,      73.30,       0.00,     7233.6,       2.25,       1.11
    0,    31,     5,      85.82,      74.19,       0.00,     8178.7,       2.19,       1.13
    0,    31,     6,     136.51,      75.04,       0.00,    13241.5,       2.18,       1.15
    0,    31,     7,     103.29,      78.58,       0.00,    10276.0,       2.11,       1.13
    0,    31,     8,      69.74,     111.52,       0.00,    10965.9,       2.23,       1.15
    0,    31,     9,     112.36,     131.48,       0.00,    13987.2,       2.26,       1.15
    0,    31,    10,      94.70,     138.34,       0.00,     8786.4,       2.13,       1.12
    0,    31,    11,     101.57,     164.45,       0.00,     7118.5,       2.14,       1.10
    0,    32,     1,       8.48,      14.86,       0.00,     2424.0,       2.25,       1.13
    0,    32,     2,      28.84,      31.22,       0.00,    14766.4,       2.31,       1.17
    0,    32,     3,      68.15,      73.05,       0.00,    17075.3,       2.30,       1.22
    0,    32,     4,      43.48,      73.28,       0.00,     7255.0,       2.27,       1.11
    0,    32,     5,      85.83,      74.17,       0.00,     7918.3,       2.10,       1.12
    0,    32,     6,     136.53,      75.03,       0.00,    13174.8,       2.25,       1.14
    0,    32,     7,     103.27,      78.59,       0.00,    10577.0,       2.12,       1.14
    0,    32,     8,      69.74,     111.56,       0.00,    11307.0,       2.27,       1.17
    0,    32,     9,     112.34,     131.51,       0.00,    14362.9,       2.27,       1.14
    0,    32,    10,      94.76,     138.36,       0.00,     8603.2,       2.14,       1.12
    0,    32,    11,     101.51,     164.47,       0.00,     7189.8,       2.18,       1.13
    0,    33,     1,       8.52,      14.88,       0.00,     2444.3,       2.17,       1.11
    0,    33,     2,      28.84,      31.18,       0.00,    14925.4,       2.33,       1.19
    0,    33,     3,      68.20,      73.02,       0.00,    17420.4,       2.34,       1.22
    0,    33,     4,      43.45,      73.30,       0.00,     7091.8,       2.20,       1.09
    0,    33,     5,      85.80,      74.20,       0.00,     7854.3,       2.10,       1.11
    0,    33,     6,     136.51,      75.01,       0.00,    13407.1,       2.23,       1.15
    0,    33,     7,     103.27,      78.58,       0.00,    10629.4,       2.08,       1.16
    0,    33,     8,      69.74,     111.54,       0.00,    11037.3,       2.26,       1.14
    0,    33,     9,     112.38,     131.49,       0.00,    13759.5,       2.23,       1.14
    0,    33,    10,      94.72,     138.32,       0.00,     8868.9,       2.20,       1.12
    0,    33,    11,     101.52,     164.45,       0.00,     7064.1,       2.16,       1.10
    0,    34,     1,       8.48,      14.87,       0.00,     2303.6,       2.12,       1.08
    0,    34,     2,      28.82,      31.21,       0.00,    15058.4,       2.35,       1.18
    0,    34,     3,      43.47,      73.28,       0.00,     7002.6,       2.21,       1.09
    0,    34,     4,      68.13,      73.03,       0.00,    17094.8,       2.32,       1.21
    0,    34,     5,      85.81,      74.16,       0.00,     8064.3,       2.15,       1.11
    0,    34,     6,     136.56,      75.03,       0.00,    13245.7,       2.17,       1.15
    0,    34,     7,     103.26,      78.58,       0.00,    10495.1,       2.16,       1.14
    0,    34,     8,      69.74,     111.49,       0.00,    10897.4,       2.21,       1.13
    0,    34,     9,     112.38,     131.47,       0.00,    14050.0,       2.24,       1.15
    0,    34,    10,      94.72,     138.32,       0.00,     8780.7,       2.14,       1.13
    0,    34,    11,     101.57,     164.46,       0.00,     7189.0,       2.18,       1.13
    0,    35,     1,       8.44,      14.87,       0.00,     2417.0,       2.06,       1.04
    0,    35,     2,      28.85,      31.20,       0.00,    14909.2,       2.33,       1.20
    0,    35,     3,      68.14,      73.02,       0.00,    16972.6,       2.26,       1.21
    0,    35,     4,      43.43,      73.30,       0.00,     7253.6,       2.24,       1.12
    0,    35,     5,      85.87,      74.19,       0.00,     8080.5,       2.10,       1.11
    0,    35,     6,     136.55,      75.01,       0.00,    13038.7,       2.16,       1.14
    0,    35,     7,     103.33,      78.58,       0.00,    10279.6,       2.08,       1.13
    0,    35,     8,      69.81,     111.53,       0.00,    11246.5,       2.26,       1.18
    0,    35,     9,     112.36,     131.46,       0.00,    14250.7,       2.23,       1.15
    0,    35,    10,      94.76,     138.33,       0.00,     8658.4,       2.16,       1.14
    0,    35,    11,     101.62,     164.46,       0.00,     7450.3,       2.21,       1.14
    0,    36,     1,       8.49,      14.86,       0.00,     2298.6,       2.18,       1.05
    0,    36,     2,      28.81,      31.20,       0.00,    14901.7,       2.30,       1.17
    0,    36,     3,      68.16,      73.02,       0.00,    17054.9,       2.29,       1.22
    0,    36,     4,      43.48,      73.30,       0.00,     7293.7,       2.23,       1.13
    0,    36,     5,      85.76,      74.22,       0.00,     8124.9,       2.12,       1.13
    0,    36,     6,     136.52,      75.02,       0.00,    13274.5,       2.22,       1.15
    0,    36,     7,     103.31,      78.60,       0.00,    10578.7,       2.17,       1.12
    0,    36,     8,      69.75,     111.53,       0.00,    10919.7,       2.22,       1.13
    0,    36,     9,     112.40,     131.47,       0.00,    14428.6,       2.26,       1.16
    0,    36,    10,      94.74,     138.32,       0.00,     8587.0,       2.12,       1.14
    0,    36,    11,     101.52,     164.45,       0.00,     7377.0,       2.19,       1.15
    0,    37,     1,       8.58,      14.83,       0.00,     2421.3,       2.22,       1.11
    0,    37,     2,      28.81,      31.19,       0.00,    14799.9,       2.29,       1.17
    0,    37,     3,      68.22,      73.03,       0.00,    17374.1,       2.29,       1.23
    0,    37,     4,      43.48,      73.28,       0.00,     6943.0,       2.23,       1.08
    0,    37,     5,      85.85,      74.19,       0.00,     8028.9,       2.07,       1.12
    0,    37,     6,     136.57,      75.03,       0.00,    13460.0,       2.19,       1.18
    0,    37,     7,     103.33,      78.58,       0.00,    10354.0,       2.11,       1.13
    0,    37,     8,      69.77,     111.53,       0.00,    10817.1,       2.18,       1.14
    0,    37,     9,     112.39,     131.49,       0.00,    14028.3,       2.19,       1.15
    0,    37,    10,      94.73,     138.30,       0.00,     8764.0,       2.14,       1.12
    0,    37,    11,     101.56,     164.47,       0.00,     7258.1,       2.19,       1.10
    0,    38,     1,       8.54,      14.80,       0.00,     2439.9,       2.22,       1.10
    0,    38,     2,      28.90,      31.19,       0.00,    14913.5,       2.29,       1.19
    0,    38,     3,      68.17,      73.01,       0.00,    17183.2,       2.32,       1.22
    0,    38,     4,      43.44,      73.26,       0.00,     7295.5,       2.23,       1.11
    0,    38,     5,      85.86,      74.17,       0.00,     7903.6,       2.08,       1.11
    0,    38,     6,     136.54,      75.02,       0.00,    13425.0,       2.22,       1.15
    0,    38,     7,     103.29,      78.58,       0.00,    10533.7,       2.12,       1.12
    0,    38,     8,      69.72,     111.53,       0.00,    10880.9,       2.18,       1.13
    0,    38,     9,     112.38,     131.47,       0.00,    14178.6,       2.25,       1.14
    0,    38,    10,      94.70,     138.34,       0.00,     8959.2,       2.12,       1.14
    0,    38,    11,     101.56,     164.47,       0.00,     7215.0,       2.11,       1.13
    0,    39,     1,       8.50,      14.86,       0.00,     2273.5,       2.15,       1.05
    0,    39,     2,      28.84,      31.19,       0.00,    14926.7,       2.33,       1.18
    0,    39,     3,      68.16,      73.02,       0.00,    17401.9,       2.28,       1.24
    0,    39,     4,      43.51,      73.23,       0.00,     7118.3,       2.24,       1.10
    0,    39,     5,      85.88,      74.19,       0.00,     7938.1,       2.06,       1.09
    0,    39,     6,     136.55,      75.02,       0.00,    13245.4,       2.19,       1.15
    0,    39,     7,     103.37,      78.57,       0.00,    10451.3,       2.13,       1.15
    0,    39,     8,      69.75,     111.53,       0.00,    10986.6,       2.22,       1.12
    0,    39,     9,     112.41,     131.47,       0.00,    14588.1,       2.23,       1.16
    0,    39,    10,      94.72,     138.32,       0.00,     8719.5,       2.10,       1.09
    0,    39,    11,     101.55,     164.43,       0.00,     7192.9,       2.15,       1.09
    0,    40,     1,       8.53,      14.93,       0.00,     2463.7,       2.19,       1.17
    0,    40,     2,      28.85,      31.21,       0.00,    15159.3,       2.29,       1.19
    0,    40,     3,      68.15,      73.03,       0.00,    17067.3,       2.28,       1.22
    0,    40,     4,      43.48,      73.29,       0.00,     7042.6,       2.15,       1.11
    0,    40,     5,      85.83,      74.15,       0.00,     8156.2,       2.14,       1.11
    0,    40,     6,     136.54,      74.99,       0.00,    13310.8,       2.19,       1.15
    0,    40,     7,     103.29,      78.58,       0.00,    10736.3,       2.16,       1.10
    0,    40,     8,      69.75,     111.53,       0.00,    10893.7,       2.24,       1.16
    0,    40,     9,     112.37,     131.48,       0.00,    14544.0,       2.25,       1.16
    0,    40,    10,      94.71,     138.31,       0.00,     8841.8,       2.17,       1.11
    0,    40,    11,     101.52,     164.43,       0.00,     7069.3,       2.13,       1.10
    0,    41,     1,       8.53,      14.85,       0.00,     2283.3,       2.01,       1.08
    0,    41,     2,      28.86,      31.19,       0.00,    14699.8,       2.29,       1.18
    0,    41,     3,      68.16,      73.04,       0.00,    17450.5,       2.30,       1.24
    0,    41,     4,      43.44,      73.29,       0.00,     7118.8,       2.22,       1.14
    0,    41,     5,      85.83,      74.19,       0.00,     8123.0,       2.11,       1.11
    0,    41,     6,     136.56,      75.00,       0.00,    13251.7,       2.16,       1.16
    0,    41,     7,     103.27,      78.58,       0.00,    10712.7,       2.15,       1.11
    0,    41,     8,      69.85,     111.51,       0.00,    10977.4,       2.29,       1.13
    0,    41,     9,     112.39,     131.49,       0.00,    14353.5,       2.26,       1.17
    0,    41,    10,      94.72,     138.33,       0.00,     9137.8,       2.21,       1.15
    0,    41,    11,     101.52,     164.46,       0.00,     7433.5,       2.20,       1.12
