#stackID(UINT32), frameID(UINT32), eventID(UINT32), x0(float), y0(float), z0(float), photon_count0(float), sigmaX0(float), sigmaY0(float) 
    0,     0,     1,       8.96,      14.65,       0.00,     2520.2,       1.35,       1.77
    0,     0,     2,      29.22,      30.99,       0.00,    16821.6,       1.52,       1.66
    0,     0,     3,      68.49,      72.77,       0.00,    18042.5,       1.44,       1.76
    0,     0,     4,      43.78,      73.04,       0.00,     7891.1,       1.42,       1.68
    0,     0,     5,      86.17,      73.93,       0.00,     9147.6,       1.36,       1.76
    0,     0,     6,     136.83,      74.80,       0.00,    14414.6,       1.39,       1.70
    0,     0,     7,     103.61,      78.35,       0.00,    11552.0,       1.36,       1.77
    0,     0,     8,      70.05,     111.30,       0.00,    11953.5,       1.41,       1.75
    0,     0,     9,     112.74,     131.24,       0.00,    15919.7,       1.45,       1.68
    0,     0,    10,      95.07,     138.05,       0.00,     9566.1,       1.37,       1.70
    0,     0,    11,     101.81,     164.18,       0.00,     7323.3,       1.39,       1.65
    0,     1,     1,       9.00,      14.56,       0.00,     2490.7,       1.33,       1.76
    0,     1,     2,      29.22,      30.99,       0.00,    16656.4,       1.49,       1.69
    0,     1,     3,      43.76,      73.00,       0.00,     7742.4,       1.39,       1.67
    0,     1,     4,      68.50,      72.75,       0.00,    18248.5,       1.41,       1.77
    0,     1,     5,      86.17,      73.93,       0.00,     9125.8,       1.32,       1.77
    0,     1,     6,     136.83,      74.79,       0.00,    14138.0,       1.39,       1.72
    0,     1,     7,     103.66,      78.35,       0.00,    11255.8,       1.33,       1.77
    0,     1,     8,      70.07,     111.27,       0.00,    11836.7,       1.43,       1.69
    0,     1,     9,     112.75,     131.21,       0.00,    15629.4,       1.43,       1.68
    0,     1,    10,      95.09,     138.06,       0.00,     9479.2,       1.37,       1.69
    0,     1,    11,     101.85,     164.21,       0.00,     7391.0,       1.41,       1.63
    0,     2,     1,       8.93,      14.56,       0.00,     2397.7,       1.32,       1.78
    0,     2,     2,      29.26,      30.97,       0.00,    16561.5,       1.50,       1.69
    0,     2,     3,      68.51,      72.78,       0.00,    17935.9,       1.43,       1.77
    0,     2,     4,      43.81,      73.04,       0.00,     7596.7,       1.42,       1.68
    0,     2,     5,      86.19,      73.96,       0.00,     8984.9,       1.30,       1.71
    0,     2,     6,     136.83,      74.80,       0.00,    14326.4,       1.41,       1.71
    0,     2,     7,     103.65,      78.35,       0.00,    11065.7,       1.36,       1.76
    0,     2,     8,      70.04,     111.31,       0.00,    11994.3,       1.43,       1.73
    0,     2,     9,     112.77,     131.24,       0.00,    15807.5,       1.46,       1.71
    0,     2,    10,      95.10,     138.07,       0.00,     9545.9,       1.39,       1.72
    0,     2,    11,     101.83,     164.23,       0.00,     7355.3,       1.41,       1.56
    0,     3,     1,       8.99,      14.51,       0.00,     2411.1,       1.32,       1.82
    0,     3,     2,      29.21,      30.99,       0.00,    16403.8,       1.52,       1.70
    0,     3,     3,      68.49,      72.75,       0.00,    17561.9,       1.42,       1.78
    0,     3,     4,      43.76,      73.01,       0.00,     7376.2,       1.35,       1.68
    0,     3,     5,      86.17,      73.94,       0.00,     9106.8,       1.34,       1.78
    0,     3,     6,     136.82,      74.79,       0.00,    14099.8,       1.40,       1.73
    0,     3,     7,     103.62,      78.35,       0.00,    11248.3,       1.37,       1.76
    0,     3,     8,      70.07,     111.27,       0.00,    11598.0,       1.42,       1.70
    0,     3,     9,     112.76,     131.22,       0.00,    15504.3,       1.44,       1.68
    0,     3,    10,      95.09,     138.07,       0.00,     9672.5,       1.36,       1.67
    0,     3,    11,     101.81,     164.17,       0.00,     7273.9,       1.38,       1.63
    0,     4,     1,       8.97,      14.63,       0.00,     2449.8,       1.35,       1.70
    0,     4,     2,      29.27,      30.99,       0.00,    16454.2,       1.50,       1.67
    0,     4,     3,      68.50,      72.73,       0.00,    18057.4,       1.42,       1.79
    0,     4,     4,      43.79,      73.03,       0.00,     7358.3,       1.44,       1.68
    0,     4,     5,      86.19,      73.96,       0.00,     9249.5,       1.38,       1.79
    0,     4,     6,     136.84,      74.78,       0.00,    14007.5,       1.40,       1.72
    0,     4,     7,     103.66,      78.32,       0.00,    10788.4,       1.35,       1.75
    0,     4,     8,      70.07,     111.26,       0.00,    11369.5,       1.41,       1.66
    0,     4,     9,     112.78,     131.21,       0.00,    15289.8,       1.47,       1.68
    0,     4,    10,      95.07,     138.09,       0.00,     9328.9,       1.36,       1.68
    0,     4,    11,     101.81,     164.24,       0.00,     7382.3,       1.41,       1.66
    0,     5,     1,       9.04,      14.59,       0.00,     2400.7,       1.33,       1.78
    0,     5,     2,      29.23,      30.96,       0.00,    16119.7,       1.50,       1.71
    0,     5,     3,      43.76,      73.00,       0.00,     7798.9,       1.43,       1.69
    0,     5,     4,      68.48,      72.75,       0.00,    17747.3,       1.42,       1.79
    0,     5,     5,      86.20,      73.94,       0.00,     9182.9,       1.34,       1.77
    0,     5,     6,     136.86,      74.81,       0.00,    14287.0,       1.40,       1.77
    0,     5,     7,     103.65,      78.36,       0.00,    10846.6,       1.38,       1.75
    0,     5,     8,      70.05,     111.30,       0.00,    11706.5,       1.40,       1.76
    0,     5,     9,     112.77,     131.21,       0.00,    15584.5,       1.47,       1.71
    0,     5,    10,      95.09,     138.09,       0.00,     9712.2,       1.41,       1.72
    0,     5,    11,     101.90,     164.20,       0.00,     7418.7,       1.42,       1.66
    0,     6,     1,       9.06,      14.48,       0.00,     2441.1,       1.35,       1.73
    0,     6,     2,      29.22,      30.98,       0.00,    16210.9,       1.49,       1.69
    0,     6,     3,      43.82,      73.00,       0.00,     7540.9,       1.42,       1.70
    0,     6,     4,      68.47,      72.75,       0.00,    17519.8,       1.42,       1.75
    0,     6,     5,      86.18,      73.98,       0.00,     8868.5,       1.34,       1.71
    0,     6,     6,     136.83,      74.82,       0.00,    14193.2,       1.43,       1.76
    0,     6,     7,     103.65,      78.34,       0.00,    10480.2,       1.30,       1.75
    0,     6,     8,      70.08,     111.25,       0.00,    11600.0,       1.41,       1.72
    0,     6,     9,     112.76,     131.25,       0.00,    15380.9,       1.47,       1.67
    0,     6,    10,      95.09,     138.06,       0.00,     9453.4,       1.39,       1.65
    0,     6,    11,     101.88,     164.24,       0.00,     7261.7,       1.37,       1.69
    0,     7,     1,       8.97,      14.57,       0.00,     2585.1,       1.36,       1.78
    0,     7,     2,      29.26,      30.97,       0.00,    16294.3,       1.51,       1.66
    0,     7,     3,      68.49,      72.76,       0.00,    17629.5,       1.41,       1.79
    0,     7,     4,      43.78,      73.02,       0.00,     7476.3,       1.43,       1.65
    0,     7,     5,      86.16,      73.94,       0.00,     8818.6,       1.33,       1.77
    0,     7,     6,     136.82,      74.81,       0.00,    14147.2,       1.40,       1.78
    0,     7,     7,     103.66,      78.34,       0.00,    10787.8,       1.36,       1.74
    0,     7,     8,      70.05,     111.30,       0.00,    11251.8,       1.39,       1.71
    0,     7,     9,     112.72,     131.24,       0.00,    14904.3,       1.44,       1.65
    0,     7,    10,      95.08,     138.09,       0.00,     9257.2,       1.36,       1.68
    0,     7,    11,     101.84,     164.24,       0.00,     7349.1,       1.41,       1.62
    0,     8,     1,       9.01,      14.52,       0.00,     2325.4,       1.29,       1.69
    0,     8,     2,      29.24,      30.99,       0.00,    15821.2,       1.45,       1.71
    0,     8,     3,      68.49,      72.75,       0.00,    17320.8,       1.41,       1.72
    0,     8,     4,      43.80,      73.00,       0.00,     7413.2,       1.38,       1.69
    0,     8,     5,      86.16,      74.00,       0.00,     8772.2,       1.32,       1.79
    0,     8,     6,     136.85,      74.81,       0.00,    13953.4,       1.42,       1.75
    0,     8,     7,     103.65,      78.35,       0.00,    11100.2,       1.34,       1.76
    0,     8,     8,      70.09,     111.26,       0.00,    11630.1,       1.42,       1.77
    0,     8,     9,     112.75,     131.23,       0.00,    14840.0,       1.47,       1.65
    0,     8,    10,      95.08,     138.09,       0.00,     9409.9,       1.39,       1.73
    0,     8,    11,     101.83,     164.22,       0.00,     7234.4,       1.42,       1.62
    0,     9,     1,       9.03,      14.56,       0.00,     2477.1,       1.38,       1.74
    0,     9,     2,      29.24,      30.95,       0.00,    15964.8,       1.49,       1.67
    0,     9,     3,      68.50,      72.76,       0.00,    17406.9,       1.42,       1.78
    0,     9,     4,      43.80,      72.99,       0.00,     7407.6,       1.39,       1.63
    0,     9,     5,      86.18,      73.94,       0.00,     8851.1,       1.39,       1.76
    0,     9,     6,     136.82,      74.82,       0.00,    13789.6,       1.43,       1.72
    0,     9,     7,     103.65,      78.39,       0.00,    10929.9,       1.37,       1.78
    0,     9,     8,      70.05,     111.27,       0.00,    11445.4,       1.41,       1.72
    0,     9,     9,     112.74,     131.25,       0.00,    15038.0,       1.47,       1.72
    0,     9,    10,      95.09,     138.12,       0.00,     9730.7,       1.43,       1.66
    0,     9,    11,     101.85,     164.20,       0.00,     7200.6,       1.41,       1.65
    0,    10,     1,       9.04,      14.58,       0.00,     2402.7,       1.36,       1.74
    0,    10,     2,      29.24,      31.01,       0.00,    16240.8,       1.53,       1.70
    0,    10,     3,      68.47,      72.77,       0.00,    17051.4,       1.41,       1.75
    0,    10,     4,      43.79,      73.00,       0.00,     7532.3,       1.39,       1.67
    0,    10,     5,      86.18,      73.97,       0.00,     8581.8,       1.31,       1.74
    0,    10,     6,     136.84,      74.81,       0.00,    13666.7,       1.39,       1.75
    0,    10,     7,     103.63,      78.35,       0.00,    10679.6,       1.33,       1.74
    0,    10,     8,      70.06,     111.27,       0.00,    11350.9,       1.41,       1.72
    0,    10,     9,     112.75,     131.23,       0.00,    14807.0,       1.47,       1.69
    0,    10,    10,      95.10,     138.09,       0.00,     9528.9,       1.35,       1.71
    0,    10,    11,     101.87,     164.18,       0.00,     7505.2,       1.44,       1.67
    0,    11,     1,       8.99,      14.59,       0.00,     2296.2,       1.33,       1.76
    0,    11,     2,      29.24,      30.96,       0.00,    16247.1,       1.51,       1.72
    0,    11,     3,      43.82,      73.03,       0.00,     7465.5,       1.41,       1.65
    0,    11,     4,      68.47,      72.77,       0.00,    17544.4,       1.42,       1.78
    0,    11,     5,      86.15,      73.97,       0.00,     8948.4,       1.34,       1.77
    0,    11,     6,     136.85,      74.82,       0.00,    14044.2,       1.42,       1.73
    0,    11,     7,     103.65,      78.34,       0.00,    10869.3,       1.37,       1.74
    0,    11,     8,      70.04,     111.28,       0.00,    11623.9,       1.51,       1.72
    0,    11,     9,     112.74,     131.22,       0.00,    14875.6,       1.48,       1.67
    0,    11,    10,      95.07,     138.11,       0.00,     9175.8,       1.36,       1.67
    0,    11,    11,     101.85,     164.21,       0.00,     7297.7,       1.43,       1.64
    0,    12,     1,       9.07,      14.56,       0.00,     2442.4,       1.36,       1.74
    0,    12,     2,      29.26,      30.92,       0.00,    15869.7,       1.50,       1.69
    0,    12,     3,      68.50,      72.76,       0.00,    17546.8,       1.43,       1.77
    0,    12,     4,      43.78,      73.01,       0.00,     7146.7,       1.37,       1.65
    0,    12,     5,      86.17,      73.95,       0.00,     8740.0,       1.36,       1.78
    0,    12,     6,     136.83,      74.79,       0.00,    13563.2,       1.41,       1.71
    0,    12,     7,     103.66,      78.35,       0.00,    10547.1,       1.33,       1.74
    0,    12,     8,      70.07,     111.29,       0.00,    11316.8,       1.43,       1.69
    0,    12,     9,     112.76,     131.21,       0.00,    14545.5,       1.44,       1.66
    0,    12,    10,      95.05,     138.07,       0.00,     9367.4,       1.39,       1.66
    0,    12,    11,     101.82,     164.21,       0.00,     6827.8,       1.38,       1.62
    0,    13,     1,       8.97,      14.69,       0.00,     2380.3,       1.43,       1.80
    0,    13,     2,      29.21,      30.98,       0.00,    16068.1,       1.53,       1.68
    0,    13,     3,      68.50,      72.76,       0.00,    16888.1,       1.37,       1.76
    0,    13,     4,      43.73,      72.99,       0.00,     7538.0,       1.41,       1.71
    0,    13,     5,      86.19,      73.96,       0.00,     8892.3,       1.38,       1.72
    0,    13,     6,     136.85,      74.83,       0.00,    13332.7,       1.41,       1.72
    0,    13,     7,     103.66,      78.36,       0.00,    10843.3,       1.38,       1.81
    0,    13,     8,      70.04,     111.28,       0.00,    11220.9,       1.42,       1.72
    0,    13,     9,     112.73,     131.23,       0.00,    14654.5,       1.48,       1.71
    0,    13,    10,      95.08,     138.04,       0.00,     9361.3,       1.41,       1.66
    0,    13,    11,     101.85,     164.23,       0.00,     7144.6,       1.41,       1.68
    0,    14,     1,       8.94,      14.57,       0.00,     2235.7,       1.32,       1.69
    0,    14,     2,      29.24,      30.99,       0.00,    15836.6,       1.53,       1.64
    0,    14,     3,      68.48,      72.74,       0.00,    17251.6,       1.42,       1.75
    0,    14,     4,      43.77,      73.04,       0.00,     7313.3,       1.41,       1.70
    0,    14,     5,      86.19,      73.92,       0.00,     8910.0,       1.39,       1.72
    0,    14,     6,     136.84,      74.81,       0.00,    13507.4,       1.44,       1.72
    0,    14,     7,     103.65,      78.35,       0.00,    10617.7,       1.33,       1.75
    0,    14,     8,      70.06,     111.27,       0.00,    11182.3,       1.44,       1.73
    0,    14,     9,     112.74,     131.24,       0.00,    14458.1,       1.44,       1.68
    0,    14,    10,      95.09,     138.08,       0.00,     9509.2,       1.41,       1.65
    0,    14,    11,     101.86,     164.20,       0.00,     7307.7,       1.41,       1.60
    0,    15,     1,       8.95,      14.60,       0.00,     2345.4,       1.34,       1.63
    0,    15,     2,      29.25,      30.97,       0.00,    15884.2,       1.48,       1.72
    0,    15,     3,      68.49,      72.75,       0.00,    17196.5,       1.42,       1.76
    0,    15,     4,      43.79,      73.05,       0.00,     7068.1,       1.40,       1.60
    0,    15,     5,      86.15,      73.96,       0.00,     8933.4,       1.36,       1.71
    0,    15,     6,     136.83,      74.83,       0.00,    13645.2,       1.41,       1.75
    0,    15,     7,     103.64,      78.35,       0.00,    10559.6,       1.31,       1.70
    0,    15,     8,      70.08,     111.24,       0.00,    11108.3,       1.41,       1.74
    0,    15,     9,     112.72,     131.27,       0.00,    14412.9,       1.50,       1.68
    0,    15,    10,      95.07,     138.09,       0.00,     9565.6,       1.42,       1.71
    0,    15,    11,     101.82,     164.20,       0.00,     7294.6,       1.40,       1.65
    0,    16,     1,       9.05,      14.61,       0.00,     2301.2,       1.35,       1.75
    0,    16,     2,      29.22,      30.98,       0.00,    15775.2,       1.49,       1.68
    0,    16,     3,      68.45,      72.76,       0.00,    16918.2,       1.42,       1.72
    0,    16,     4,      43.78,      73.11,       0.00,     7451.7,       1.45,       1.67
    0,    16,     5,      86.20,      73.96,       0.00,     8785.7,       1.35,       1.75
    0,    16,     6,     136.84,      74.84,       0.00,    13343.7,       1.37,       1.73
    0,    16,     7,     103.64,      78.40,       0.00,    10849.4,       1.36,       1.72
    0,    16,     8,      70.06,     111.28,       0.00,    10876.1,       1.44,       1.71
    0,    16,     9,     112.75,     131.22,       0.00,    14203.5,       1.46,       1.69
    0,    16,    10,      95.08,     138.05,       0.00,     9248.3,       1.38,       1.69
    0,    16,    11,     101.83,     164.22,       0.00,     7003.2,       1.38,       1.61
    0,    17,     1,       8.97,      14.63,       0.00,     2364.6,       1.38,       1.75
    0,    17,     2,      29.24,      30.99,       0.00,    15766.1,       1.47,       1.68
    0,    17,     3,      68.48,      72.76,       0.00,    16851.5,       1.41,       1.75
    0,    17,     4,      43.78,      73.01,       0.00,     7328.7,       1.43,       1.66
    0,    17,     5,      86.17,      73.96,       0.00,     8820.4,       1.35,       1.75
    0,    17,     6,     136.82,      74.82,       0.00,    13555.9,       1.41,       1.75
    0,    17,     7,     103.64,      78.33,       0.00,    10671.4,       1.36,       1.77
    0,    17,     8,      70.03,     111.27,       0.00,    11158.4,       1.42,       1.72
    0,    17,     9,     112.79,     131.23,       0.00,    14264.1,       1.43,       1.68
    0,    17,    10,      95.07,     138.10,       0.00,     9463.3,       1.42,       1.69
    0,    17,    11,     101.82,     164.22,       0.00,     7076.3,       1.41,       1.63
    0,    18,     1,       9.01,      14.56,       0.00,     2382.5,       1.42,       1.73
    0,    18,     2,      29.24,      30.98,       0.00,    15949.6,       1.49,       1.67
    0,    18,     3,      68.48,      72.78,       0.00,    16919.2,       1.43,       1.73
    0,    18,     4,      43.81,      73.03,       0.00,     7314.3,       1.41,       1.68
    0,    18,     5,      86.18,      73.96,       0.00,     8420.0,       1.34,       1.73
    0,    18,     6,     136.84,      74.81,       0.00,    13670.3,       1.42,       1.72
    0,    18,     7,     103.65,      78.38,       0.00,    10403.1,       1.35,       1.78
    0,    18,     8,      70.05,     111.23,       0.00,    11133.1,       1.44,       1.68
    0,    18,     9,     112.75,     131.25,       0.00,    14379.6,       1.46,       1.64
    0,    18,    10,      95.06,     138.08,       0.00,     9520.0,       1.42,       1.70
    0,    18,    11,     101.84,     164.21,       0.00,     6900.4,       1.38,       1.59
    0,    19,     1,       8.97,      14.64,       0.00,     2491.0,       1.41,       1.78
    0,    19,     2,      29.23,      31.01,       0.00,    15786.7,       1.53,       1.69
    0,    19,     3,      68.47,      72.78,       0.00,    17024.0,       1.42,       1.76
    0,    19,     4,      43.80,      73.03,       0.00,     7033.4,       1.43,       1.63
    0,    19,     5,      86.20,      73.94,       0.00,     8661.2,       1.31,       1.72
    0,    19,     6,     136.82,      74.81,       0.00,    13470.0,       1.40,       1.74
    0,    19,     7,     103.66,      78.38,       0.00,    10474.7,       1.35,       1.75
    0,    19,     8,      70.06,     111.29,       0.00,    11358.3,       1.42,       1.71
    0,    19,     9,     112.73,     131.23,       0.00,    14072.4,       1.46,       1.64
    0,    19,    10,      95.05,     138.05,       0.00,     9294.7,       1.41,       1.65
    0,    19,    11,     101.84,     164.17,       0.00,     7253.6,       1.42,       1.59
    0,    20,     1,       8.97,      14.56,       0.00,     2447.8,       1.35,       1.72
    0,    20,     2,      29.22,      30.99,       0.00,    15815.3,       1.52,       1.71
    0,    20,     3,      68.50,      72.78,       0.00,    16819.4,       1.38,       1.76
    0,    20,     4,      43.81,      73.02,       0.00,     7445.4,       1.44,       1.72
    0,    20,     5,      86.15,      73.97,       0.00,     8638.9,       1.35,       1.77
    0,    20,     6,     136.82,      74.81,       0.00,    13853.3,       1.41,       1.74
    0,    20,     7,     103.64,      78.37,       0.00,    10552.9,       1.35,       1.74
    0,    20,     8,      70.04,     111.30,       0.00,    11179.9,       1.41,       1.70
    0,    20,     9,     112.73,     131.20,       0.00,    14987.1,       1.48,       1.69
    0,    20,    10,      95.05,     138.12,       0.00,     9179.4,       1.37,       1.66
    0,    20,    11,     101.85,     164.26,       0.00,     7151.2,       1.39,       1.63
    0,    21,     1,       9.01,      14.56,       0.00,     2410.8,       1.40,       1.78
    0,    21,     2,      29.26,      31.00,       0.00,    15532.4,       1.50,       1.68
    0,    21,     3,      68.46,      72.79,       0.00,    17207.9,       1.43,       1.77
    0,    21,     4,      43.77,      72.99,       0.00,     7363.4,       1.42,       1.69
    0,    21,     5,      86.21,      73.97,       0.00,     8879.1,       1.36,       1.78
    0,    21,     6,     136.83,      74.78,       0.00,    13810.5,       1.41,       1.72
    0,    21,     7,     103.63,      78.36,       0.00,    10842.3,       1.36,       1.78
    0,    21,     8,      70.05,     111.32,       0.00,    11145.1,       1.41,       1.70
    0,    21,     9,     112.74,     131.20,       0.00,    14749.7,       1.47,       1.68
    0,    21,    10,      95.05,     138.06,       0.00,     9343.0,       1.39,       1.69
    0,    21,    11,     101.82,     164.19,       0.00,     6952.2,       1.37,       1.59
    0,    22,     1,       8.94,      14.58,       0.00,     2343.3,       1.38,       1.74
    0,    22,     2,      29.22,      30.99,       0.00,    16006.4,       1.51,       1.69
    0,    22,     3,      68.48,      72.76,       0.00,    17185.6,       1.42,       1.77
    0,    22,     4,      43.81,      73.05,       0.00,     7092.5,       1.41,       1.66
    0,    22,     5,      86.15,      73.96,       0.00,     8808.8,       1.31,       1.73
    0,    22,     6,     136.83,      74.81,       0.00,    13824.9,       1.40,       1.74
    0,    22,     7,     103.65,      78.37,       0.00,    11101.5,       1.38,       1.77
    0,    22,     8,      70.09,     111.31,       0.00,    10883.0,       1.37,       1.73
    0,    22,     9,     112.77,     131.24,       0.00,    14391.5,       1.45,       1.72
    0,    22,    10,      95.06,     138.07,       0.00,     9177.1,       1.38,       1.69
    0,    22,    11,     101.84,     164.17,       0.00,     6987.0,       1.40,       1.68
    0,    23,     1,       8.94,      14.64,       0.00,     2332.5,       1.38,       1.71
    0,    23,     2,      29.22,      30.98,       0.00,    16207.6,       1.52,       1.72
    0,    23,     3,      68.47,      72.75,       0.00,    17065.3,       1.39,       1.78
    0,    23,     4,      43.81,      73.07,       0.00,     7151.0,       1.44,       1.67
    0,    23,     5,      86.19,      73.96,       0.00,     8831.1,       1.31,       1.72
    0,    23,     6,     136.83,      74.83,       0.00,    13691.0,       1.37,       1.75
    0,    23,     7,     103.65,      78.34,       0.00,    10876.5,       1.37,       1.77
    0,    23,     8,      70.04,     111.26,       0.00,    11380.0,       1.44,       1.75
    0,    23,     9,     112.75,     131.20,       0.00,    14493.9,       1.43,       1.71
    0,    23,    10,      95.10,     138.06,       0.00,     9243.2,       1.37,       1.67
    0,    23,    11,     101.84,     164.20,       0.00,     7281.3,       1.45,       1.64
    0,    24,     1,       9.01,      14.69,       0.00,     2364.6,       1.33,       1.79
    0,    24,     2,      29.23,      30.98,       0.00,    15973.0,       1.50,       1.68
    0,    24,     3,      68.46,      72.77,       0.00,    17290.7,       1.42,       1.76
    0,    24,     4,      43.79,      73.00,       0.00,     7055.4,       1.33,       1.69
    0,    24,     5,      86.20,      73.96,       0.00,     8979.1,       1.37,       1.76
    0,    24,     6,     136.84,      74.84,       0.00,    13968.5,       1.41,       1.72
    0,    24,     7,     103.65,      78.36,       0.00,    10509.1,       1.38,       1.74
    0,    24,     8,      70.05,     111.28,       0.00,    11052.9,       1.43,       1.68
    0,    24,     9,     112.71,     131.24,       0.00,    14336.1,       1.45,       1.66
    0,    24,    10,      95.07,     138.05,       0.00,     9510.0,       1.38,       1.75
    0,    24,    11,     101.82,     164.22,       0.00,     7144.1,       1.42,       1.61
    0,    25,     1,       9.00,      14.65,       0.00,     2499.3,       1.36,       1.78
    0,    25,     2,      29.24,      31.01,       0.00,    16149.9,       1.51,       1.72
    0,    25,     3,      43.79,      73.02,       0.00,     7202.0,       1.41,       1.68
    0,    25,     4,      68.46,      72.75,       0.00,    17283.6,       1.42,       1.77
    0,    25,     5,      86.17,      73.96,       0.00,     8661.3,       1.31,       1.79
    0,    25,     6,     136.81,      74.81,       0.00,    13878.5,       1.41,       1.72
    0,    25,     7,     103.65,      78.35,       0.00,    10395.4,       1.37,       1.75
    0,    25,     8,      70.06,     111.31,       0.00,    11328.8,       1.43,       1.71
    0,    25,     9,     112.74,     131.24,       0.00,    14444.8,       1.45,       1.65
    0,    25,    10,      95.07,     138.10,       0.00,     9403.7,       1.36,       1.71
    0,    25,    11,     101.81,     164.20,       0.00,     7008.9,       1.42,       1.62
    0,    26,     1,       8.97,      14.63,       0.00,     2294.1,       1.30,       1.80
    0,    26,     2,      29.24,      30.99,       0.00,    16202.7,       1.53,       1.70
    0,    26,     3,      68.49,      72.77,       0.00,    17366.6,       1.43,       1.77
    0,    26,     4,      43.79,      73.01,       0.00,     7271.3,       1.39,       1.65
    0,    26,     5,      86.18,      73.92,       0.00,     8528.3,       1.34,       1.76
    0,    26,     6,     136.83,      74.84,       0.00,    13967.0,       1.40,       1.73
    0,    26,     7,     103.65,      78.33,       0.00,    10620.2,       1.35,       1.79
    0,    26,     8,      70.03,     111.30,       0.00,    11263.8,       1.44,       1.70
    0,    26,     9,     112.75,     131.23,       0.00,    14484.6,       1.45,       1.65
    0,    26,    10,      95.08,     138.09,       0.00,     9253.9,       1.35,       1.70
    0,    26,    11,     101.82,     164.22,       0.00,     6977.3,       1.41,       1.60
    0,    27,     1,       8.99,      14.55,       0.00,     2370.7,       1.37,       1.71
    0,    27,     2,      29.24,      30.97,       0.00,    16139.8,       1.50,       1.71
    0,    27,     3,      68.46,      72.77,       0.00,    17067.6,       1.43,       1.74
    0,    27,     4,      43.82,      73.08,       0.00,     7132.4,       1.36,       1.64
    0,    27,     5,      86.15,      73.96,       0.00,     8645.2,       1.33,       1.82
    0,    27,     6,     136.82,      74.80,       0.00,    13790.3,       1.39,       1.70
    0,    27,     7,     103.61,      78.37,       0.00,    10560.1,       1.35,       1.76
    0,    27,     8,      70.04,     111.29,       0.00,    10703.6,       1.41,       1.67
    0,    27,     9,     112.76,     131.21,       0.00,    14486.9,       1.45,       1.68
    0,    27,    10,      95.08,     138.09,       0.00,     9379.8,       1.36,       1.72
    0,    27,    11,     101.86,     164.22,       0.00,     7087.8,       1.42,       1.64
    0,    28,     1,       9.01,      14.62,       0.00,     2303.2,       1.34,       1.76
    0,    28,     2,      29.20,      31.00,       0.00,    16085.1,       1.51,       1.69
    0,    28,     3,      68.48,      72.77,       0.00,    16519.0,       1.40,       1.74
    0,    28,     4,      43.83,      73.00,       0.00,     7082.1,       1.43,       1.64
    0,    28,     5,      86.18,      73.98,       0.00,     8626.8,       1.35,       1.77
    0,    28,     6,     136.85,      74.84,       0.00,    13743.2,       1.40,       1.73
    0,    28,     7,     103.63,      78.35,       0.00,    10362.2,       1.35,       1.73
    0,    28,     8,      70.05,     111.27,       0.00,    11135.4,       1.38,       1.69
    0,    28,     9,     112.75,     131.27,       0.00,    14222.6,       1.45,       1.68
    0,    28,    10,      95.06,     138.06,       0.00,     9416.3,       1.39,       1.70
    0,    28,    11,     101.81,     164.21,       0.00,     6995.3,       1.40,       1.67
    0,    29,     1,       9.01,      14.58,       0.00,     2256.6,       1.28,       1.67
    0,    29,     2,      29.23,      31.00,       0.00,    16354.8,       1.50,       1.71
    0,    29,     3,      68.51,      72.79,       0.00,    16894.2,       1.40,       1.80
    0,    29,     4,      43.79,      73.00,       0.00,     7334.9,       1.42,       1.67
    0,    29,     5,      86.19,      73.99,       0.00,     8730.3,       1.35,       1.78
    0,    29,     6,     136.82,      74.81,       0.00,    14083.7,       1.42,       1.75
    0,    29,     7,     103.62,      78.35,       0.00,    10329.2,       1.35,       1.72
    0,    29,     8,      70.05,     111.28,       0.00,    10947.1,       1.41,       1.68
    0,    29,     9,     112.74,     131.23,       0.00,    14127.2,       1.45,       1.69
    0,    29,    10,      95.05,     138.10,       0.00,     9472.7,       1.36,       1.70
    0,    29,    11,     101.83,     164.20,       0.00,     7287.5,       1.41,       1.68
    0,    30,     1,       8.95,      14.57,       0.00,     2435.3,       1.37,       1.76
    0,    30,     2,      29.24,      30.99,       0.00,    16033.6,       1.49,       1.70
    0,    30,     3,      68.50,      72.77,       0.00,    16759.3,       1.39,       1.74
    0,    30,     4,      43.81,      73.04,       0.00,     7078.5,       1.37,       1.70
    0,    30,     5,      86.18,      73.95,       0.00,     8774.9,       1.35,       1.76
    0,    30,     6,     136.83,      74.82,       0.00,    13712.0,       1.41,       1.77
    0,    30,     7,     103.62,      78.33,       0.00,    10557.7,       1.35,       1.77
    0,    30,     8,      70.07,     111.31,       0.00,    11427.2,       1.41,       1.74
    0,    30,     9,     112.74,     131.22,       0.00,    14761.8,       1.46,       1.74
    0,    30,    10,      95.04,     138.10,       0.00,     9224.8,       1.40,       1.67
    0,    30,    11,     101.85,     164.21,       0.00,     6985.3,       1.40,       1.67
    0,    31,     1,       9.00,      14.62,       0.00,     2411.5,       1.41,       1.76
    0,    31,     2,      29.23,      30.97,       0.00,    15962.4,       1.50,       1.68
    0,    31,     3,      68.48,      72.76,       0.00,    16990.4,       1.39,       1.80
    0,    31,     4,      43.80,      73.02,       0.00,     7334.9,       1.43,       1.70
    0,    31,     5,      86.18,      73.94,       0.00,     8631.5,       1.36,       1.73
    0,    31,     6,     136.83,      74.84,       0.00,    13773.8,       1.40,       1.80
    0,    31,     7,     103.65,      78.35,       0.00,    10698.9,       1.38,       1.72
    0,    31,     8,      70.05,     111.27,       0.00,    11146.6,       1.40,       1.68
    0,    31,     9,     112.73,     131.22,       0.00,    14710.4,       1.44,       1.71
    0,    31,    10,      95.06,     138.10,       0.00,     9340.4,       1.40,       1.70
    0,    31,    11,     101.88,     164.16,       0.00,     7070.4,       1.39,       1.67
    0,    32,     1,       8.93,      14.57,       0.00,     2389.0,       1.30,       1.76
    0,    32,     2,      29.25,      31.01,       0.00,    16040.3,       1.50,       1.68
    0,    32,     3,      68.48,      72.73,       0.00,    16789.5,       1.39,       1.77
    0,    32,     4,      43.79,      73.07,       0.00,     7054.1,       1.38,       1.71
    0,    32,     5,      86.19,      73.96,       0.00,     9260.6,       1.35,       1.80
    0,    32,     6,     136.82,      74.83,       0.00,    14102.5,       1.42,       1.79
    0,    32,     7,     103.66,      78.33,       0.00,    10954.1,       1.31,       1.77
    0,    32,     8,      70.04,     111.27,       0.00,    11298.7,       1.42,       1.69
    0,    32,     9,     112.76,     131.25,       0.00,    14104.2,       1.46,       1.67
    0,    32,    10,      95.06,     138.12,       0.00,     9274.8,       1.37,       1.70
    0,    32,    11,     101.81,     164.20,       0.00,     6811.6,       1.38,       1.61
    0,    33,     1,       9.06,      14.68,       0.00,     2443.7,       1.34,       1.81
    0,    33,     2,      29.23,      30.99,       0.00,    16221.6,       1.52,       1.69
    0,    33,     3,      43.80,      73.03,       0.00,     7075.9,       1.40,       1.66
    0,    33,     4,      68.48,      72.79,       0.00,    16795.0,       1.38,       1.78
    0,    33,     5,      86.20,      73.95,       0.00,     8885.2,       1.34,       1.79
    0,    33,     6,     136.82,      74.80,       0.00,    13617.2,       1.40,       1.74
    0,    33,     7,     103.62,      78.36,       0.00,    10722.7,       1.37,       1.80
    0,    33,     8,      70.02,     111.24,       0.00,    11320.1,       1.41,       1.74
    0,    33,     9,     112.76,     131.24,       0.00,    13932.1,       1.42,       1.70
    0,    33,    10,      95.07,     138.10,       0.00,     9518.9,       1.38,       1.71
    0,    33,    11,     101.83,     164.25,       0.00,     6961.3,       1.43,       1.66
    0,    34,     1,       8.92,      14.51,       0.00,     2544.1,       1.39,       1.82
    0,    34,     2,      29.27,      31.02,       0.00,    15981.0,       1.47,       1.71
    0,    34,     3,      68.45,      72.76,       0.00,    16871.2,       1.41,       1.78
    0,    34,     4,      43.82,      73.02,       0.00,     6977.5,       1.37,       1.65
    0,    34,     5,      86.18,      73.94,       0.00,     9040.4,       1.33,       1.81
    0,    34,     6,     136.81,      74.82,       0.00,    13395.9,       1.39,       1.79
    0,    34,     7,     103.64,      78.38,       0.00,    10635.6,       1.38,       1.79
    0,    34,     8,      70.04,     111.31,       0.00,    11496.6,       1.42,       1.76
    0,    34,     9,     112.75,     131.20,       0.00,    14219.0,       1.45,       1.71
    0,    34,    10,      95.08,     138.07,       0.00,     9213.2,       1.33,       1.72
    0,    34,    11,     101.81,     164.21,       0.00,     7064.6,       1.41,       1.70
    0,    35,     1,       9.01,      14.53,       0.00,     2382.4,       1.33,       1.74
    0,    35,     2,      29.25,      30.99,       0.00,    16281.8,       1.50,       1.69
    0,    35,     3,      43.84,      73.02,       0.00,     7013.0,       1.39,       1.68
    0,    35,     4,      68.48,      72.76,       0.00,    17334.7,       1.39,       1.79
    0,    35,     5,      86.20,      73.99,       0.00,     8686.1,       1.30,       1.73
    0,    35,     6,     136.82,      74.80,       0.00,    13714.4,       1.45,       1.74
    0,    35,     7,     103.64,      78.38,       0.00,    10670.2,       1.34,       1.77
    0,    35,     8,      70.02,     111.30,       0.00,    11304.0,       1.39,       1.72
    0,    35,     9,     112.77,     131.24,       0.00,    14462.7,       1.43,       1.72
    0,    35,    10,      95.12,     138.09,       0.00,     9483.0,       1.38,       1.71
    0,    35,    11,     101.81,     164.21,       0.00,     7159.0,       1.38,       1.72
    0,    36,     1,       9.07,      14.53,       0.00,     2319.2,       1.28,       1.78
    0,    36,     2,      29.25,      31.00,       0.00,    16335.7,       1.47,       1.76
    0,    36,     3,      68.49,      72.75,       0.00,    16782.5,       1.39,       1.77
    0,    36,     4,      43.81,      72.98,       0.00,     7366.9,       1.44,       1.69
    0,    36,     5,      86.18,      73.96,       0.00,     8659.4,       1.30,       1.74
    0,    36,     6,     136.80,      74.83,       0.00,    13850.7,       1.42,       1.73
    0,    36,     7,     103.66,      78.32,       0.00,    10471.9,       1.36,       1.76
    0,    36,     8,      70.06,     111.32,       0.00,    11261.2,       1.40,       1.73
    0,    36,     9,     112.73,     131.24,       0.00,    14127.9,       1.42,       1.67
    0,    36,    10,      95.06,     138.07,       0.00,     9360.5,       1.34,       1.63
    0,    36,    11,     101.82,     164.22,       0.00,     6951.0,       1.39,       1.65
    0,    37,     1,       8.95,      14.60,       0.00,     2273.7,       1.28,       1.70
    0,    37,     2,      29.24,      30.98,       0.00,    16020.9,       1.48,       1.72
    0,    37,     3,      68.49,      72.74,       0.00,    16981.8,       1.39,       1.80
    0,    37,     4,      43.81,      73.01,       0.00,     7337.1,       1.42,       1.73
    0,    37,     5,      86.20,      73.98,       0.00,     8759.8,       1.31,       1.76
    0,    37,     6,     136.82,      74.81,       0.00,    13739.4,       1.38,       1.74
    0,    37,     7,     103.66,      78.40,       0.00,    10616.4,       1.35,       1.80
    0,    37,     8,      70.03,     111.27,       0.00,    11398.4,       1.40,       1.74
    0,    37,     9,     112.76,     131.22,       0.00,    14612.4,       1.45,       1.72
    0,    37,    10,      95.06,     138.05,       0.00,     9293.3,       1.34,       1.75
    0,    37,    11,     101.82,     164.25,       0.00,     6813.2,       1.38,       1.66
    0,    38,     1,       9.05,      14.59,       0.00,     2524.0,       1.36,       1.87
    0,    38,     2,      29.24,      30.97,       0.00,    16108.4,       1.51,       1.67
    0,    38,     3,      68.46,      72.74,       0.00,    17293.4,       1.42,       1.80
    0,    38,     4,      43.83,      73.05,       0.00,     7150.3,       1.38,       1.68
    0,    38,     5,      86.19,      73.94,       0.00,     8577.6,       1.32,       1.76
    0,    38,     6,     136.82,      74.84,       0.00,    13861.9,       1.39,       1.73
    0,    38,     7,     103.66,      78.36,       0.00,    10357.5,       1.31,       1.76
    0,    38,     8,      70.06,     111.25,       0.00,    11032.8,       1.39,       1.72
    0,    38,     9,     112.77,     131.26,       0.00,    14167.0,       1.44,       1.69
    0,    38,    10,      95.07,     138.17,       0.00,     9155.8,       1.38,       1.71
    0,    38,    11,     101.87,     164.25,       0.00,     6801.7,       1.39,       1.67
    0,    39,     1,       9.00,      14.67,       0.00,     2361.9,       1.26,       1.83
    0,    39,     2,      29.24,      31.01,       0.00,    16050.6,       1.47,       1.70
    0,    39,     3,      68.49,      72.76,       0.00,    17096.8,       1.40,       1.79
    0,    39,     4,      43.79,      72.99,       0.00,     7606.8,       1.43,       1.69
    0,    39,     5,      86.17,      73.94,       0.00,     8794.6,       1.35,       1.78
    0,    39,     6,     136.85,      74.85,       0.00,    13866.5,       1.39,       1.74
    0,    39,     7,     103.68,      78.37,       0.00,    10857.6,       1.37,       1.79
    0,    39,     8,      70.04,     111.27,       0.00,    11216.5,       1.41,       1.76
    0,    39,     9,     112.75,     131.26,       0.00,    14034.2,       1.44,       1.68
    0,    39,    10,      95.09,     138.03,       0.00,     9302.5,       1.36,       1.73
    0,    39,    11,     101.83,     164.23,       0.00,     6923.3,       1.38,       1.70
    0,    40,     1,       9.00,      14.58,       0.00,     2412.3,       1.35,       1.87
    0,    40,     2,      29.24,      31.00,       0.00,    15995.0,       1.48,       1.72
    0,    40,     3,      68.48,      72.77,       0.00,    17038.0,       1.40,       1.79
    0,    40,     4,      43.84,      73.00,       0.00,     7466.8,       1.41,       1.73
    0,    40,     5,      86.18,      73.98,       0.00,     9049.0,       1.34,       1.83
    0,    40,     6,     136.84,      74.82,       0.00,    13806.6,       1.41,       1.76
    0,    40,     7,     103.62,      78.37,       0.00,    10449.3,       1.31,       1.77
    0,    40,     8,      70.04,     111.28,       0.00,    10873.4,       1.38,       1.72
    0,    40,     9,     112.76,     131.21,       0.00,    13992.3,       1.45,       1.70
    0,    40,    10,      95.10,     138.13,       0.00,     9256.7,       1.39,       1.72
    0,    40,    11,     101.84,     164.23,       0.00,     6820.7,       1.35,       1.65
