#stackID(UINT32), frameID(UINT32), eventID(UINT32), x0(float), y0(float), z0(float), photon_count0(float), sigmaX0(float), sigmaY0(float) 
    0,     0,     1,       9.04,      14.29,       0.00,     2906.4,       1.14,       2.39
    0,     0,     2,      29.29,      30.74,       0.00,    17262.0,       1.21,       2.28
    0,     0,     3,      68.50,      72.53,       0.00,    18680.3,       1.15,       2.39
    0,     0,     4,      43.79,      72.82,       0.00,     8498.8,       1.13,       2.33
    0,     0,     5,      86.21,      73.80,       0.00,     9418.1,       1.13,       2.45
    0,     0,     6,     136.87,      74.59,       0.00,    14424.3,       1.14,       2.36
    0,     0,     7,     103.67,      78.12,       0.00,    12108.1,       1.12,       2.41
    0,     0,     8,      70.08,     111.06,       0.00,    12591.5,       1.15,       2.29
    0,     0,     9,     112.78,     131.02,       0.00,    16109.7,       1.18,       2.30
    0,     0,    10,      95.03,     137.88,       0.00,    10016.2,       1.15,       2.30
    0,     0,    11,     101.87,     163.95,       0.00,     8737.0,       1.16,       2.31
    0,     1,     1,       9.03,      14.23,       0.00,     2742.5,       1.07,       2.30
    0,     1,     2,      29.29,      30.75,       0.00,    17042.5,       1.21,       2.26
    0,     1,     3,      68.50,      72.53,       0.00,    18283.0,       1.15,       2.39
    0,     1,     4,      43.79,      72.75,       0.00,     8383.5,       1.16,       2.27
    0,     1,     5,      86.21,      73.74,       0.00,     9085.8,       1.13,       2.37
    0,     1,     6,     136.86,      74.56,       0.00,    14498.4,       1.16,       2.39
    0,     1,     7,     103.66,      78.09,       0.00,    11692.6,       1.13,       2.40
    0,     1,     8,      70.06,     111.06,       0.00,    12301.4,       1.18,       2.34
    0,     1,     9,     112.77,     130.99,       0.00,    15989.9,       1.20,       2.32
    0,     1,    10,      95.07,     137.83,       0.00,     9680.3,       1.11,       2.30
    0,     1,    11,     101.88,     163.98,       0.00,     8235.7,       1.14,       2.26
    0,     2,     1,       9.05,      14.26,       0.00,     2668.8,       1.06,       2.33
    0,     2,     2,      29.27,      30.78,       0.00,    16882.1,       1.20,       2.26
    0,     2,     3,      68.52,      72.48,       0.00,    18402.6,       1.16,       2.39
    0,     2,     4,      43.81,      72.81,       0.00,     8410.9,       1.15,       2.30
    0,     2,     5,      86.20,      73.78,       0.00,     8769.6,       1.13,       2.42
    0,     2,     6,     136.85,      74.53,       0.00,    14203.5,       1.16,       2.35
    0,     2,     7,     103.62,      78.09,       0.00,    12058.8,       1.16,       2.43
    0,     2,     8,      70.07,     111.09,       0.00,    12314.3,       1.18,       2.30
    0,     2,     9,     112.78,     130.99,       0.00,    15812.3,       1.19,       2.30
    0,     2,    10,      95.07,     137.85,       0.00,     9505.4,       1.12,       2.28
    0,     2,    11,     101.89,     163.93,       0.00,     8144.0,       1.13,       2.29
    0,     3,     1,       9.11,      14.38,       0.00,     2580.9,       1.11,       2.24
    0,     3,     2,      29.29,      30.74,       0.00,    16755.5,       1.24,       2.27
    0,     3,     3,      68.50,      72.51,       0.00,    18021.7,       1.14,       2.38
    0,     3,     4,      43.79,      72.76,       0.00,     8202.1,       1.16,       2.32
    0,     3,     5,      86.22,      73.78,       0.00,     8764.3,       1.12,       2.35
    0,     3,     6,     136.84,      74.56,       0.00,    14390.6,       1.16,       2.38
    0,     3,     7,     103.66,      78.13,       0.00,    11437.0,       1.14,       2.37
    0,     3,     8,      70.09,     111.06,       0.00,    12129.3,       1.16,       2.34
    0,     3,     9,     112.76,     130.99,       0.00,    15450.9,       1.18,       2.29
    0,     3,    10,      95.03,     137.83,       0.00,     9896.7,       1.17,       2.33
    0,     3,    11,     101.89,     163.96,       0.00,     8269.4,       1.14,       2.30
    0,     4,     1,       9.03,      14.27,       0.00,     2764.5,       1.10,       2.35
    0,     4,     2,      29.28,      30.77,       0.00,    16409.7,       1.20,       2.30
    0,     4,     3,      68.50,      72.53,       0.00,    18089.6,       1.15,       2.38
    0,     4,     4,      43.82,      72.72,       0.00,     8156.8,       1.16,       2.32
    0,     4,     5,      86.18,      73.78,       0.00,     8908.2,       1.16,       2.46
    0,     4,     6,     136.83,      74.55,       0.00,    13918.1,       1.15,       2.39
    0,     4,     7,     103.67,      78.12,       0.00,    11242.9,       1.16,       2.39
    0,     4,     8,      70.09,     111.10,       0.00,    12252.9,       1.16,       2.32
    0,     4,     9,     112.76,     130.98,       0.00,    15533.0,       1.19,       2.27
    0,     4,    10,      95.05,     137.82,       0.00,     9727.1,       1.13,       2.34
    0,     4,    11,     101.90,     163.91,       0.00,     8265.8,       1.14,       2.22
    0,     5,     1,       9.09,      14.24,       0.00,     2618.4,       1.07,       2.30
    0,     5,     2,      29.30,      30.75,       0.00,    16629.2,       1.21,       2.27
    0,     5,     3,      68.49,      72.52,       0.00,    17960.7,       1.14,       2.36
    0,     5,     4,      43.81,      72.81,       0.00,     8153.4,       1.17,       2.36
    0,     5,     5,      86.19,      73.75,       0.00,     9015.9,       1.15,       2.45
    0,     5,     6,     136.83,      74.51,       0.00,    14032.0,       1.16,       2.34
    0,     5,     7,     103.66,      78.06,       0.00,    11328.2,       1.14,       2.38
    0,     5,     8,      70.06,     111.03,       0.00,    11995.1,       1.16,       2.35
    0,     5,     9,     112.75,     130.94,       0.00,    15157.7,       1.20,       2.28
    0,     5,    10,      95.02,     137.83,       0.00,     9589.9,       1.15,       2.35
    0,     5,    11,     101.87,     163.96,       0.00,     8207.9,       1.15,       2.26
    0,     6,     1,       9.07,      14.32,       0.00,     2675.3,       1.17,       2.27
    0,     6,     2,      29.28,      30.72,       0.00,    16462.0,       1.21,       2.32
    0,     6,     3,      68.52,      72.49,       0.00,    18052.0,       1.14,       2.35
    0,     6,     4,      43.79,      72.76,       0.00,     7853.7,       1.12,       2.36
    0,     6,     5,      86.21,      73.77,       0.00,     8786.4,       1.13,       2.41
    0,     6,     6,     136.85,      74.58,       0.00,    14001.6,       1.16,       2.38
    0,     6,     7,     103.65,      78.12,       0.00,    11107.3,       1.13,       2.36
    0,     6,     8,      70.06,     111.04,       0.00,    11962.6,       1.17,       2.25
    0,     6,     9,     112.77,     130.99,       0.00,    15536.3,       1.19,       2.34
    0,     6,    10,      95.05,     137.78,       0.00,     9412.6,       1.13,       2.28
    0,     6,    11,     101.88,     163.96,       0.00,     8218.9,       1.17,       2.25
    0,     7,     1,       9.06,      14.26,       0.00,     2697.1,       1.09,       2.31
    0,     7,     2,      29.29,      30.76,       0.00,    16109.8,       1.19,       2.28
    0,     7,     3,      68.52,      72.52,       0.00,    18095.9,       1.14,       2.38
    0,     7,     4,      43.83,      72.71,       0.00,     7752.8,       1.10,       2.29
    0,     7,     5,      86.21,      73.72,       0.00,     8635.3,       1.12,       2.43
    0,     7,     6,     136.86,      74.59,       0.00,    14008.8,       1.17,       2.40
    0,     7,     7,     103.66,      78.07,       0.00,    11373.7,       1.12,       2.41
    0,     7,     8,      70.06,     111.03,       0.00,    11706.7,       1.17,       2.32
    0,     7,     9,     112.76,     131.00,       0.00,    15250.1,       1.19,       2.31
    0,     7,    10,      95.06,     137.84,       0.00,     9652.3,       1.15,       2.41
    0,     7,    11,     101.86,     163.97,       0.00,     8055.0,       1.13,       2.29
    0,     8,     1,       9.01,      14.39,       0.00,     2662.4,       1.09,       2.43
    0,     8,     2,      29.28,      30.75,       0.00,    16230.9,       1.22,       2.30
    0,     8,     3,      43.80,      72.83,       0.00,     7852.3,       1.16,       2.37
    0,     8,     4,      68.52,      72.50,       0.00,    17546.3,       1.15,       2.37
    0,     8,     5,      86.18,      73.77,       0.00,     8945.9,       1.14,       2.38
    0,     8,     6,     136.82,      74.54,       0.00,    14054.0,       1.14,       2.37
    0,     8,     7,     103.65,      78.13,       0.00,    11240.9,       1.12,       2.38
    0,     8,     8,      70.08,     111.03,       0.00,    11887.6,       1.15,       2.34
    0,     8,     9,     112.77,     130.98,       0.00,    14761.4,       1.18,       2.26
    0,     8,    10,      95.07,     137.87,       0.00,     9663.5,       1.15,       2.31
    0,     8,    11,     101.88,     163.98,       0.00,     8231.1,       1.17,       2.26
    0,     9,     1,       9.04,      14.37,       0.00,     2681.9,       1.13,       2.33
    0,     9,     2,      29.29,      30.76,       0.00,    16199.3,       1.21,       2.27
    0,     9,     3,      68.52,      72.51,       0.00,    17773.3,       1.16,       2.38
    0,     9,     4,      43.84,      72.73,       0.00,     7634.1,       1.13,       2.27
    0,     9,     5,      86.19,      73.76,       0.00,     8964.0,       1.12,       2.45
    0,     9,     6,     136.86,      74.51,       0.00,    14115.1,       1.15,       2.40
    0,     9,     7,     103.65,      78.11,       0.00,    11218.6,       1.13,       2.40
    0,     9,     8,      70.08,     111.05,       0.00,    11889.4,       1.14,       2.40
    0,     9,     9,     112.78,     130.99,       0.00,    15159.8,       1.18,       2.31
    0,     9,    10,      95.07,     137.89,       0.00,     9663.2,       1.13,       2.30
    0,     9,    11,     101.87,     163.92,       0.00,     7823.9,       1.14,       2.26
    0,    10,     1,       9.06,      14.29,       0.00,     2653.7,       1.07,       2.42
    0,    10,     2,      29.30,      30.72,       0.00,    16328.1,       1.21,       2.32
    0,    10,     3,      68.52,      72.51,       0.00,    17721.8,       1.14,       2.39
    0,    10,     4,      43.83,      72.76,       0.00,     7671.4,       1.14,       2.31
    0,    10,     5,      86.19,      73.74,       0.00,     9043.4,       1.16,       2.43
    0,    10,     6,     136.85,      74.54,       0.00,    14067.3,       1.15,       2.41
    0,    10,     7,     103.65,      78.13,       0.00,    11318.0,       1.13,       2.47
    0,    10,     8,      70.10,     111.05,       0.00,    11806.8,       1.17,       2.29
    0,    10,     9,     112.79,     130.96,       0.00,    15007.0,       1.18,       2.30
    0,    10,    10,      95.05,     137.86,       0.00,     9585.7,       1.16,       2.40
    0,    10,    11,     101.88,     163.90,       0.00,     7981.7,       1.15,       2.32
    0,    11,     1,       9.08,      14.34,       0.00,     2483.8,       1.05,       2.37
    0,    11,     2,      29.28,      30.70,       0.00,    16373.1,       1.21,       2.31
    0,    11,     3,      68.52,      72.46,       0.00,    18116.0,       1.14,       2.38
    0,    11,     4,      43.82,      72.77,       0.00,     7725.7,       1.15,       2.27
    0,    11,     5,      86.19,      73.75,       0.00,     8458.7,       1.12,       2.37
    0,    11,     6,     136.85,      74.60,       0.00,    13955.3,       1.15,       2.36
    0,    11,     7,     103.65,      78.13,       0.00,    11299.1,       1.14,       2.41
    0,    11,     8,      70.09,     111.05,       0.00,    11982.9,       1.18,       2.36
    0,    11,     9,     112.78,     130.95,       0.00,    15100.9,       1.19,       2.32
    0,    11,    10,      95.06,     137.88,       0.00,     9314.7,       1.17,       2.33
    0,    11,    11,     101.87,     163.99,       0.00,     7834.0,       1.12,       2.25
    0,    12,     1,       9.09,      14.24,       0.00,     2671.3,       1.13,       2.44
    0,    12,     2,      29.31,      30.78,       0.00,    16418.8,       1.21,       2.31
    0,    12,     3,      68.52,      72.49,       0.00,    17907.5,       1.14,       2.39
    0,    12,     4,      43.83,      72.74,       0.00,     7867.3,       1.14,       2.38
    0,    12,     5,      86.17,      73.71,       0.00,     8708.1,       1.14,       2.39
    0,    12,     6,     136.85,      74.54,       0.00,    14086.0,       1.14,       2.34
    0,    12,     7,     103.64,      78.14,       0.00,    11052.1,       1.13,       2.43
    0,    12,     8,      70.07,     111.02,       0.00,    12460.3,       1.17,       2.33
    0,    12,     9,     112.78,     130.97,       0.00,    15172.0,       1.16,       2.31
    0,    12,    10,      95.04,     137.81,       0.00,     9367.1,       1.13,       2.33
    0,    12,    11,     101.86,     163.90,       0.00,     7928.5,       1.16,       2.25
    0,    13,     1,       9.08,      14.32,       0.00,     2730.8,       1.12,       2.32
    0,    13,     2,      29.29,      30.77,       0.00,    16327.4,       1.21,       2.32
    0,    13,     3,      68.53,      72.48,       0.00,    18450.1,       1.17,       2.41
    0,    13,     4,      43.83,      72.78,       0.00,     8047.9,       1.20,       2.35
    0,    13,     5,      86.18,      73.67,       0.00,     8628.5,       1.13,       2.42
    0,    13,     6,     136.86,      74.58,       0.00,    14196.7,       1.16,       2.39
    0,    13,     7,     103.62,      78.09,       0.00,    11227.4,       1.13,       2.43
    0,    13,     8,      70.09,     111.01,       0.00,    12254.0,       1.13,       2.30
    0,    13,     9,     112.77,     130.95,       0.00,    14728.3,       1.16,       2.31
    0,    13,    10,      95.05,     137.83,       0.00,     9387.8,       1.13,       2.36
    0,    13,    11,     101.90,     163.90,       0.00,     7915.7,       1.14,       2.20
    0,    14,     1,       9.05,      14.35,       0.00,     2741.6,       1.10,       2.38
    0,    14,     2,      29.27,      30.77,       0.00,    16281.4,       1.20,       2.29
    0,    14,     3,      68.51,      72.49,       0.00,    17736.5,       1.13,       2.37
    0,    14,     4,      43.86,      72.85,       0.00,     7969.7,       1.15,       2.36
    0,    14,     5,      86.18,      73.74,       0.00,     8476.5,       1.11,       2.44
    0,    14,     6,     136.86,      74.55,       0.00,    13821.5,       1.13,       2.35
    0,    14,     7,     103.67,      78.08,       0.00,    11231.4,       1.13,       2.40
    0,    14,     8,      70.11,     111.01,       0.00,    12123.4,       1.15,       2.31
    0,    14,     9,     112.77,     130.97,       0.00,    14929.9,       1.17,       2.34
    0,    14,    10,      95.07,     137.87,       0.00,     9491.7,       1.12,       2.39
    0,    14,    11,     101.89,     163.90,       0.00,     7978.9,       1.15,       2.29
    0,    15,     1,       9.03,      14.33,       0.00,     2600.4,       1.08,       2.31
    0,    15,     2,      29.29,      30.72,       0.00,    16305.2,       1.21,       2.30
    0,    15,     3,      68.51,      72.46,       0.00,    17690.3,       1.14,       2.37
    0,    15,     4,      43.80,      72.73,       0.00,     7700.5,       1.16,       2.29
    0,    15,     5,      86.20,      73.73,       0.00,     8519.0,       1.12,       2.45
    0,    15,     6,     136.86,      74.50,       0.00,    14252.0,       1.14,       2.37
    0,    15,     7,     103.65,      78.13,       0.00,    11086.3,       1.14,       2.43
    0,    15,     8,      70.11,     111.03,       0.00,    12510.5,       1.15,       2.35
    0,    15,     9,     112.77,     130.96,       0.00,    15070.1,       1.20,       2.33
    0,    15,    10,      95.06,     137.84,       0.00,     9214.6,       1.10,       2.31
    0,    15,    11,     101.89,     163.92,       0.00,     7972.6,       1.16,       2.32
    0,    16,     1,       9.03,      14.24,       0.00,     2671.8,       1.12,       2.48
    0,    16,     2,      29.28,      30.76,       0.00,    16427.4,       1.22,       2.31
    0,    16,     3,      68.50,      72.47,       0.00,    17582.3,       1.13,       2.37
    0,    16,     4,      43.81,      72.77,       0.00,     7771.2,       1.13,       2.30
    0,    16,     5,      86.20,      73.75,       0.00,     8647.1,       1.13,       2.43
    0,    16,     6,     136.88,      74.55,       0.00,    14169.4,       1.14,       2.40
    0,    16,     7,     103.66,      78.15,       0.00,    11165.5,       1.11,       2.39
    0,    16,     8,      70.08,     111.05,       0.00,    12011.1,       1.15,       2.34
    0,    16,     9,     112.77,     130.97,       0.00,    14863.2,       1.18,       2.36
    0,    16,    10,      95.05,     137.78,       0.00,     9356.0,       1.17,       2.33
    0,    16,    11,     101.88,     163.87,       0.00,     8117.9,       1.16,       2.32
    0,    17,     1,       9.11,      14.27,       0.00,     2626.6,       1.07,       2.40
    0,    17,     2,      29.28,      30.72,       0.00,    16295.6,       1.20,       2.27
    0,    17,     3,      68.52,      72.44,       0.00,    17824.2,       1.14,       2.37
    0,    17,     4,      43.80,      72.79,       0.00,     7564.2,       1.15,       2.32
    0,    17,     5,      86.20,      73.71,       0.00,     8707.9,       1.15,       2.37
    0,    17,     6,     136.87,      74.55,       0.00,    14267.1,       1.18,       2.42
    0,    17,     7,     103.64,      78.12,       0.00,    10935.6,       1.11,       2.42
    0,    17,     8,      70.08,     111.06,       0.00,    12215.0,       1.17,       2.38
    0,    17,     9,     112.76,     130.97,       0.00,    15175.1,       1.20,       2.32
    0,    17,    10,      95.04,     137.81,       0.00,     9242.4,       1.15,       2.34
    0,    17,    11,     101.87,     163.96,       0.00,     7940.2,       1.13,       2.27
    0,    18,     1,       9.05,      14.27,       0.00,     2571.5,       1.11,       2.46
    0,    18,     2,      29.30,      30.72,       0.00,    16545.7,       1.19,       2.30
    0,    18,     3,      68.51,      72.46,       0.00,    18010.5,       1.14,       2.40
    0,    18,     4,      43.81,      72.78,       0.00,     7963.9,       1.15,       2.35
    0,    18,     5,      86.20,      73.78,       0.00,     8415.9,       1.13,       2.45
    0,    18,     6,     136.86,      74.56,       0.00,    13811.6,       1.15,       2.37
    0,    18,     7,     103.62,      78.10,       0.00,    10915.0,       1.10,       2.43
    0,    18,     8,      70.08,     111.05,       0.00,    11949.9,       1.19,       2.35
    0,    18,     9,     112.79,     130.93,       0.00,    15332.9,       1.19,       2.30
    0,    18,    10,      95.07,     137.86,       0.00,     9249.4,       1.12,       2.35
    0,    18,    11,     101.88,     163.95,       0.00,     7975.7,       1.12,       2.32
    0,    19,     1,       9.05,      14.41,       0.00,     2511.2,       1.12,       2.44
    0,    19,     2,      29.28,      30.76,       0.00,    16757.9,       1.20,       2.32
    0,    19,     3,      68.52,      72.43,       0.00,    17649.3,       1.15,       2.40
    0,    19,     4,      43.79,      72.70,       0.00,     7916.0,       1.13,       2.34
    0,    19,     5,      86.20,      73.74,       0.00,     8668.8,       1.15,       2.51
    0,    19,     6,     136.86,      74.52,       0.00,    13851.7,       1.16,       2.38
    0,    19,     7,     103.67,      78.09,       0.00,    11318.9,       1.12,       2.41
    0,    19,     8,      70.09,     111.04,       0.00,    12027.7,       1.17,       2.38
    0,    19,     9,     112.78,     131.01,       0.00,    15590.4,       1.19,       2.34
    0,    19,    10,      95.07,     137.82,       0.00,     9532.9,       1.13,       2.32
    0,    19,    11,     101.88,     163.94,       0.00,     8184.0,       1.16,       2.31
    0,    20,     1,       9.08,      14.32,       0.00,     2485.1,       1.06,       2.53
    0,    20,     2,      29.28,      30.73,       0.00,    16373.1,       1.20,       2.29
    0,    20,     3,      68.50,      72.51,       0.00,    17471.3,       1.14,       2.38
    0,    20,     4,      43.82,      72.70,       0.00,     7734.4,       1.15,       2.36
    0,    20,     5,      86.16,      73.74,       0.00,     8248.9,       1.15,       2.38
    0,    20,     6,     136.86,      74.57,       0.00,    14414.0,       1.16,       2.37
    0,    20,     7,     103.65,      78.13,       0.00,    10989.0,       1.10,       2.43
    0,    20,     8,      70.09,     111.03,       0.00,    11658.6,       1.18,       2.37
    0,    20,     9,     112.78,     130.96,       0.00,    15417.7,       1.20,       2.30
    0,    20,    10,      95.05,     137.83,       0.00,     9180.0,       1.13,       2.34
    0,    20,    11,     101.92,     163.96,       0.00,     7944.2,       1.14,       2.29
    0,    21,     1,       9.08,      14.29,       0.00,     2553.1,       1.11,       2.48
    0,    21,     2,      29.30,      30.73,       0.00,    16280.2,       1.19,       2.27
    0,    21,     3,      68.50,      72.50,       0.00,    17450.1,       1.14,       2.38
    0,    21,     4,      43.82,      72.75,       0.00,     7713.2,       1.15,       2.37
    0,    21,     5,      86.17,      73.73,       0.00,     8570.1,       1.11,       2.43
    0,    21,     6,     136.87,      74.55,       0.00,    13942.8,       1.14,       2.38
    0,    21,     7,     103.65,      78.11,       0.00,    11114.9,       1.12,       2.44
    0,    21,     8,      70.07,     111.04,       0.00,    11656.4,       1.13,       2.35
    0,    21,     9,     112.77,     130.99,       0.00,    15198.7,       1.19,       2.29
    0,    21,    10,      95.07,     137.85,       0.00,     9531.0,       1.15,       2.40
    0,    21,    11,     101.92,     163.99,       0.00,     7863.8,       1.14,       2.28
    0,    22,     1,       9.06,      14.32,       0.00,     2683.6,       1.14,       2.44
    0,    22,     2,      29.30,      30.79,       0.00,    16488.9,       1.21,       2.31
    0,    22,     3,      68.52,      72.44,       0.00,    17472.9,       1.14,       2.41
    0,    22,     4,      43.83,      72.73,       0.00,     7695.2,       1.12,       2.39
    0,    22,     5,      86.19,      73.75,       0.00,     8579.2,       1.14,       2.46
    0,    22,     6,     136.87,      74.57,       0.00,    14163.3,       1.16,       2.39
    0,    22,     7,     103.66,      78.07,       0.00,    11099.6,       1.11,       2.46
    0,    22,     8,      70.07,     111.03,       0.00,    11741.4,       1.15,       2.37
    0,    22,     9,     112.79,     130.91,       0.00,    15062.9,       1.16,       2.28
    0,    22,    10,      95.03,     137.82,       0.00,     9472.2,       1.13,       2.36
    0,    22,    11,     101.89,     163.97,       0.00,     8067.9,       1.16,       2.27
    0,    23,     1,       9.08,      14.23,       0.00,     2470.0,       1.09,       2.39
    0,    23,     2,      29.29,      30.73,       0.00,    16381.0,       1.19,       2.29
    0,    23,     3,      68.52,      72.47,       0.00,    17436.6,       1.13,       2.42
    0,    23,     4,      43.80,      72.77,       0.00,     7628.3,       1.18,       2.31
    0,    23,     5,      86.19,      73.70,       0.00,     8517.8,       1.15,       2.46
    0,    23,     6,     136.86,      74.54,       0.00,    14085.8,       1.17,       2.38
    0,    23,     7,     103.65,      78.17,       0.00,    11082.6,       1.12,       2.43
    0,    23,     8,      70.06,     111.06,       0.00,    11866.1,       1.14,       2.34
    0,    23,     9,     112.78,     130.98,       0.00,    15168.4,       1.18,       2.35
    0,    23,    10,      95.07,     137.82,       0.00,     9435.0,       1.12,       2.36
    0,    23,    11,     101.88,     163.92,       0.00,     7826.8,       1.13,       2.29
    0,    24,     1,       9.11,      14.31,       0.00,     2527.2,       1.10,       2.37
    0,    24,     2,      29.29,      30.72,       0.00,    16465.5,       1.22,       2.29
    0,    24,     3,      68.51,      72.43,       0.00,    17349.1,       1.16,       2.38
    0,    24,     4,      43.84,      72.81,       0.00,     7891.1,       1.16,       2.37
    0,    24,     5,      86.16,      73.73,       0.00,     8352.3,       1.15,       2.41
    0,    24,     6,     136.88,      74.53,       0.00,    14110.6,       1.16,       2.40
    0,    24,     7,     103.65,      78.11,       0.00,    10929.1,       1.13,       2.43
    0,    24,     8,      70.07,     110.98,       0.00,    11727.9,       1.14,       2.35
    0,    24,     9,     112.79,     130.98,       0.00,    15096.6,       1.18,       2.30
    0,    24,    10,      95.05,     137.83,       0.00,     9449.3,       1.13,       2.36
    0,    24,    11,     101.88,     163.97,       0.00,     7905.2,       1.12,       2.30
    0,    25,     1,       9.11,      14.25,       0.00,     2443.6,       1.12,       2.46
    0,    25,     2,      29.32,      30.75,       0.00,    16158.2,       1.19,       2.28
    0,    25,     3,      68.51,      72.48,       0.00,    17586.4,       1.13,       2.38
    0,    25,     4,      43.81,      72.78,       0.00,     7670.6,       1.19,       2.29
    0,    25,     5,      86.20,      73.70,       0.00,     8310.7,       1.12,       2.40
    0,    25,     6,     136.85,      74.50,       0.00,    13854.9,       1.15,       2.36
    0,    25,     7,     103.67,      78.12,       0.00,    11165.6,       1.13,       2.41
    0,    25,     8,      70.04,     111.02,       0.00,    11654.8,       1.15,       2.33
    0,    25,     9,     112.76,     130.99,       0.00,    15134.3,       1.18,       2.32
    0,    25,    10,      95.06,     137.87,       0.00,     9286.1,       1.12,       2.32
    0,    25,    11,     101.89,     163.89,       0.00,     7794.1,       1.12,       2.28
    0,    26,     1,       9.10,      14.17,       0.00,     2537.9,       1.08,       2.47
    0,    26,     2,      29.31,      30.80,       0.00,    16127.4,       1.21,       2.33
    0,    26,     3,      68.50,      72.47,       0.00,    17437.8,       1.15,       2.38
    0,    26,     4,      43.86,      72.70,       0.00,     7933.1,       1.19,       2.38
    0,    26,     5,      86.19,      73.79,       0.00,     8827.3,       1.15,       2.45
    0,    26,     6,     136.86,      74.56,       0.00,    13856.7,       1.15,       2.39
    0,    26,     7,     103.65,      78.12,       0.00,    11484.4,       1.13,       2.41
    0,    26,     8,      70.08,     111.05,       0.00,    11896.3,       1.16,       2.37
    0,    26,     9,     112.78,     131.01,       0.00,    15035.5,       1.19,       2.33
    0,    26,    10,      95.05,     137.82,       0.00,     9469.9,       1.14,       2.34
    0,    26,    11,     101.88,     163.88,       0.00,     7991.5,       1.12,       2.30
    0,    27,     1,       9.07,      14.36,       0.00,     2482.7,       1.05,       2.54
    0,    27,     2,      29.29,      30.75,       0.00,    16421.5,       1.21,       2.32
    0,    27,     3,      43.87,      72.73,       0.00,     7568.2,       1.17,       2.37
    0,    27,     4,      68.51,      72.49,       0.00,    17539.9,       1.15,       2.40
    0,    27,     5,      86.20,      73.81,       0.00,     8461.8,       1.14,       2.45
    0,    27,     6,     136.86,      74.57,       0.00,    14063.9,       1.17,       2.38
    0,    27,     7,     103.64,      78.12,       0.00,    11128.6,       1.15,       2.45
    0,    27,     8,      70.07,     111.01,       0.00,    12150.5,       1.16,       2.37
    0,    27,     9,     112.78,     130.97,       0.00,    15783.4,       1.17,       2.35
    0,    27,    10,      95.06,     137.82,       0.00,     9242.6,       1.13,       2.36
    0,    27,    11,     101.90,     163.97,       0.00,     8236.8,       1.16,       2.27
    0,    28,     1,       9.13,      14.38,       0.00,     2375.7,       1.08,       2.44
    0,    28,     2,      29.28,      30.74,       0.00,    16363.4,       1.20,       2.31
    0,    28,     3,      68.50,      72.50,       0.00,    17463.4,       1.14,       2.43
    0,    28,     4,      43.83,      72.75,       0.00,     7828.6,       1.16,       2.36
    0,    28,     5,      86.22,      73.70,       0.00,     8498.1,       1.13,       2.49
    0,    28,     6,     136.86,      74.59,       0.00,    13904.7,       1.14,       2.40
    0,    28,     7,     103.65,      78.10,       0.00,    10959.2,       1.11,       2.42
    0,    28,     8,      70.07,     111.07,       0.00,    12421.7,       1.16,       2.39
    0,    28,     9,     112.79,     130.94,       0.00,    15592.4,       1.18,       2.31
    0,    28,    10,      95.09,     137.87,       0.00,     9438.6,       1.13,       2.39
    0,    28,    11,     101.88,     163.95,       0.00,     8370.9,       1.16,       2.38
    0,    29,     1,       9.10,      14.17,       0.00,     2341.0,       1.09,       2.31
    0,    29,     2,      29.30,      30.74,       0.00,    16236.8,       1.21,       2.30
    0,    29,     3,      68.52,      72.49,       0.00,    17483.3,       1.13,       2.40
    0,    29,     4,      43.82,      72.75,       0.00,     7534.0,       1.15,       2.36
    0,    29,     5,      86.23,      73.74,       0.00,     8616.8,       1.13,       2.47
    0,    29,     6,     136.85,      74.58,       0.00,    13962.3,       1.18,       2.44
    0,    29,     7,     103.66,      78.10,       0.00,    11069.8,       1.12,       2.47
    0,    29,     8,      70.10,     111.01,       0.00,    12063.7,       1.16,       2.38
    0,    29,     9,     112.77,     130.94,       0.00,    15350.1,       1.18,       2.31
    0,    29,    10,      95.07,     137.79,       0.00,     9436.4,       1.14,       2.32
    0,    29,    11,     101.89,     163.86,       0.00,     7985.8,       1.16,       2.32
    0,    30,     1,       9.04,      14.26,       0.00,     2559.2,       1.13,       2.43
    0,    30,     2,      29.31,      30.73,       0.00,    16287.5,       1.19,       2.30
    0,    30,     3,      43.86,      72.73,       0.00,     7619.5,       1.13,       2.32
    0,    30,     4,      68.52,      72.51,       0.00,    17533.9,       1.15,       2.40
    0,    30,     5,      86.22,      73.69,       0.00,     8775.6,       1.13,       2.36
    0,    30,     6,     136.87,      74.59,       0.00,    13954.3,       1.16,       2.44
    0,    30,     7,     103.64,      78.05,       0.00,    11449.2,       1.13,       2.42
    0,    30,     8,      70.08,     111.05,       0.00,    12113.4,       1.17,       2.40
    0,    30,     9,     112.78,     130.94,       0.00,    15099.9,       1.17,       2.31
    0,    30,    10,      95.05,     137.85,       0.00,     9294.2,       1.14,       2.35
    0,    30,    11,     101.89,     163.96,       0.00,     8139.6,       1.12,       2.30
    0,    31,     1,       9.10,      14.17,       0.00,     2506.3,       1.04,       2.28
    0,    31,     2,      29.30,      30.72,       0.00,    15791.6,       1.18,       2.27
    0,    31,     3,      68.51,      72.48,       0.00,    17557.2,       1.14,       2.39
    0,    31,     4,      43.81,      72.74,       0.00,     7633.1,       1.15,       2.36
    0,    31,     5,      86.23,      73.64,       0.00,     8722.4,       1.14,       2.43
    0,    31,     6,     136.86,      74.53,       0.00,    13957.9,       1.13,       2.45
    0,    31,     7,     103.66,      78.10,       0.00,    11330.2,       1.13,       2.46
    0,    31,     8,      70.08,     111.02,       0.00,    11779.2,       1.13,       2.34
    0,    31,     9,     112.79,     130.96,       0.00,    15086.0,       1.18,       2.33
    0,    31,    10,      95.08,     137.83,       0.00,     9142.3,       1.14,       2.27
    0,    31,    11,     101.87,     163.87,       0.00,     8105.6,       1.14,       2.31
    0,    32,     1,       9.12,      14.34,       0.00,     2569.5,       1.14,       2.46
    0,    32,     2,      29.30,      30.75,       0.00,    16170.7,       1.22,       2.34
    0,    32,     3,      68.51,      72.50,       0.00,    17298.2,       1.13,       2.41
    0,    32,     4,      43.78,      72.69,       0.00,     7298.6,       1.12,       2.30
    0,    32,     5,      86.19,      73.81,       0.00,     8835.7,       1.17,       2.45
    0,    32,     6,     136.85,      74.54,       0.00,    13764.1,       1.16,       2.41
    0,    32,     7,     103.67,      78.07,       0.00,    11183.9,       1.12,       2.43
    0,    32,     8,      70.09,     111.06,       0.00,    11931.3,       1.16,       2.39
    0,    32,     9,     112.79,     130.92,       0.00,    15200.4,       1.18,       2.30
    0,    32,    10,      95.07,     137.81,       0.00,     9309.7,       1.15,       2.32
    0,    32,    11,     101.89,     163.89,       0.00,     7825.0,       1.13,       2.28
    0,    33,     1,       9.11,      14.36,       0.00,     2523.7,       1.06,       2.55
    0,    33,     2,      29.29,      30.76,       0.00,    16139.9,       1.20,       2.30
    0,    33,     3,      68.51,      72.48,       0.00,    17667.4,       1.16,       2.41
    0,    33,     4,      43.84,      72.75,       0.00,     7642.5,       1.15,       2.34
    0,    33,     5,      86.20,      73.70,       0.00,     8608.3,       1.15,       2.41
    0,    33,     6,     136.85,      74.55,       0.00,    13617.5,       1.13,       2.34
    0,    33,     7,     103.64,      78.07,       0.00,    11278.1,       1.11,       2.40
    0,    33,     8,      70.08,     111.06,       0.00,    11814.8,       1.17,       2.36
    0,    33,     9,     112.77,     130.92,       0.00,    15649.1,       1.19,       2.34
    0,    33,    10,      95.09,     137.84,       0.00,     9305.5,       1.15,       2.37
    0,    33,    11,     101.88,     163.89,       0.00,     8000.8,       1.13,       2.31
    0,    34,     1,       9.05,      14.27,       0.00,     2581.2,       1.10,       2.38
    0,    34,     2,      29.28,      30.76,       0.00,    16389.8,       1.20,       2.29
    0,    34,     3,      68.52,      72.46,       0.00,    17965.0,       1.16,       2.42
    0,    34,     4,      43.84,      72.76,       0.00,     7559.2,       1.15,       2.38
    0,    34,     5,      86.20,      73.76,       0.00,     8973.9,       1.15,       2.45
    0,    34,     6,     136.87,      74.52,       0.00,    13622.0,       1.14,       2.38
    0,    34,     7,     103.66,      78.07,       0.00,    11280.6,       1.13,       2.43
    0,    34,     8,      70.10,     110.99,       0.00,    11893.9,       1.16,       2.34
    0,    34,     9,     112.78,     130.93,       0.00,    15603.9,       1.20,       2.32
    0,    34,    10,      95.07,     137.81,       0.00,     9618.9,       1.14,       2.38
    0,    34,    11,     101.90,     163.88,       0.00,     7981.3,       1.14,       2.28
    0,    35,     1,       9.11,      14.20,       0.00,     2580.2,       1.13,       2.32
    0,    35,     2,      29.28,      30.75,       0.00,    15932.0,       1.21,       2.30
    0,    35,     3,      68.50,      72.45,       0.00,    17712.8,       1.12,       2.39
    0,    35,     4,      43.85,      72.71,       0.00,     7619.9,       1.15,       2.35
    0,    35,     5,      86.21,      73.80,       0.00,     8799.2,       1.11,       2.46
    0,    35,     6,     136.86,      74.59,       0.00,    13697.3,       1.16,       2.38
    0,    35,     7,     103.69,      78.08,       0.00,    10935.8,       1.12,       2.43
    0,    35,     8,      70.07,     111.03,       0.00,    12077.7,       1.14,       2.39
    0,    35,     9,     112.78,     130.96,       0.00,    15751.3,       1.18,       2.31
    0,    35,    10,      95.07,     137.80,       0.00,     9053.5,       1.13,       2.23
    0,    35,    11,     101.89,     163.92,       0.00,     7824.1,       1.15,       2.28
    0,    36,     1,       9.10,      14.34,       0.00,     2652.6,       1.12,       2.45
    0,    36,     2,      29.31,      30.72,       0.00,    16299.4,       1.21,       2.31
    0,    36,     3,      68.51,      72.45,       0.00,    17605.5,       1.14,       2.41
    0,    36,     4,      43.83,      72.76,       0.00,     7646.5,       1.17,       2.34
    0,    36,     5,      86.19,      73.74,       0.00,     8619.7,       1.11,       2.42
    0,    36,     6,     136.85,      74.52,       0.00,    13569.7,       1.15,       2.38
    0,    36,     7,     103.65,      78.04,       0.00,    10733.7,       1.09,       2.38
    0,    36,     8,      70.07,     111.05,       0.00,    11923.9,       1.18,       2.36
    0,    36,     9,     112.77,     130.96,       0.00,    15508.0,       1.17,       2.28
    0,    36,    10,      95.08,     137.86,       0.00,     9249.7,       1.14,       2.33
    0,    36,    11,     101.87,     164.00,       0.00,     8121.2,       1.16,       2.37
    0,    37,     1,       9.11,      14.26,       0.00,     2477.2,       1.08,       2.42
    0,    37,     2,      29.29,      30.77,       0.00,    16024.4,       1.20,       2.30
    0,    37,     3,      68.53,      72.47,       0.00,    17353.1,       1.13,       2.38
    0,    37,     4,      43.83,      72.72,       0.00,     7916.1,       1.16,       2.38
    0,    37,     5,      86.20,      73.69,       0.00,     8635.2,       1.12,       2.39
    0,    37,     6,     136.89,      74.55,       0.00,    14004.3,       1.17,       2.44
    0,    37,     7,     103.69,      78.08,       0.00,    11028.9,       1.12,       2.43
    0,    37,     8,      70.07,     111.07,       0.00,    11957.4,       1.13,       2.30
    0,    37,     9,     112.78,     130.92,       0.00,    15341.4,       1.18,       2.28
    0,    37,    10,      95.07,     137.84,       0.00,     9122.8,       1.16,       2.33
    0,    37,    11,     101.89,     163.90,       0.00,     8006.5,       1.14,       2.25
    0,    38,     1,       9.10,      14.29,       0.00,     2493.4,       1.14,       2.37
    0,    38,     2,      29.30,      30.73,       0.00,    16220.6,       1.20,       2.29
    0,    38,     3,      68.50,      72.42,       0.00,    17710.2,       1.14,       2.39
    0,    38,     4,      43.82,      72.68,       0.00,     7715.5,       1.15,       2.39
    0,    38,     5,      86.19,      73.76,       0.00,     8531.9,       1.11,       2.40
    0,    38,     6,     136.87,      74.53,       0.00,    13788.8,       1.15,       2.38
    0,    38,     7,     103.64,      78.07,       0.00,    10985.7,       1.11,       2.43
    0,    38,     8,      70.09,     111.03,       0.00,    11647.4,       1.15,       2.32
    0,    38,     9,     112.78,     130.96,       0.00,    15591.5,       1.20,       2.29
    0,    38,    10,      95.07,     137.84,       0.00,     9213.0,       1.15,       2.38
    0,    38,    11,     101.90,     163.94,       0.00,     7872.3,       1.12,       2.32
    0,    39,     1,       9.08,      14.22,       0.00,     2496.7,       1.12,       2.45
    0,    39,     2,      29.32,      30.72,       0.00,    16372.1,       1.21,       2.30
    0,    39,     3,      68.52,      72.50,       0.00,    17764.4,       1.14,       2.40
    0,    39,     4,      43.83,      72.73,       0.00,     7586.2,       1.16,       2.31
    0,    39,     5,      86.21,      73.71,       0.00,     8855.0,       1.12,       2.44
    0,    39,     6,     136.86,      74.54,       0.00,    13696.8,       1.16,       2.40
    0,    39,     7,     103.67,      78.10,       0.00,    11082.0,       1.11,       2.38
    0,    39,     8,      70.06,     111.05,       0.00,    11942.0,       1.18,       2.34
    0,    39,     9,     112.78,     130.98,       0.00,    15490.7,       1.17,       2.31
    0,    39,    10,      95.06,     137.83,       0.00,     9309.3,       1.13,       2.38
    0,    39,    11,     101.90,     163.87,       0.00,     7994.3,       1.16,       2.27
