#stackID(UINT32), frameID(UINT32), eventID(UINT32), x0(float), y0(float), z0(float), photon_count0(float), sigmaX0(float), sigmaY0(float) 
    0,     0,     1,       7.82,      15.19,       0.00,     2442.0,       2.49,       1.09
    0,     0,     2,      28.27,      31.48,       0.00,    14523.5,       2.55,       1.13
    0,     0,     3,      67.69,      73.33,       0.00,    16384.4,       2.54,       1.11
    0,     0,     4,      42.92,      73.59,       0.00,     7280.5,       2.47,       1.07
    0,     0,     5,      85.38,      74.45,       0.00,     7836.4,       2.36,       1.04
    0,     0,     6,     136.10,      75.31,       0.00,    13048.6,       2.56,       1.09
    0,     0,     7,     102.79,      78.87,       0.00,    10934.6,       2.49,       1.08
    0,     0,     8,      69.18,     111.82,       0.00,    11239.1,       2.54,       1.10
    0,     0,     9,     111.88,     131.79,       0.00,    13862.7,       2.54,       1.10
    0,     0,    10,      94.19,     138.66,       0.00,     8967.8,       2.45,       1.09
    0,     0,    11,     101.11,     164.78,       0.00,     7484.0,       2.51,       1.10
    0,     1,     1,       7.95,      15.16,       0.00,     2492.5,       2.42,       1.05
    0,     1,     2,      28.33,      31.49,       0.00,    14213.9,       2.54,       1.11
    0,     1,     3,      67.68,      73.35,       0.00,    16180.4,       2.53,       1.10
    0,     1,     4,      42.86,      73.57,       0.00,     7117.1,       2.45,       1.06
    0,     1,     5,      85.37,      74.46,       0.00,     7683.6,       2.38,       1.04
    0,     1,     6,     136.15,      75.33,       0.00,    12930.9,       2.48,       1.11
    0,     1,     7,     102.83,      78.87,       0.00,    10766.1,       2.42,       1.08
    0,     1,     8,      69.21,     111.83,       0.00,    11126.3,       2.52,       1.13
    0,     1,     9,     111.85,     131.79,       0.00,    13596.4,       2.58,       1.09
    0,     1,    10,      94.28,     138.64,       0.00,     8794.4,       2.43,       1.10
    0,     1,    11,     101.01,     164.75,       0.00,     7154.6,       2.49,       1.08
    0,     2,     1,       7.87,      15.12,       0.00,     2516.1,       2.44,       1.07
    0,     2,     2,      28.33,      31.49,       0.00,    14149.5,       2.57,       1.10
    0,     2,     3,      67.73,      73.31,       0.00,    16168.0,       2.55,       1.10
    0,     2,     4,      42.94,      73.59,       0.00,     6893.7,       2.47,       1.06
    0,     2,     5,      85.39,      74.47,       0.00,     7684.0,       2.41,       1.08
    0,     2,     6,     136.08,      75.32,       0.00,    12589.7,       2.53,       1.11
    0,     2,     7,     102.82,      78.87,       0.00,    10882.5,       2.43,       1.08
    0,     2,     8,      69.23,     111.83,       0.00,    10642.9,       2.50,       1.10
    0,     2,     9,     111.92,     131.80,       0.00,    13467.7,       2.55,       1.09
    0,     2,    10,      94.29,     138.64,       0.00,     8783.9,       2.47,       1.08
    0,     2,    11,     101.10,     164.74,       0.00,     7040.4,       2.44,       1.09
    0,     3,     1,       8.02,      15.18,       0.00,     2437.9,       2.30,       1.09
    0,     3,     2,      28.33,      31.46,       0.00,    13897.1,       2.52,       1.09
    0,     3,     3,      67.71,      73.34,       0.00,    15847.2,       2.51,       1.09
    0,     3,     4,      42.97,      73.60,       0.00,     6901.8,       2.45,       1.05
    0,     3,     5,      85.33,      74.48,       0.00,     7826.1,       2.45,       1.07
    0,     3,     6,     136.13,      75.31,       0.00,    12664.7,       2.54,       1.10
    0,     3,     7,     102.78,      78.87,       0.00,    10635.7,       2.43,       1.06
    0,     3,     8,      69.24,     111.82,       0.00,    11001.5,       2.57,       1.12
    0,     3,     9,     111.88,     131.80,       0.00,    13669.5,       2.55,       1.12
    0,     3,    10,      94.20,     138.64,       0.00,     8769.4,       2.42,       1.09
    0,     3,    11,     100.98,     164.77,       0.00,     7073.1,       2.45,       1.06
    0,     4,     1,       7.93,      15.12,       0.00,     2498.5,       2.54,       1.05
    0,     4,     2,      28.33,      31.47,       0.00,    13897.6,       2.57,       1.13
    0,     4,     3,      67.71,      73.33,       0.00,    16052.7,       2.51,       1.11
    0,     4,     4,      42.92,      73.58,       0.00,     6983.3,       2.51,       1.07
    0,     4,     5,      85.40,      74.49,       0.00,     7293.3,       2.36,       1.06
    0,     4,     6,     136.06,      75.34,       0.00,    12677.7,       2.57,       1.08
    0,     4,     7,     102.82,      78.87,       0.00,    10561.4,       2.42,       1.07
    0,     4,     8,      69.26,     111.82,       0.00,    10758.1,       2.52,       1.11
    0,     4,     9,     111.86,     131.79,       0.00,    13566.9,       2.55,       1.10
    0,     4,    10,      94.25,     138.63,       0.00,     8761.9,       2.50,       1.09
    0,     4,    11,     101.10,     164.78,       0.00,     7111.8,       2.46,       1.09
    0,     5,     1,       7.94,      15.19,       0.00,     2293.9,       2.50,       1.02
    0,     5,     2,      28.32,      31.48,       0.00,    13869.6,       2.56,       1.11
    0,     5,     3,      67.71,      73.32,       0.00,    15870.4,       2.47,       1.10
    0,     5,     4,      43.00,      73.61,       0.00,     6883.3,       2.45,       1.07
    0,     5,     5,      85.35,      74.48,       0.00,     7221.2,       2.47,       1.07
    0,     5,     6,     136.11,      75.33,       0.00,    12716.6,       2.52,       1.11
    0,     5,     7,     102.83,      78.89,       0.00,    10508.4,       2.45,       1.07
    0,     5,     8,      69.19,     111.83,       0.00,    10614.7,       2.50,       1.08
    0,     5,     9,     111.92,     131.77,       0.00,    13315.5,       2.52,       1.11
    0,     5,    10,      94.22,     138.64,       0.00,     8353.5,       2.39,       1.08
    0,     5,    11,     101.05,     164.77,       0.00,     7174.0,       2.45,       1.07
    0,     6,     1,       7.93,      15.16,       0.00,     2375.3,       2.49,       1.08
    0,     6,     2,      28.31,      31.49,       0.00,    13896.2,       2.58,       1.13
    0,     6,     3,      67.73,      73.31,       0.00,    16029.2,       2.54,       1.11
    0,     6,     4,      42.96,      73.60,       0.00,     6766.5,       2.52,       1.06
    0,     6,     5,      85.37,      74.49,       0.00,     7401.4,       2.36,       1.01
    0,     6,     6,     136.12,      75.31,       0.00,    12686.9,       2.52,       1.10
    0,     6,     7,     102.77,      78.87,       0.00,    10687.1,       2.43,       1.08
    0,     6,     8,      69.20,     111.84,       0.00,    10676.2,       2.49,       1.08
    0,     6,     9,     111.92,     131.78,       0.00,    13287.0,       2.54,       1.13
    0,     6,    10,      94.22,     138.62,       0.00,     8287.2,       2.42,       1.08
    0,     6,    11,     101.11,     164.75,       0.00,     7135.7,       2.45,       1.10
    0,     7,     1,       7.94,      15.20,       0.00,     2287.4,       2.46,       1.02
    0,     7,     2,      28.32,      31.48,       0.00,    13944.3,       2.61,       1.11
    0,     7,     3,      67.66,      73.32,       0.00,    15422.5,       2.49,       1.09
    0,     7,     4,      42.96,      73.57,       0.00,     6686.8,       2.46,       1.05
    0,     7,     5,      85.32,      74.50,       0.00,     7489.2,       2.42,       1.06
    0,     7,     6,     136.11,      75.31,       0.00,    12630.3,       2.54,       1.07
    0,     7,     7,     102.85,      78.86,       0.00,    10641.5,       2.42,       1.08
    0,     7,     8,      69.24,     111.81,       0.00,    10498.5,       2.54,       1.07
    0,     7,     9,     111.87,     131.82,       0.00,    13312.6,       2.59,       1.11
    0,     7,    10,      94.20,     138.64,       0.00,     8818.2,       2.60,       1.10
    0,     7,    11,     101.05,     164.75,       0.00,     7004.8,       2.46,       1.07
    0,     8,     1,       7.92,      15.17,       0.00,     2363.7,       2.43,       1.09
    0,     8,     2,      28.29,      31.47,       0.00,    13907.3,       2.51,       1.13
    0,     8,     3,      67.68,      73.34,       0.00,    15479.9,       2.52,       1.10
    0,     8,     4,      42.95,      73.59,       0.00,     6794.5,       2.50,       1.03
    0,     8,     5,      85.34,      74.47,       0.00,     7459.4,       2.39,       1.06
    0,     8,     6,     136.07,      75.33,       0.00,    12625.2,       2.47,       1.09
    0,     8,     7,     102.79,      78.90,       0.00,    10719.9,       2.46,       1.09
    0,     8,     8,      69.21,     111.83,       0.00,    10599.3,       2.53,       1.09
    0,     8,     9,     111.85,     131.78,       0.00,    13305.3,       2.59,       1.10
    0,     8,    10,      94.25,     138.64,       0.00,     8291.1,       2.48,       1.08
    0,     8,    11,     101.08,     164.73,       0.00,     6953.0,       2.43,       1.05
    0,     9,     1,       7.86,      15.21,       0.00,     2337.7,       2.47,       1.09
    0,     9,     2,      28.27,      31.46,       0.00,    13895.4,       2.57,       1.11
    0,     9,     3,      67.68,      73.32,       0.00,    15459.5,       2.53,       1.08
    0,     9,     4,      42.94,      73.63,       0.00,     6707.4,       2.53,       1.09
    0,     9,     5,      85.31,      74.48,       0.00,     7225.5,       2.38,       1.06
    0,     9,     6,     136.09,      75.33,       0.00,    12504.6,       2.50,       1.06
    0,     9,     7,     102.80,      78.89,       0.00,    10311.9,       2.43,       1.05
    0,     9,     8,      69.22,     111.82,       0.00,    10422.3,       2.50,       1.07
    0,     9,     9,     111.89,     131.81,       0.00,    12976.2,       2.51,       1.11
    0,     9,    10,      94.23,     138.62,       0.00,     8490.0,       2.49,       1.09
    0,     9,    11,     101.05,     164.75,       0.00,     7030.7,       2.45,       1.09
    0,    10,     1,       7.95,      15.20,       0.00,     2397.6,       2.56,       1.11
    0,    10,     2,      28.31,      31.48,       0.00,    13792.3,       2.51,       1.12
    0,    10,     3,      67.67,      73.34,       0.00,    15288.8,       2.53,       1.08
    0,    10,     4,      42.96,      73.55,       0.00,     6788.2,       2.49,       1.05
    0,    10,     5,      85.39,      74.46,       0.00,     7147.4,       2.42,       1.05
    0,    10,     6,     136.13,      75.32,       0.00,    12803.8,       2.56,       1.09
    0,    10,     7,     102.81,      78.89,       0.00,    10110.6,       2.45,       1.06
    0,    10,     8,      69.25,     111.84,       0.00,    10737.3,       2.59,       1.11
    0,    10,     9,     111.90,     131.79,       0.00,    13384.8,       2.61,       1.10
    0,    10,    10,      94.27,     138.63,       0.00,     8217.5,       2.41,       1.07
    0,    10,    11,     101.08,     164.77,       0.00,     7037.2,       2.43,       1.08
    0,    11,     1,       8.00,      15.16,       0.00,     2340.2,       2.34,       1.05
    0,    11,     2,      28.35,      31.48,       0.00,    13758.3,       2.55,       1.11
    0,    11,     3,      67.66,      73.33,       0.00,    15732.1,       2.55,       1.10
    0,    11,     4,      43.01,      73.58,       0.00,     7113.6,       2.55,       1.09
    0,    11,     5,      85.31,      74.49,       0.00,     7413.6,       2.39,       1.06
    0,    11,     6,     136.16,      75.32,       0.00,    12639.7,       2.55,       1.11
    0,    11,     7,     102.75,      78.88,       0.00,    10091.1,       2.41,       1.09
    0,    11,     8,      69.29,     111.83,       0.00,    10481.4,       2.55,       1.07
    0,    11,     9,     111.89,     131.83,       0.00,    13263.8,       2.53,       1.10
    0,    11,    10,      94.26,     138.62,       0.00,     8460.7,       2.49,       1.11
    0,    11,    11,     101.08,     164.75,       0.00,     7008.7,       2.46,       1.10
    0,    12,     1,       7.89,      15.15,       0.00,     2361.4,       2.36,       1.02
    0,    12,     2,      28.30,      31.48,       0.00,    13758.6,       2.54,       1.12
    0,    12,     3,      67.66,      73.32,       0.00,    15617.2,       2.51,       1.10
    0,    12,     4,      42.98,      73.60,       0.00,     6860.9,       2.51,       1.02
    0,    12,     5,      85.39,      74.49,       0.00,     7242.1,       2.34,       1.03
    0,    12,     6,     136.16,      75.34,       0.00,    12544.3,       2.53,       1.08
    0,    12,     7,     102.82,      78.88,       0.00,    10547.5,       2.47,       1.09
    0,    12,     8,      69.22,     111.83,       0.00,    10349.7,       2.46,       1.10
    0,    12,     9,     111.83,     131.81,       0.00,    12941.0,       2.51,       1.10
    0,    12,    10,      94.25,     138.65,       0.00,     8369.5,       2.48,       1.10
    0,    12,    11,     101.04,     164.76,       0.00,     6854.5,       2.40,       1.08
    0,    13,     1,       7.76,      15.21,       0.00,     2445.9,       2.63,       1.04
    0,    13,     2,      28.35,      31.47,       0.00,    13878.6,       2.55,       1.11
    0,    13,     3,      67.70,      73.32,       0.00,    15626.6,       2.50,       1.11
    0,    13,     4,      42.95,      73.56,       0.00,     6761.6,       2.46,       1.07
    0,    13,     5,      85.38,      74.48,       0.00,     7345.0,       2.38,       1.06
    0,    13,     6,     136.14,      75.32,       0.00,    12484.3,       2.53,       1.10
    0,    13,     7,     102.84,      78.87,       0.00,    10265.9,       2.38,       1.07
    0,    13,     8,      69.24,     111.81,       0.00,    10568.6,       2.57,       1.11
    0,    13,     9,     111.92,     131.78,       0.00,    13238.8,       2.56,       1.09
    0,    13,    10,      94.26,     138.63,       0.00,     8345.5,       2.45,       1.08
    0,    13,    11,     101.06,     164.71,       0.00,     6949.9,       2.44,       1.08
    0,    14,     1,       7.88,      15.19,       0.00,     2364.8,       2.41,       1.08
    0,    14,     2,      28.31,      31.49,       0.00,    13759.4,       2.53,       1.14
    0,    14,     3,      67.62,      73.31,       0.00,    15516.8,       2.51,       1.10
    0,    14,     4,      42.95,      73.60,       0.00,     6891.1,       2.44,       1.06
    0,    14,     5,      85.40,      74.44,       0.00,     7335.4,       2.42,       1.05
    0,    14,     6,     136.12,      75.30,       0.00,    12481.0,       2.52,       1.10
    0,    14,     7,     102.84,      78.89,       0.00,    10219.6,       2.48,       1.07
    0,    14,     8,      69.25,     111.80,       0.00,    10594.2,       2.56,       1.12
    0,    14,     9,     111.87,     131.81,       0.00,    13082.1,       2.58,       1.09
    0,    14,    10,      94.20,     138.63,       0.00,     8754.5,       2.48,       1.11
    0,    14,    11,     101.07,     164.77,       0.00,     6798.7,       2.38,       1.09
    0,    15,     1,       8.00,      15.10,       0.00,     2359.8,       2.48,       1.06
    0,    15,     2,      28.32,      31.48,       0.00,    13898.9,       2.53,       1.14
    0,    15,     3,      67.69,      73.34,       0.00,    15645.1,       2.49,       1.11
    0,    15,     4,      42.86,      73.63,       0.00,     6884.5,       2.48,       1.05
    0,    15,     5,      85.34,      74.47,       0.00,     7190.2,       2.32,       1.06
    0,    15,     6,     136.15,      75.31,       0.00,    12656.9,       2.50,       1.09
    0,    15,     7,     102.82,      78.90,       0.00,    10114.7,       2.44,       1.06
    0,    15,     8,      69.24,     111.82,       0.00,    10313.1,       2.47,       1.10
    0,    15,     9,     111.89,     131.78,       0.00,    13288.9,       2.57,       1.10
    0,    15,    10,      94.26,     138.63,       0.00,     8462.2,       2.52,       1.09
    0,    15,    11,     101.07,     164.76,       0.00,     6900.4,       2.45,       1.08
    0,    16,     1,       7.83,      15.16,       0.00,     2442.8,       2.62,       1.05
    0,    16,     2,      28.34,      31.47,       0.00,    13856.9,       2.60,       1.14
    0,    16,     3,      67.72,      73.34,       0.00,    15590.9,       2.54,       1.09
    0,    16,     4,      42.93,      73.60,       0.00,     6960.8,       2.49,       1.06
    0,    16,     5,      85.36,      74.47,       0.00,     7832.5,       2.41,       1.08
    0,    16,     6,     136.09,      75.31,       0.00,    12546.0,       2.55,       1.09
    0,    16,     7,     102.76,      78.86,       0.00,     9908.6,       2.43,       1.06
    0,    16,     8,      69.29,     111.83,       0.00,    10478.8,       2.58,       1.12
    0,    16,     9,     111.90,     131.79,       0.00,    13424.4,       2.54,       1.11
    0,    16,    10,      94.22,     138.64,       0.00,     8453.6,       2.44,       1.12
    0,    16,    11,     101.08,     164.73,       0.00,     6936.0,       2.44,       1.06
    0,    17,     1,       7.87,      15.17,       0.00,     2429.1,       2.48,       1.11
    0,    17,     2,      28.30,      31.47,       0.00,    14078.8,       2.57,       1.13
    0,    17,     3,      67.69,      73.34,       0.00,    15572.4,       2.50,       1.08
    0,    17,     4,      43.00,      73.60,       0.00,     6912.1,       2.48,       1.07
    0,    17,     5,      85.43,      74.45,       0.00,     7385.4,       2.43,       1.08
    0,    17,     6,     136.12,      75.33,       0.00,    12514.7,       2.51,       1.10
    0,    17,     7,     102.77,      78.89,       0.00,    10137.5,       2.43,       1.07
    0,    17,     8,      69.27,     111.82,       0.00,    10320.5,       2.50,       1.10
    0,    17,     9,     111.85,     131.81,       0.00,    13168.1,       2.59,       1.11
    0,    17,    10,      94.28,     138.61,       0.00,     8589.5,       2.45,       1.10
    0,    17,    11,     101.05,     164.76,       0.00,     6936.0,       2.47,       1.10
    0,    18,     1,       7.97,      15.17,       0.00,     2232.4,       2.43,       1.05
    0,    18,     2,      28.30,      31.48,       0.00,    14053.2,       2.63,       1.13
    0,    18,     3,      67.65,      73.33,       0.00,    15652.4,       2.51,       1.10
    0,    18,     4,      42.94,      73.59,       0.00,     6740.6,       2.45,       1.06
    0,    18,     5,      85.47,      74.47,       0.00,     7350.4,       2.40,       1.07
    0,    18,     6,     136.10,      75.33,       0.00,    12265.7,       2.51,       1.09
    0,    18,     7,     102.83,      78.87,       0.00,    10112.1,       2.45,       1.06
    0,    18,     8,      69.23,     111.81,       0.00,    10721.1,       2.57,       1.10
    0,    18,     9,     111.91,     131.79,       0.00,    12868.3,       2.53,       1.08
    0,    18,    10,      94.25,     138.62,       0.00,     8482.5,       2.48,       1.10
    0,    18,    11,     101.07,     164.74,       0.00,     6969.8,       2.44,       1.08
    0,    19,     1,       8.02,      15.11,       0.00,     2370.3,       2.48,       1.10
    0,    19,     2,      28.32,      31.49,       0.00,    13536.0,       2.58,       1.11
    0,    19,     3,      67.65,      73.32,       0.00,    15152.1,       2.51,       1.08
    0,    19,     4,      42.92,      73.63,       0.00,     6843.4,       2.54,       1.09
    0,    19,     5,      85.36,      74.46,       0.00,     7196.4,       2.42,       1.06
    0,    19,     6,     136.11,      75.30,       0.00,    12303.3,       2.50,       1.10
    0,    19,     7,     102.88,      78.87,       0.00,    10035.6,       2.44,       1.07
    0,    19,     8,      69.24,     111.85,       0.00,    10656.0,       2.52,       1.11
    0,    19,     9,     111.88,     131.81,       0.00,    12734.4,       2.55,       1.11
    0,    19,    10,      94.27,     138.64,       0.00,     8298.4,       2.51,       1.11
    0,    19,    11,     100.99,     164.75,       0.00,     7037.5,       2.48,       1.10
    0,    20,     1,      28.36,      31.48,       0.00,    13738.2,       2.61,       1.14
    0,    20,     2,      67.65,      73.32,       0.00,    15483.6,       2.54,       1.07
    0,    20,     3,      42.93,      73.62,       0.00,     6708.6,       2.47,       1.07
    0,    20,     4,      85.35,      74.46,       0.00,     7112.2,       2.42,       1.04
    0,    20,     5,     136.14,      75.32,       0.00,    12334.3,       2.47,       1.08
    0,    20,     6,     102.85,      78.87,       0.00,    10116.9,       2.45,       1.08
    0,    20,     7,      69.22,     111.82,       0.00,    10290.4,       2.50,       1.10
    0,    20,     8,     111.88,     131.79,       0.00,    12962.4,       2.58,       1.10
    0,    20,     9,      94.26,     138.64,       0.00,     8393.8,       2.50,       1.09
    0,    20,    10,     101.09,     164.73,       0.00,     6708.4,       2.44,       1.08
    0,    21,     1,       7.92,      15.18,       0.00,     2527.6,       2.60,       1.06
    0,    21,     2,      28.34,      31.49,       0.00,    13548.3,       2.55,       1.11
    0,    21,     3,      67.67,      73.32,       0.00,    15265.9,       2.49,       1.08
    0,    21,     4,      42.96,      73.62,       0.00,     6791.1,       2.42,       1.05
    0,    21,     5,      85.36,      74.48,       0.00,     7116.3,       2.38,       1.06
    0,    21,     6,     136.11,      75.30,       0.00,    12350.9,       2.53,       1.11
    0,    21,     7,     102.85,      78.87,       0.00,     9936.0,       2.43,       1.07
    0,    21,     8,      69.24,     111.81,       0.00,    10525.5,       2.54,       1.10
    0,    21,     9,     111.87,     131.77,       0.00,    12748.1,       2.59,       1.10
    0,    21,    10,      94.27,     138.61,       0.00,     8206.5,       2.47,       1.08
    0,    21,    11,     101.03,     164.77,       0.00,     6885.9,       2.50,       1.08
    0,    22,     1,       7.91,      15.19,       0.00,     2350.3,       2.30,       1.00
    0,    22,     2,      28.28,      31.48,       0.00,    13564.6,       2.54,       1.10
    0,    22,     3,      67.70,      73.32,       0.00,    15264.3,       2.47,       1.09
    0,    22,     4,      42.87,      73.58,       0.00,     6704.2,       2.39,       1.07
    0,    22,     5,      85.34,      74.47,       0.00,     7072.0,       2.41,       1.05
    0,    22,     6,     136.13,      75.29,       0.00,    12212.2,       2.52,       1.08
    0,    22,     7,     102.79,      78.86,       0.00,     9917.6,       2.39,       1.06
    0,    22,     8,      69.29,     111.78,       0.00,    10669.8,       2.57,       1.09
    0,    22,     9,     111.92,     131.78,       0.00,    12753.9,       2.56,       1.09
    0,    22,    10,      94.22,     138.65,       0.00,     8493.3,       2.49,       1.09
    0,    22,    11,     101.00,     164.75,       0.00,     6707.8,       2.40,       1.07
    0,    23,     1,       7.89,      15.17,       0.00,     2343.1,       2.57,       1.09
    0,    23,     2,      28.31,      31.47,       0.00,    13879.6,       2.59,       1.12
    0,    23,     3,      67.67,      73.35,       0.00,    15324.6,       2.46,       1.12
    0,    23,     4,      42.97,      73.58,       0.00,     6751.8,       2.57,       1.03
    0,    23,     5,      85.36,      74.47,       0.00,     6980.2,       2.43,       1.02
    0,    23,     6,     136.09,      75.31,       0.00,    12632.4,       2.55,       1.11
    0,    23,     7,     102.84,      78.88,       0.00,    10182.1,       2.45,       1.05
    0,    23,     8,      69.30,     111.80,       0.00,    10277.4,       2.55,       1.08
    0,    23,     9,     111.85,     131.81,       0.00,    13007.0,       2.60,       1.09
    0,    23,    10,      94.28,     138.62,       0.00,     8277.7,       2.48,       1.07
    0,    23,    11,     101.11,     164.73,       0.00,     6851.7,       2.48,       1.07
    0,    24,     1,       7.91,      15.14,       0.00,     2421.9,       2.59,       1.06
    0,    24,     2,      28.28,      31.46,       0.00,    13457.5,       2.53,       1.12
    0,    24,     3,      67.66,      73.31,       0.00,    15616.4,       2.53,       1.10
    0,    24,     4,      42.92,      73.64,       0.00,     6676.4,       2.56,       1.09
    0,    24,     5,      85.39,      74.48,       0.00,     7414.1,       2.42,       1.08
    0,    24,     6,     136.12,      75.33,       0.00,    12248.6,       2.54,       1.08
    0,    24,     7,     102.81,      78.86,       0.00,    10228.2,       2.47,       1.09
    0,    24,     8,      69.27,     111.82,       0.00,    10043.0,       2.47,       1.06
    0,    24,     9,     111.92,     131.77,       0.00,    12698.6,       2.57,       1.10
    0,    24,    10,      94.18,     138.63,       0.00,     8422.5,       2.46,       1.06
    0,    24,    11,     101.03,     164.76,       0.00,     7066.8,       2.48,       1.08
    0,    25,     1,       7.90,      15.20,       0.00,     2243.2,       2.31,       1.04
    0,    25,     2,      28.32,      31.48,       0.00,    13628.3,       2.52,       1.12
    0,    25,     3,      67.73,      73.31,       0.00,    15178.1,       2.51,       1.09
    0,    25,     4,      42.93,      73.59,       0.00,     6467.1,       2.45,       1.07
    0,    25,     5,      85.30,      74.46,       0.00,     7135.6,       2.42,       1.06
    0,    25,     6,     136.10,      75.31,       0.00,    12715.6,       2.61,       1.10
    0,    25,     7,     102.84,      78.84,       0.00,    10189.8,       2.41,       1.07
    0,    25,     8,      69.32,     111.83,       0.00,    10501.5,       2.52,       1.10
    0,    25,     9,     111.87,     131.78,       0.00,    12994.2,       2.52,       1.11
    0,    25,    10,      94.20,     138.62,       0.00,     8249.4,       2.47,       1.09
    0,    25,    11,     101.05,     164.75,       0.00,     6903.5,       2.47,       1.07
    0,    26,     1,       7.90,      15.17,       0.00,     2446.8,       2.60,       1.06
    0,    26,     2,      28.33,      31.47,       0.00,    13357.3,       2.56,       1.11
    0,    26,     3,      67.66,      73.34,       0.00,    15448.5,       2.53,       1.11
    0,    26,     4,      42.98,      73.57,       0.00,     6783.4,       2.48,       1.06
    0,    26,     5,      85.35,      74.44,       0.00,     7208.9,       2.43,       1.09
    0,    26,     6,     136.12,      75.32,       0.00,    12400.0,       2.50,       1.09
    0,    26,     7,     102.81,      78.88,       0.00,     9871.8,       2.36,       1.08
    0,    26,     8,      69.30,     111.78,       0.00,    10064.0,       2.51,       1.09
    0,    26,     9,     111.88,     131.79,       0.00,    12692.1,       2.58,       1.10
    0,    26,    10,      94.32,     138.62,       0.00,     8216.0,       2.48,       1.07
    0,    26,    11,     101.04,     164.73,       0.00,     6916.5,       2.48,       1.10
    0,    27,     1,       7.92,      15.19,       0.00,     2439.8,       2.33,       1.12
    0,    27,     2,      28.26,      31.46,       0.00,    13421.2,       2.56,       1.12
    0,    27,     3,      67.68,      73.33,       0.00,    15343.9,       2.58,       1.08
    0,    27,     4,      43.02,      73.59,       0.00,     6729.0,       2.45,       1.08
    0,    27,     5,      85.35,      74.46,       0.00,     7498.3,       2.42,       1.07
    0,    27,     6,     136.11,      75.31,       0.00,    12495.5,       2.53,       1.10
    0,    27,     7,     102.83,      78.88,       0.00,    10093.1,       2.40,       1.06
    0,    27,     8,      69.26,     111.81,       0.00,    10630.4,       2.53,       1.07
    0,    27,     9,     111.94,     131.78,       0.00,    12826.7,       2.53,       1.11
    0,    27,    10,      94.22,     138.63,       0.00,     8099.0,       2.43,       1.08
    0,    27,    11,     101.06,     164.75,       0.00,     6989.3,       2.42,       1.09
    0,    28,     1,      28.32,      31.48,       0.00,    13573.7,       2.52,       1.12
    0,    28,     2,      67.71,      73.33,       0.00,    15295.9,       2.51,       1.09
    0,    28,     3,      42.95,      73.58,       0.00,     6694.1,       2.55,       1.04
    0,    28,     4,      85.39,      74.46,       0.00,     7190.6,       2.39,       1.03
    0,    28,     5,     136.08,      75.33,       0.00,    12139.9,       2.53,       1.08
    0,    28,     6,     102.84,      78.86,       0.00,    10085.8,       2.44,       1.08
    0,    28,     7,      69.26,     111.82,       0.00,    10545.4,       2.52,       1.09
    0,    28,     8,     111.91,     131.75,       0.00,    12807.7,       2.54,       1.10
    0,    28,     9,      94.29,     138.63,       0.00,     8457.3,       2.50,       1.09
    0,    28,    10,     101.09,     164.76,       0.00,     6810.2,       2.42,       1.07
    0,    29,     1,       8.08,      15.12,       0.00,     2336.0,       2.39,       1.04
    0,    29,     2,      28.35,      31.48,       0.00,    14006.5,       2.57,       1.12
    0,    29,     3,      67.66,      73.33,       0.00,    15701.2,       2.55,       1.10
    0,    29,     4,      43.01,      73.57,       0.00,     6939.2,       2.48,       1.06
    0,    29,     5,      85.36,      74.47,       0.00,     7557.0,       2.45,       1.07
    0,    29,     6,     136.06,      75.31,       0.00,    12274.0,       2.50,       1.10
    0,    29,     7,     102.80,      78.90,       0.00,    10053.8,       2.43,       1.07
    0,    29,     8,      69.29,     111.83,       0.00,    10451.2,       2.52,       1.08
    0,    29,     9,     111.89,     131.79,       0.00,    12593.1,       2.54,       1.09
    0,    29,    10,      94.24,     138.63,       0.00,     8278.8,       2.42,       1.09
    0,    29,    11,     101.09,     164.72,       0.00,     6932.8,       2.53,       1.11
    0,    30,     1,       7.98,      15.16,       0.00,     2416.9,       2.50,       1.03
    0,    30,     2,      28.35,      31.49,       0.00,    13459.2,       2.53,       1.12
    0,    30,     3,      67.70,      73.32,       0.00,    15342.1,       2.52,       1.10
    0,    30,     4,      42.93,      73.60,       0.00,     6715.9,       2.47,       1.03
    0,    30,     5,      85.35,      74.44,       0.00,     7391.7,       2.43,       1.06
    0,    30,     6,     136.17,      75.31,       0.00,    12370.5,       2.54,       1.11
    0,    30,     7,     102.86,      78.87,       0.00,    10017.0,       2.44,       1.07
    0,    30,     8,      69.31,     111.80,       0.00,    10400.1,       2.49,       1.08
    0,    30,     9,     111.94,     131.79,       0.00,    12841.3,       2.60,       1.10
    0,    30,    10,      94.21,     138.62,       0.00,     8227.2,       2.44,       1.06
    0,    30,    11,     101.04,     164.75,       0.00,     6786.9,       2.50,       1.09
    0,    31,     1,       7.80,      15.20,       0.00,     2396.2,       2.44,       1.10
    0,    31,     2,      28.36,      31.48,       0.00,    13413.6,       2.55,       1.11
    0,    31,     3,      67.71,      73.34,       0.00,    15597.6,       2.48,       1.10
    0,    31,     4,      42.97,      73.58,       0.00,     6705.7,       2.45,       1.04
    0,    31,     5,      85.38,      74.46,       0.00,     7260.1,       2.38,       1.03
    0,    31,     6,     136.13,      75.30,       0.00,    12270.7,       2.46,       1.10
    0,    31,     7,     102.89,      78.85,       0.00,     9942.7,       2.39,       1.06
    0,    31,     8,      69.33,     111.78,       0.00,    10171.2,       2.49,       1.08
    0,    31,     9,     111.91,     131.79,       0.00,    12805.9,       2.52,       1.11
    0,    31,    10,      94.24,     138.61,       0.00,     8322.6,       2.48,       1.05
    0,    31,    11,     101.01,     164.76,       0.00,     6925.6,       2.42,       1.10
    0,    32,     1,       8.15,      15.11,       0.00,     2420.7,       2.39,       1.07
    0,    32,     2,      28.35,      31.47,       0.00,    13472.3,       2.52,       1.13
    0,    32,     3,      67.67,      73.34,       0.00,    15553.6,       2.48,       1.09
    0,    32,     4,      42.92,      73.60,       0.00,     6769.4,       2.50,       1.05
    0,    32,     5,      85.32,      74.46,       0.00,     7313.1,       2.39,       1.07
    0,    32,     6,     136.14,      75.29,       0.00,    12559.3,       2.51,       1.12
    0,    32,     7,     102.93,      78.83,       0.00,     9918.0,       2.41,       1.05
    0,    32,     8,      69.30,     111.79,       0.00,    10364.1,       2.53,       1.09
    0,    32,     9,     111.86,     131.79,       0.00,    12842.8,       2.56,       1.11
    0,    32,    10,      94.26,     138.61,       0.00,     8480.2,       2.44,       1.08
    0,    32,    11,     101.14,     164.76,       0.00,     6883.5,       2.46,       1.06
    0,    33,     1,       7.86,      15.12,       0.00,     2251.0,       2.26,       1.03
    0,    33,     2,      28.35,      31.46,       0.00,    13442.6,       2.57,       1.10
    0,    33,     3,      67.68,      73.34,       0.00,    15250.8,       2.49,       1.09
    0,    33,     4,      42.97,      73.58,       0.00,     6674.4,       2.49,       1.04
    0,    33,     5,      85.45,      74.47,       0.00,     7354.7,       2.38,       1.06
    0,    33,     6,     136.17,      75.31,       0.00,    12080.9,       2.47,       1.09
    0,    33,     7,     102.87,      78.89,       0.00,    10241.0,       2.43,       1.06
    0,    33,     8,      69.27,     111.82,       0.00,    10331.8,       2.49,       1.10
    0,    33,     9,     111.93,     131.79,       0.00,    12584.9,       2.53,       1.08
    0,    33,    10,      94.27,     138.63,       0.00,     8316.5,       2.40,       1.06
    0,    33,    11,     101.09,     164.74,       0.00,     6910.9,       2.41,       1.07
    0,    34,     1,       8.06,      15.15,       0.00,     2386.8,       2.49,       1.06
    0,    34,     2,      28.38,      31.45,       0.00,    13460.7,       2.54,       1.12
    0,    34,     3,      67.68,      73.33,       0.00,    15510.4,       2.51,       1.08
    0,    34,     4,      42.94,      73.59,       0.00,     6691.1,       2.52,       1.05
    0,    34,     5,      85.39,      74.46,       0.00,     7361.6,       2.35,       1.05
    0,    34,     6,     136.12,      75.30,       0.00,    12529.3,       2.52,       1.11
    0,    34,     7,     102.85,      78.88,       0.00,     9919.8,       2.39,       1.07
    0,    34,     8,      69.30,     111.82,       0.00,    10444.8,       2.53,       1.08
    0,    34,     9,     111.90,     131.80,       0.00,    12709.4,       2.57,       1.11
    0,    34,    10,      94.26,     138.61,       0.00,     8106.9,       2.41,       1.07
    0,    34,    11,     101.09,     164.75,       0.00,     7089.5,       2.47,       1.08
    0,    35,     1,       7.91,      15.13,       0.00,     2492.9,       2.60,       1.04
    0,    35,     2,      28.38,      31.49,       0.00,    13980.0,       2.63,       1.14
    0,    35,     3,      67.72,      73.34,       0.00,    15794.8,       2.52,       1.12
    0,    35,     4,      42.97,      73.59,       0.00,     6702.2,       2.47,       1.07
    0,    35,     5,      85.41,      74.50,       0.00,     7267.5,       2.37,       1.09
    0,    35,     6,     136.13,      75.31,       0.00,    12181.5,       2.50,       1.09
    0,    35,     7,     102.84,      78.86,       0.00,    10098.7,       2.44,       1.09
    0,    35,     8,      69.33,     111.81,       0.00,    10205.4,       2.48,       1.08
    0,    35,     9,     111.89,     131.79,       0.00,    12858.5,       2.51,       1.12
    0,    35,    10,      94.34,     138.62,       0.00,     8047.7,       2.40,       1.06
    0,    35,    11,     101.06,     164.75,       0.00,     6578.0,       2.41,       1.08
    0,    36,     1,       7.98,      15.19,       0.00,     2305.9,       2.52,       1.06
    0,    36,     2,      28.34,      31.46,       0.00,    13584.8,       2.55,       1.14
    0,    36,     3,      67.70,      73.33,       0.00,    15718.3,       2.51,       1.11
    0,    36,     4,      42.84,      73.60,       0.00,     6536.4,       2.44,       1.05
    0,    36,     5,      85.41,      74.47,       0.00,     7343.7,       2.36,       1.05
    0,    36,     6,     136.18,      75.29,       0.00,    12249.8,       2.50,       1.09
    0,    36,     7,     102.86,      78.85,       0.00,    10273.9,       2.40,       1.07
    0,    36,     8,      69.27,     111.81,       0.00,    10619.8,       2.54,       1.10
    0,    36,     9,     111.88,     131.77,       0.00,    12852.3,       2.52,       1.10
    0,    36,    10,      94.29,     138.61,       0.00,     8381.4,       2.43,       1.09
    0,    36,    11,     101.08,     164.80,       0.00,     6888.7,       2.48,       1.08
    0,    37,     1,       7.95,      15.16,       0.00,     2399.7,       2.44,       1.04
    0,    37,     2,      28.37,      31.47,       0.00,    13587.9,       2.55,       1.14
    0,    37,     3,      67.74,      73.33,       0.00,    15188.1,       2.45,       1.10
    0,    37,     4,      42.98,      73.60,       0.00,     6958.0,       2.46,       1.05
    0,    37,     5,      85.40,      74.49,       0.00,     7402.6,       2.40,       1.06
    0,    37,     6,     136.12,      75.32,       0.00,    12100.5,       2.49,       1.08
    0,    37,     7,     102.89,      78.88,       0.00,    10488.2,       2.44,       1.10
    0,    37,     8,      69.27,     111.80,       0.00,    10633.6,       2.53,       1.09
    0,    37,     9,     111.93,     131.77,       0.00,    12679.4,       2.49,       1.11
    0,    37,    10,      94.25,     138.61,       0.00,     8208.1,       2.46,       1.07
    0,    37,    11,     101.12,     164.78,       0.00,     6675.9,       2.44,       1.08
    0,    38,     1,       8.02,      15.15,       0.00,     2484.4,       2.50,       1.07
    0,    38,     2,      28.41,      31.46,       0.00,    13830.8,       2.54,       1.11
    0,    38,     3,      67.76,      73.32,       0.00,    15536.4,       2.50,       1.10
    0,    38,     4,      43.01,      73.59,       0.00,     6944.9,       2.48,       1.03
    0,    38,     5,      85.35,      74.44,       0.00,     7464.8,       2.41,       1.07
    0,    38,     6,     136.18,      75.28,       0.00,    12177.1,       2.50,       1.10
    0,    38,     7,     102.88,      78.85,       0.00,    10354.0,       2.44,       1.06
    0,    38,     8,      69.28,     111.81,       0.00,    10337.2,       2.48,       1.07
    0,    38,     9,     111.91,     131.78,       0.00,    12978.0,       2.50,       1.10
    0,    38,    10,      94.38,     138.62,       0.00,     8289.5,       2.42,       1.06
    0,    38,    11,     101.12,     164.78,       0.00,     6610.6,       2.43,       1.05
    0,    39,     1,       7.96,      15.18,       0.00,     2332.9,       2.51,       1.02
    0,    39,     2,      28.35,      31.47,       0.00,    13599.3,       2.53,       1.12
    0,    39,     3,      67.75,      73.34,       0.00,    15221.8,       2.49,       1.09
    0,    39,     4,      43.01,      73.56,       0.00,     6674.4,       2.42,       1.05
    0,    39,     5,      85.37,      74.45,       0.00,     7304.4,       2.37,       1.06
    0,    39,     6,     136.17,      75.33,       0.00,    12106.1,       2.46,       1.08
    0,    39,     7,     102.88,      78.86,       0.00,    10152.4,       2.43,       1.08
    0,    39,     8,      69.31,     111.80,       0.00,    10389.8,       2.51,       1.09
    0,    39,     9,     111.95,     131.76,       0.00,    12960.1,       2.53,       1.11
    0,    39,    10,      94.30,     138.61,       0.00,     8066.5,       2.35,       1.07
    0,    39,    11,     101.06,     164.74,       0.00,     6922.6,       2.40,       1.08
    0,    40,     1,       7.83,      15.18,       0.00,     2169.8,       2.29,       1.01
    0,    40,     2,      28.39,      31.47,       0.00,    13695.0,       2.52,       1.12
    0,    40,     3,      67.71,      73.33,       0.00,    15853.6,       2.50,       1.12
    0,    40,     4,      43.00,      73.57,       0.00,     6660.8,       2.47,       1.07
    0,    40,     5,      85.34,      74.44,       0.00,     7369.9,       2.42,       1.06
    0,    40,     6,     136.14,      75.30,       0.00,    12015.1,       2.45,       1.07
    0,    40,     7,     102.90,      78.84,       0.00,    10326.3,       2.41,       1.07
    0,    40,     8,      69.28,     111.79,       0.00,    10611.7,       2.48,       1.11
    0,    40,     9,     111.85,     131.79,       0.00,    12988.1,       2.53,       1.10
    0,    40,    10,      94.26,     138.62,       0.00,     8128.2,       2.39,       1.06
    0,    40,    11,     101.10,     164.73,       0.00,     7163.2,       2.51,       1.09
    0,    41,     1,       7.97,      15.19,       0.00,     2505.0,       2.54,       1.09
    0,    41,     2,      28.35,      31.48,       0.00,    13563.1,       2.55,       1.12
    0,    41,     3,      67.72,      73.32,       0.00,    15799.9,       2.53,       1.10
    0,    41,     4,      42.95,      73.61,       0.00,     6573.7,       2.41,       1.07
    0,    41,     5,      85.45,      74.46,       0.00,     7498.3,       2.39,       1.07
    0,    41,     6,     136.12,      75.31,       0.00,    11932.6,       2.49,       1.08
    0,    41,     7,     102.90,      78.89,       0.00,    10096.3,       2.43,       1.07
    0,    41,     8,      69.28,     111.81,       0.00,    10739.6,       2.46,       1.10
    0,    41,     9,     111.89,     131.78,       0.00,    13052.6,       2.53,       1.11
    0,    41,    10,      94.30,     138.62,       0.00,     8172.3,       2.47,       1.08
    0,    41,    11,     101.09,     164.74,       0.00,     6810.0,       2.40,       1.06
    0,    42,     1,       7.97,      15.19,       0.00,     2505.0,       2.54,       1.09
    0,    42,     2,      28.35,      31.48,       0.00,    13563.1,       2.55,       1.12
    0,    42,     3,      67.72,      73.32,       0.00,    15799.9,       2.53,       1.10
    0,    42,     4,      42.95,      73.61,       0.00,     6573.7,       2.41,       1.07
    0,    42,     5,      85.45,      74.46,       0.00,     7498.3,       2.39,       1.07
    0,    42,     6,     136.12,      75.31,       0.00,    11932.6,       2.49,       1.08
    0,    42,     7,     102.90,      78.89,       0.00,    10096.3,       2.43,       1.07
    0,    42,     8,      69.28,     111.81,       0.00,    10739.6,       2.46,       1.10
    0,    42,     9,     111.89,     131.78,       0.00,    13052.6,       2.53,       1.11
    0,    42,    10,      94.30,     138.62,       0.00,     8172.3,       2.47,       1.08
    0,    42,    11,     101.09,     164.74,       0.00,     6810.0,       2.40,       1.06
