#stackID(UINT32), frameID(UINT32), eventID(UINT32), x0(float), y0(float), z0(float), photon_count0(float), sigmaX0(float), sigmaY0(float) 
    0,     0,     1,       9.20,      14.63,       0.00,     3087.0,       1.48,       1.41
    0,     0,     2,      29.29,      30.90,       0.00,    21956.6,       1.72,       1.61
    0,     0,     3,      43.80,      72.93,       0.00,     8961.6,       1.50,       1.56
    0,     0,     4,      68.51,      72.72,       0.00,    11610.3,       1.60,       1.59
    0,     0,     5,      86.23,      73.72,       0.00,    10278.0,       1.54,       1.51
    0,     0,     6,     136.59,      74.75,       0.00,    15896.8,       1.54,       1.57
    0,     0,     7,     103.51,      78.26,       0.00,     7572.4,       1.53,       1.62
    0,     0,     8,      70.01,     111.08,       0.00,    11253.4,       1.52,       1.50
    0,     0,     9,     112.69,     131.05,       0.00,    15119.8,       1.60,       1.52
    0,     0,    10,      95.15,     138.00,       0.00,     6487.8,       1.59,       1.48
    0,     0,    11,     101.92,     163.84,       0.00,     8213.5,       1.61,       1.50
    0,     1,     1,       9.12,      14.54,       0.00,     3195.2,       1.48,       1.54
    0,     1,     2,      29.33,      30.92,       0.00,    21731.7,       1.73,       1.59
    0,     1,     3,      43.81,      72.93,       0.00,     9128.2,       1.55,       1.51
    0,     1,     4,      68.50,      72.68,       0.00,    11748.1,       1.57,       1.58
    0,     1,     5,      86.28,      73.71,       0.00,    10203.7,       1.56,       1.52
    0,     1,     6,     136.59,      74.76,       0.00,    15747.6,       1.54,       1.58
    0,     1,     7,     103.54,      78.28,       0.00,     7446.6,       1.48,       1.55
    0,     1,     8,      70.03,     111.02,       0.00,    11443.6,       1.54,       1.50
    0,     1,     9,     112.69,     131.08,       0.00,    14596.3,       1.59,       1.54
    0,     1,    10,      95.21,     138.01,       0.00,     6426.8,       1.56,       1.43
    0,     1,    11,     101.89,     163.84,       0.00,     7992.4,       1.56,       1.49
    0,     2,     1,       9.11,      14.66,       0.00,     3062.8,       1.54,       1.45
    0,     2,     2,      29.34,      30.93,       0.00,    21564.8,       1.72,       1.60
    0,     2,     3,      43.78,      72.96,       0.00,     9024.9,       1.58,       1.55
    0,     2,     4,      68.48,      72.67,       0.00,    11766.0,       1.52,       1.59
    0,     2,     5,      86.23,      73.71,       0.00,     9408.8,       1.51,       1.44
    0,     2,     6,     136.58,      74.79,       0.00,    15823.7,       1.54,       1.59
    0,     2,     7,     103.50,      78.26,       0.00,     7407.5,       1.52,       1.55
    0,     2,     8,      70.02,     111.05,       0.00,    11210.4,       1.54,       1.48
    0,     2,     9,     112.70,     131.05,       0.00,    15000.2,       1.59,       1.52
    0,     2,    10,      95.17,     137.99,       0.00,     5986.0,       1.50,       1.40
    0,     2,    11,     101.85,     163.80,       0.00,     8224.1,       1.60,       1.54
    0,     3,     1,       9.13,      14.60,       0.00,     3013.2,       1.42,       1.55
    0,     3,     2,      29.31,      30.88,       0.00,    21188.8,       1.72,       1.59
    0,     3,     3,      43.85,      72.92,       0.00,     8704.7,       1.53,       1.51
    0,     3,     4,      68.48,      72.67,       0.00,    11557.1,       1.57,       1.60
    0,     3,     5,      86.24,      73.70,       0.00,     9552.5,       1.55,       1.44
    0,     3,     6,     136.62,      74.74,       0.00,    15446.0,       1.52,       1.58
    0,     3,     7,     103.54,      78.27,       0.00,     7460.0,       1.54,       1.61
    0,     3,     8,      70.04,     111.07,       0.00,    11689.8,       1.58,       1.53
    0,     3,     9,     112.71,     131.09,       0.00,    14885.2,       1.61,       1.51
    0,     3,    10,      95.18,     138.00,       0.00,     6322.5,       1.59,       1.48
    0,     3,    11,     101.92,     163.81,       0.00,     7907.9,       1.55,       1.44
    0,     4,     1,       9.04,      14.54,       0.00,     3088.6,       1.44,       1.54
    0,     4,     2,      29.33,      30.91,       0.00,    21378.1,       1.70,       1.60
    0,     4,     3,      43.85,      72.97,       0.00,     8937.4,       1.54,       1.57
    0,     4,     4,      68.51,      72.71,       0.00,    11342.3,       1.53,       1.59
    0,     4,     5,      86.27,      73.72,       0.00,     9752.4,       1.53,       1.48
    0,     4,     6,     136.58,      74.77,       0.00,    15368.1,       1.50,       1.57
    0,     4,     7,     103.57,      78.29,       0.00,     7418.3,       1.48,       1.54
    0,     4,     8,      69.99,     111.05,       0.00,    11230.8,       1.55,       1.50
    0,     4,     9,     112.67,     131.07,       0.00,    14669.7,       1.63,       1.54
    0,     4,    10,      95.25,     138.03,       0.00,     6196.5,       1.62,       1.45
    0,     4,    11,     101.90,     163.85,       0.00,     8266.6,       1.60,       1.49
    0,     5,     1,       9.09,      14.66,       0.00,     3363.9,       1.55,       1.59
    0,     5,     2,      29.34,      30.91,       0.00,    21078.3,       1.72,       1.59
    0,     5,     3,      43.83,      73.00,       0.00,     8823.4,       1.53,       1.52
    0,     5,     4,      68.48,      72.73,       0.00,    11523.1,       1.60,       1.57
    0,     5,     5,      86.26,      73.72,       0.00,     9450.5,       1.50,       1.50
    0,     5,     6,     136.59,      74.75,       0.00,    15320.5,       1.55,       1.55
    0,     5,     7,     103.56,      78.27,       0.00,     7249.0,       1.51,       1.58
    0,     5,     8,      69.98,     111.06,       0.00,    10898.1,       1.52,       1.46
    0,     5,     9,     112.71,     131.07,       0.00,    14326.8,       1.60,       1.50
    0,     5,    10,      95.19,     138.00,       0.00,     6256.7,       1.59,       1.45
    0,     5,    11,     101.84,     163.80,       0.00,     8087.2,       1.56,       1.49
    0,     6,     1,       9.07,      14.65,       0.00,     3010.2,       1.46,       1.51
    0,     6,     2,      29.35,      30.92,       0.00,    21024.9,       1.71,       1.58
    0,     6,     3,      43.79,      72.95,       0.00,     8622.4,       1.53,       1.54
    0,     6,     4,      68.52,      72.72,       0.00,    11304.2,       1.54,       1.60
    0,     6,     5,      86.22,      73.71,       0.00,     9382.3,       1.51,       1.46
    0,     6,     6,     136.59,      74.78,       0.00,    15069.0,       1.52,       1.57
    0,     6,     7,     103.55,      78.23,       0.00,     7596.4,       1.54,       1.62
    0,     6,     8,      69.99,     111.07,       0.00,    11095.0,       1.52,       1.49
    0,     6,     9,     112.67,     131.09,       0.00,    14667.5,       1.60,       1.56
    0,     6,    10,      95.22,     138.01,       0.00,     6179.5,       1.60,       1.48
    0,     6,    11,     101.91,     163.85,       0.00,     7866.2,       1.60,       1.48
    0,     7,     1,       9.15,      14.63,       0.00,     3071.2,       1.47,       1.52
    0,     7,     2,      29.37,      30.89,       0.00,    21131.5,       1.69,       1.61
    0,     7,     3,      43.83,      72.95,       0.00,     8477.8,       1.53,       1.49
    0,     7,     4,      68.47,      72.73,       0.00,    11681.1,       1.56,       1.57
    0,     7,     5,      86.21,      73.74,       0.00,     9253.3,       1.52,       1.47
    0,     7,     6,     136.60,      74.77,       0.00,    15380.7,       1.54,       1.52
    0,     7,     7,     103.53,      78.25,       0.00,     7295.6,       1.52,       1.59
    0,     7,     8,      70.04,     111.09,       0.00,    11915.6,       1.56,       1.56
    0,     7,     9,     112.71,     131.07,       0.00,    14391.3,       1.64,       1.50
    0,     7,    10,      95.17,     137.97,       0.00,     6299.0,       1.60,       1.51
    0,     7,    11,     101.91,     163.82,       0.00,     7959.3,       1.58,       1.49
    0,     8,     1,       9.16,      14.58,       0.00,     3116.7,       1.53,       1.46
    0,     8,     2,      29.32,      30.91,       0.00,    21107.6,       1.72,       1.57
    0,     8,     3,      43.79,      72.96,       0.00,     8758.8,       1.55,       1.58
    0,     8,     4,      68.51,      72.74,       0.00,    11229.8,       1.60,       1.54
    0,     8,     5,      86.24,      73.75,       0.00,     9473.2,       1.50,       1.48
    0,     8,     6,     136.55,      74.79,       0.00,    15803.3,       1.57,       1.55
    0,     8,     7,     103.52,      78.34,       0.00,     7303.1,       1.60,       1.60
    0,     8,     8,      70.06,     111.10,       0.00,    11392.1,       1.57,       1.44
    0,     8,     9,     112.71,     131.05,       0.00,    14244.7,       1.56,       1.54
    0,     8,    10,      95.20,     138.06,       0.00,     6221.5,       1.61,       1.46
    0,     8,    11,     101.88,     163.83,       0.00,     7763.0,       1.59,       1.55
    0,     9,     1,       9.10,      14.63,       0.00,     3116.1,       1.50,       1.51
    0,     9,     2,      29.32,      30.90,       0.00,    20866.4,       1.70,       1.58
    0,     9,     3,      43.82,      72.95,       0.00,     8302.9,       1.55,       1.46
    0,     9,     4,      68.51,      72.71,       0.00,    11043.6,       1.54,       1.59
    0,     9,     5,      86.27,      73.69,       0.00,     9307.3,       1.49,       1.50
    0,     9,     6,     136.61,      74.79,       0.00,    15035.0,       1.51,       1.55
    0,     9,     7,     103.53,      78.28,       0.00,     6675.3,       1.46,       1.54
    0,     9,     8,      70.03,     111.07,       0.00,    11687.2,       1.55,       1.48
    0,     9,     9,     112.70,     131.06,       0.00,    14308.5,       1.60,       1.49
    0,     9,    10,      95.21,     138.03,       0.00,     6394.4,       1.63,       1.54
    0,     9,    11,     101.94,     163.81,       0.00,     7848.6,       1.56,       1.45
    0,    10,     1,       9.09,      14.65,       0.00,     3099.9,       1.44,       1.45
    0,    10,     2,      29.32,      30.92,       0.00,    21196.1,       1.73,       1.59
    0,    10,     3,      43.78,      72.95,       0.00,     8657.5,       1.54,       1.55
    0,    10,     4,      68.49,      72.73,       0.00,    10993.6,       1.57,       1.54
    0,    10,     5,      86.24,      73.72,       0.00,     9163.9,       1.51,       1.44
    0,    10,     6,     136.57,      74.81,       0.00,    15768.3,       1.58,       1.54
    0,    10,     7,     103.55,      78.25,       0.00,     6773.7,       1.50,       1.55
    0,    10,     8,      70.03,     111.08,       0.00,    11670.1,       1.55,       1.52
    0,    10,     9,     112.67,     131.05,       0.00,    13799.7,       1.58,       1.49
    0,    10,    10,      95.18,     138.01,       0.00,     5925.3,       1.53,       1.43
    0,    10,    11,     101.93,     163.84,       0.00,     7780.1,       1.56,       1.45
    0,    11,     1,       9.09,      14.51,       0.00,     2936.9,       1.46,       1.49
    0,    11,     2,      29.32,      30.93,       0.00,    21030.5,       1.71,       1.58
    0,    11,     3,      43.78,      72.97,       0.00,     8634.5,       1.58,       1.48
    0,    11,     4,      68.49,      72.75,       0.00,    11131.6,       1.58,       1.56
    0,    11,     5,      86.25,      73.72,       0.00,     9448.5,       1.51,       1.45
    0,    11,     6,     136.59,      74.80,       0.00,    15400.4,       1.55,       1.51
    0,    11,     7,     103.45,      78.28,       0.00,     6986.3,       1.52,       1.53
    0,    11,     8,      70.04,     111.08,       0.00,    11534.1,       1.54,       1.45
    0,    11,     9,     112.69,     131.07,       0.00,    14281.3,       1.67,       1.52
    0,    11,    10,      95.18,     137.99,       0.00,     6062.1,       1.56,       1.41
    0,    11,    11,     101.87,     163.79,       0.00,     7712.4,       1.58,       1.48
    0,    12,     1,       9.09,      14.64,       0.00,     3012.6,       1.48,       1.44
    0,    12,     2,      29.30,      30.89,       0.00,    20778.8,       1.71,       1.56
    0,    12,     3,      43.78,      72.95,       0.00,     8780.1,       1.60,       1.49
    0,    12,     4,      68.50,      72.73,       0.00,    11158.4,       1.53,       1.55
    0,    12,     5,      86.25,      73.75,       0.00,     9388.5,       1.51,       1.50
    0,    12,     6,     136.58,      74.81,       0.00,    15330.7,       1.57,       1.55
    0,    12,     7,     103.52,      78.26,       0.00,     7202.7,       1.53,       1.51
    0,    12,     8,      70.03,     111.13,       0.00,    11143.5,       1.53,       1.43
    0,    12,     9,     112.65,     131.07,       0.00,    14434.3,       1.63,       1.53
    0,    12,    10,      95.16,     138.03,       0.00,     6201.7,       1.57,       1.50
    0,    12,    11,     101.88,     163.87,       0.00,     7667.0,       1.60,       1.44
    0,    13,     1,       9.17,      14.56,       0.00,     2987.0,       1.55,       1.42
    0,    13,     2,      29.33,      30.93,       0.00,    21173.9,       1.71,       1.59
    0,    13,     3,      43.78,      72.96,       0.00,     8335.8,       1.51,       1.45
    0,    13,     4,      68.52,      72.71,       0.00,    11254.8,       1.59,       1.55
    0,    13,     5,      86.23,      73.77,       0.00,     9426.1,       1.54,       1.49
    0,    13,     6,     136.60,      74.77,       0.00,    15044.6,       1.53,       1.56
    0,    13,     7,     103.50,      78.31,       0.00,     7016.3,       1.54,       1.55
    0,    13,     8,      70.01,     111.11,       0.00,    11572.4,       1.53,       1.50
    0,    13,     9,     112.67,     131.04,       0.00,    14274.0,       1.63,       1.53
    0,    13,    10,      95.23,     137.99,       0.00,     5831.1,       1.54,       1.39
    0,    13,    11,     101.90,     163.84,       0.00,     8038.1,       1.61,       1.49
    0,    14,     1,       9.07,      14.64,       0.00,     3082.0,       1.57,       1.59
    0,    14,     2,      29.33,      30.91,       0.00,    21192.6,       1.73,       1.57
    0,    14,     3,      43.78,      72.94,       0.00,     8678.0,       1.57,       1.50
    0,    14,     4,      68.47,      72.73,       0.00,    11183.9,       1.57,       1.52
    0,    14,     5,      86.26,      73.72,       0.00,     9366.3,       1.52,       1.46
    0,    14,     6,     136.57,      74.78,       0.00,    14821.8,       1.55,       1.56
    0,    14,     7,     103.50,      78.27,       0.00,     6883.0,       1.54,       1.63
    0,    14,     8,      70.01,     111.10,       0.00,    11753.6,       1.55,       1.53
    0,    14,     9,     112.71,     131.05,       0.00,    14315.9,       1.64,       1.53
    0,    14,    10,      95.23,     138.03,       0.00,     5636.0,       1.53,       1.43
    0,    14,    11,     101.91,     163.84,       0.00,     7699.6,       1.57,       1.47
    0,    15,     1,       9.08,      14.57,       0.00,     2937.3,       1.52,       1.46
    0,    15,     2,      29.32,      30.93,       0.00,    21200.7,       1.72,       1.56
    0,    15,     3,      43.74,      72.93,       0.00,     8502.4,       1.56,       1.49
    0,    15,     4,      68.53,      72.73,       0.00,    11338.4,       1.62,       1.60
    0,    15,     5,      86.20,      73.74,       0.00,     9250.2,       1.50,       1.43
    0,    15,     6,     136.59,      74.76,       0.00,    15351.6,       1.56,       1.55
    0,    15,     7,     103.49,      78.28,       0.00,     7151.0,       1.56,       1.53
    0,    15,     8,      70.02,     111.07,       0.00,    11534.9,       1.54,       1.48
    0,    15,     9,     112.70,     131.06,       0.00,    14319.1,       1.62,       1.52
    0,    15,    10,      95.18,     138.01,       0.00,     6034.5,       1.56,       1.46
    0,    15,    11,     101.92,     163.89,       0.00,     7706.7,       1.64,       1.45
    0,    16,     1,       9.11,      14.63,       0.00,     2986.0,       1.52,       1.43
    0,    16,     2,      29.32,      30.91,       0.00,    20844.7,       1.72,       1.57
    0,    16,     3,      43.80,      72.93,       0.00,     8611.6,       1.54,       1.56
    0,    16,     4,      68.52,      72.74,       0.00,    11404.5,       1.55,       1.61
    0,    16,     5,      86.22,      73.76,       0.00,     9319.8,       1.49,       1.45
    0,    16,     6,     136.54,      74.79,       0.00,    14987.5,       1.56,       1.53
    0,    16,     7,     103.46,      78.25,       0.00,     7207.4,       1.49,       1.59
    0,    16,     8,      70.00,     111.10,       0.00,    11369.2,       1.54,       1.44
    0,    16,     9,     112.71,     131.05,       0.00,    14463.4,       1.63,       1.53
    0,    16,    10,      95.15,     137.99,       0.00,     6098.6,       1.57,       1.48
    0,    16,    11,     101.86,     163.84,       0.00,     7399.0,       1.58,       1.47
    0,    17,     1,       9.10,      14.60,       0.00,     2866.1,       1.41,       1.50
    0,    17,     2,      29.31,      30.93,       0.00,    20865.5,       1.70,       1.57
    0,    17,     3,      43.81,      72.96,       0.00,     8358.0,       1.55,       1.51
    0,    17,     4,      68.52,      72.67,       0.00,    11100.9,       1.58,       1.52
    0,    17,     5,      86.23,      73.73,       0.00,     8995.5,       1.51,       1.47
    0,    17,     6,     136.57,      74.81,       0.00,    15372.3,       1.56,       1.54
    0,    17,     7,     103.50,      78.27,       0.00,     6839.1,       1.55,       1.50
    0,    17,     8,      70.00,     111.09,       0.00,    11475.8,       1.56,       1.47
    0,    17,     9,     112.72,     131.05,       0.00,    14307.9,       1.61,       1.51
    0,    17,    10,      95.17,     138.01,       0.00,     6051.8,       1.58,       1.44
    0,    17,    11,     101.90,     163.85,       0.00,     7834.7,       1.63,       1.52
    0,    18,     1,       9.06,      14.66,       0.00,     2976.6,       1.53,       1.51
    0,    18,     2,      29.33,      30.93,       0.00,    20902.9,       1.72,       1.55
    0,    18,     3,      68.48,      72.72,       0.00,    10989.7,       1.60,       1.52
    0,    18,     4,      43.79,      72.97,       0.00,     8488.8,       1.52,       1.54
    0,    18,     5,      86.27,      73.74,       0.00,     9457.0,       1.53,       1.43
    0,    18,     6,     136.58,      74.81,       0.00,    15218.9,       1.56,       1.55
    0,    18,     7,     103.51,      78.24,       0.00,     6703.7,       1.50,       1.52
    0,    18,     8,      69.98,     111.11,       0.00,    11468.4,       1.55,       1.44
    0,    18,     9,     112.72,     131.08,       0.00,    14542.8,       1.63,       1.53
    0,    18,    10,      95.18,     138.04,       0.00,     6061.4,       1.56,       1.39
    0,    18,    11,     101.90,     163.87,       0.00,     7870.6,       1.62,       1.51
    0,    19,     1,       9.09,      14.60,       0.00,     3135.5,       1.53,       1.60
    0,    19,     2,      29.33,      30.93,       0.00,    20838.8,       1.71,       1.57
    0,    19,     3,      43.78,      72.94,       0.00,     8512.0,       1.56,       1.54
    0,    19,     4,      68.50,      72.71,       0.00,    11135.9,       1.60,       1.54
    0,    19,     5,      86.26,      73.73,       0.00,     9233.4,       1.52,       1.46
    0,    19,     6,     136.58,      74.78,       0.00,    14837.6,       1.54,       1.54
    0,    19,     7,     103.57,      78.26,       0.00,     7272.9,       1.54,       1.58
    0,    19,     8,      70.01,     111.10,       0.00,    11508.5,       1.54,       1.48
    0,    19,     9,     112.71,     131.07,       0.00,    14246.6,       1.60,       1.48
    0,    19,    10,      95.20,     138.01,       0.00,     5849.3,       1.53,       1.38
    0,    19,    11,     101.94,     163.81,       0.00,     7819.5,       1.63,       1.45
    0,    20,     1,       9.10,      14.63,       0.00,     3040.6,       1.59,       1.50
    0,    20,     2,      29.31,      30.92,       0.00,    20905.0,       1.70,       1.57
    0,    20,     3,      43.81,      72.98,       0.00,     8217.9,       1.56,       1.51
    0,    20,     4,      68.45,      72.72,       0.00,    11110.2,       1.54,       1.52
    0,    20,     5,      86.25,      73.76,       0.00,     9248.6,       1.55,       1.47
    0,    20,     6,     136.59,      74.81,       0.00,    14626.4,       1.55,       1.59
    0,    20,     7,     103.56,      78.24,       0.00,     7583.6,       1.59,       1.60
    0,    20,     8,      70.00,     111.10,       0.00,    11401.3,       1.56,       1.47
    0,    20,     9,     112.74,     131.05,       0.00,    14764.2,       1.61,       1.51
    0,    20,    10,      95.14,     137.99,       0.00,     5971.9,       1.56,       1.43
    0,    20,    11,     101.97,     163.84,       0.00,     7796.9,       1.65,       1.46
    0,    21,     1,       9.05,      14.61,       0.00,     3050.6,       1.44,       1.52
    0,    21,     2,      29.30,      30.93,       0.00,    21100.6,       1.73,       1.57
    0,    21,     3,      43.75,      72.97,       0.00,     8425.2,       1.54,       1.46
    0,    21,     4,      68.49,      72.69,       0.00,    11572.9,       1.59,       1.58
    0,    21,     5,      86.28,      73.73,       0.00,     8977.0,       1.51,       1.47
    0,    21,     6,     136.59,      74.80,       0.00,    14615.0,       1.54,       1.56
    0,    21,     7,     103.58,      78.28,       0.00,     7500.9,       1.57,       1.53
    0,    21,     8,      70.04,     111.10,       0.00,    11785.6,       1.54,       1.51
    0,    21,     9,     112.67,     131.06,       0.00,    14883.6,       1.63,       1.51
    0,    21,    10,      95.21,     138.04,       0.00,     6226.0,       1.58,       1.42
    0,    21,    11,     101.92,     163.84,       0.00,     7873.5,       1.59,       1.51
    0,    22,     1,       9.14,      14.64,       0.00,     2957.2,       1.46,       1.43
    0,    22,     2,      29.33,      30.93,       0.00,    20677.3,       1.70,       1.57
    0,    22,     3,      43.82,      72.97,       0.00,     8491.6,       1.53,       1.51
    0,    22,     4,      68.51,      72.73,       0.00,    10849.0,       1.54,       1.51
    0,    22,     5,      86.22,      73.74,       0.00,     9265.6,       1.51,       1.49
    0,    22,     6,     136.61,      74.78,       0.00,    14408.3,       1.53,       1.56
    0,    22,     7,     103.52,      78.30,       0.00,     7439.2,       1.54,       1.54
    0,    22,     8,      70.02,     111.11,       0.00,    11866.8,       1.60,       1.47
    0,    22,     9,     112.67,     131.03,       0.00,    14741.5,       1.64,       1.51
    0,    22,    10,      95.13,     137.97,       0.00,     5921.3,       1.60,       1.47
    0,    22,    11,     101.88,     163.86,       0.00,     8121.5,       1.62,       1.49
    0,    23,     1,       9.10,      14.63,       0.00,     3104.3,       1.45,       1.48
    0,    23,     2,      29.31,      30.91,       0.00,    20699.8,       1.72,       1.56
    0,    23,     3,      43.77,      72.96,       0.00,     8803.3,       1.54,       1.49
    0,    23,     4,      68.51,      72.71,       0.00,    11068.5,       1.64,       1.55
    0,    23,     5,      86.29,      73.71,       0.00,     8977.2,       1.52,       1.45
    0,    23,     6,     136.57,      74.81,       0.00,    14921.0,       1.55,       1.58
    0,    23,     7,     103.55,      78.33,       0.00,     7053.9,       1.59,       1.52
    0,    23,     8,      70.01,     111.12,       0.00,    11709.7,       1.56,       1.50
    0,    23,     9,     112.69,     131.06,       0.00,    14570.1,       1.57,       1.52
    0,    23,    10,      95.16,     138.04,       0.00,     5998.8,       1.55,       1.43
    0,    23,    11,     101.97,     163.84,       0.00,     7892.9,       1.59,       1.43
    0,    24,     1,       9.15,      14.64,       0.00,     3024.1,       1.57,       1.41
    0,    24,     2,      29.33,      30.92,       0.00,    20743.2,       1.73,       1.56
    0,    24,     3,      43.79,      72.98,       0.00,     8459.6,       1.57,       1.50
    0,    24,     4,      68.49,      72.72,       0.00,    11109.2,       1.56,       1.51
    0,    24,     5,      86.23,      73.72,       0.00,     9201.4,       1.55,       1.46
    0,    24,     6,     136.55,      74.76,       0.00,    14242.5,       1.52,       1.53
    0,    24,     7,     103.52,      78.33,       0.00,     7329.1,       1.56,       1.52
    0,    24,     8,      70.01,     111.11,       0.00,    11400.2,       1.55,       1.46
    0,    24,     9,     112.67,     131.04,       0.00,    14532.1,       1.62,       1.52
    0,    24,    10,      95.20,     138.02,       0.00,     5878.4,       1.58,       1.40
    0,    24,    11,     101.90,     163.82,       0.00,     8010.4,       1.59,       1.50
    0,    25,     1,       9.12,      14.67,       0.00,     2992.9,       1.57,       1.43
    0,    25,     2,      29.31,      30.92,       0.00,    20724.8,       1.70,       1.58
    0,    25,     3,      43.76,      73.02,       0.00,     8800.8,       1.63,       1.55
    0,    25,     4,      68.47,      72.73,       0.00,    11310.5,       1.61,       1.58
    0,    25,     5,      86.24,      73.73,       0.00,     8981.3,       1.50,       1.42
    0,    25,     6,     136.57,      74.78,       0.00,    13763.8,       1.52,       1.49
    0,    25,     7,     103.54,      78.31,       0.00,     7096.9,       1.55,       1.59
    0,    25,     8,      70.04,     111.08,       0.00,    11475.6,       1.50,       1.46
    0,    25,     9,     112.70,     131.06,       0.00,    14556.8,       1.58,       1.53
    0,    25,    10,      95.22,     138.01,       0.00,     6079.1,       1.54,       1.46
    0,    25,    11,     101.95,     163.83,       0.00,     7957.5,       1.59,       1.49
    0,    26,     1,       9.10,      14.61,       0.00,     3058.7,       1.52,       1.43
    0,    26,     2,      29.30,      30.94,       0.00,    20362.8,       1.71,       1.55
    0,    26,     3,      43.81,      72.96,       0.00,     8425.9,       1.56,       1.50
    0,    26,     4,      68.50,      72.71,       0.00,    10688.7,       1.55,       1.51
    0,    26,     5,      86.25,      73.72,       0.00,     8934.3,       1.51,       1.48
    0,    26,     6,     136.59,      74.79,       0.00,    13956.3,       1.54,       1.50
    0,    26,     7,     103.52,      78.25,       0.00,     6922.5,       1.53,       1.47
    0,    26,     8,      69.98,     111.13,       0.00,    11441.9,       1.57,       1.48
    0,    26,     9,     112.75,     131.06,       0.00,    14882.1,       1.63,       1.50
    0,    26,    10,      95.17,     138.00,       0.00,     5920.4,       1.53,       1.39
    0,    26,    11,     101.90,     163.84,       0.00,     7811.5,       1.56,       1.50
    0,    27,     1,       9.11,      14.64,       0.00,     3062.7,       1.55,       1.51
    0,    27,     2,      29.33,      30.93,       0.00,    20591.5,       1.74,       1.54
    0,    27,     3,      43.80,      72.97,       0.00,     8338.9,       1.57,       1.47
    0,    27,     4,      68.52,      72.75,       0.00,    11020.3,       1.59,       1.55
    0,    27,     5,      86.24,      73.76,       0.00,     8768.2,       1.56,       1.46
    0,    27,     6,     136.58,      74.81,       0.00,    14613.0,       1.56,       1.54
    0,    27,     7,     103.56,      78.30,       0.00,     7189.5,       1.52,       1.59
    0,    27,     8,      69.98,     111.08,       0.00,    11327.0,       1.58,       1.47
    0,    27,     9,     112.66,     131.07,       0.00,    14631.4,       1.67,       1.50
    0,    27,    10,      95.17,     138.01,       0.00,     6043.0,       1.55,       1.40
    0,    27,    11,     101.96,     163.83,       0.00,     7831.4,       1.57,       1.45
    0,    28,     1,       9.09,      14.64,       0.00,     3003.5,       1.52,       1.49
    0,    28,     2,      29.34,      30.93,       0.00,    20362.7,       1.71,       1.56
    0,    28,     3,      43.81,      72.97,       0.00,     8502.5,       1.56,       1.47
    0,    28,     4,      68.50,      72.75,       0.00,    10915.2,       1.62,       1.56
    0,    28,     5,      86.26,      73.74,       0.00,     8849.9,       1.54,       1.50
    0,    28,     6,     136.60,      74.82,       0.00,    14158.4,       1.56,       1.55
    0,    28,     7,     103.60,      78.25,       0.00,     7042.2,       1.54,       1.57
    0,    28,     8,      69.98,     111.09,       0.00,    11503.0,       1.57,       1.47
    0,    28,     9,     112.68,     131.06,       0.00,    14620.7,       1.63,       1.48
    0,    28,    10,      95.14,     138.04,       0.00,     6124.7,       1.55,       1.45
    0,    28,    11,     101.86,     163.86,       0.00,     7836.5,       1.61,       1.49
    0,    29,     1,       9.02,      14.62,       0.00,     3126.4,       1.51,       1.45
    0,    29,     2,      29.31,      30.92,       0.00,    20594.3,       1.71,       1.55
    0,    29,     3,      43.81,      72.98,       0.00,     8441.9,       1.56,       1.48
    0,    29,     4,      68.49,      72.70,       0.00,    10837.1,       1.58,       1.61
    0,    29,     5,      86.24,      73.73,       0.00,     9156.9,       1.55,       1.45
    0,    29,     6,     136.59,      74.83,       0.00,    14525.4,       1.54,       1.53
    0,    29,     7,     103.52,      78.34,       0.00,     6935.9,       1.47,       1.56
    0,    29,     8,      70.02,     111.11,       0.00,    11715.1,       1.55,       1.51
    0,    29,     9,     112.67,     131.06,       0.00,    14786.3,       1.64,       1.46
    0,    29,    10,      95.20,     138.04,       0.00,     6175.0,       1.57,       1.48
    0,    29,    11,     101.93,     163.82,       0.00,     7873.4,       1.60,       1.49
    0,    30,     1,       9.03,      14.62,       0.00,     3107.7,       1.48,       1.53
    0,    30,     2,      29.33,      30.92,       0.00,    20262.2,       1.72,       1.53
    0,    30,     3,      43.75,      72.96,       0.00,     8214.6,       1.52,       1.47
    0,    30,     4,      68.49,      72.73,       0.00,    10731.7,       1.56,       1.52
    0,    30,     5,      86.23,      73.74,       0.00,     8703.2,       1.54,       1.46
    0,    30,     6,     136.58,      74.80,       0.00,    14309.3,       1.56,       1.55
    0,    30,     7,     103.56,      78.29,       0.00,     7077.1,       1.56,       1.56
    0,    30,     8,      70.02,     111.12,       0.00,    11352.0,       1.53,       1.43
    0,    30,     9,     112.68,     131.04,       0.00,    14620.1,       1.60,       1.50
    0,    30,    10,      95.21,     138.00,       0.00,     5978.1,       1.56,       1.42
    0,    30,    11,     101.88,     163.87,       0.00,     7892.9,       1.60,       1.50
    0,    31,     1,       9.07,      14.60,       0.00,     3136.8,       1.52,       1.49
    0,    31,     2,      29.34,      30.94,       0.00,    21121.5,       1.72,       1.56
    0,    31,     3,      43.81,      72.95,       0.00,     8797.1,       1.58,       1.52
    0,    31,     4,      68.53,      72.70,       0.00,    10851.9,       1.60,       1.55
    0,    31,     5,      86.24,      73.72,       0.00,     9311.3,       1.53,       1.51
    0,    31,     6,     136.59,      74.81,       0.00,    14292.4,       1.58,       1.56
    0,    31,     7,     103.60,      78.29,       0.00,     6867.0,       1.49,       1.58
    0,    31,     8,      70.02,     111.06,       0.00,    11604.7,       1.55,       1.48
    0,    31,     9,     112.69,     131.05,       0.00,    14911.5,       1.62,       1.51
    0,    31,    10,      95.18,     138.02,       0.00,     6001.4,       1.58,       1.41
    0,    31,    11,     101.96,     163.86,       0.00,     7446.3,       1.57,       1.43
    0,    32,     1,       9.14,      14.64,       0.00,     2836.5,       1.45,       1.39
    0,    32,     2,      29.33,      30.92,       0.00,    20797.6,       1.72,       1.56
    0,    32,     3,      43.79,      72.96,       0.00,     8677.5,       1.59,       1.49
    0,    32,     4,      68.48,      72.73,       0.00,    10714.5,       1.59,       1.53
    0,    32,     5,      86.23,      73.73,       0.00,     9142.7,       1.52,       1.46
    0,    32,     6,     136.58,      74.82,       0.00,    14265.8,       1.55,       1.55
    0,    32,     7,     103.54,      78.26,       0.00,     7077.7,       1.54,       1.48
    0,    32,     8,      70.01,     111.12,       0.00,    12139.5,       1.59,       1.54
    0,    32,     9,     112.69,     131.04,       0.00,    14228.6,       1.61,       1.51
    0,    32,    10,      95.21,     138.00,       0.00,     5898.8,       1.59,       1.41
    0,    32,    11,     101.90,     163.85,       0.00,     7481.7,       1.61,       1.46
    0,    33,     1,       9.12,      14.60,       0.00,     2973.2,       1.54,       1.47
    0,    33,     2,      29.32,      30.92,       0.00,    20415.1,       1.71,       1.54
    0,    33,     3,      43.76,      72.97,       0.00,     8708.6,       1.58,       1.51
    0,    33,     4,      68.49,      72.69,       0.00,    10398.7,       1.58,       1.50
    0,    33,     5,      86.26,      73.74,       0.00,     8886.2,       1.51,       1.41
    0,    33,     6,     136.58,      74.79,       0.00,    14220.1,       1.55,       1.53
    0,    33,     7,     103.54,      78.29,       0.00,     6995.8,       1.56,       1.58
    0,    33,     8,      69.96,     111.11,       0.00,    11700.7,       1.56,       1.47
    0,    33,     9,     112.62,     131.03,       0.00,    14946.5,       1.65,       1.49
    0,    33,    10,      95.22,     138.03,       0.00,     5989.1,       1.57,       1.47
    0,    33,    11,     101.89,     163.90,       0.00,     7674.4,       1.61,       1.47
    0,    34,     1,       9.12,      14.64,       0.00,     2859.2,       1.45,       1.43
    0,    34,     2,      29.33,      30.93,       0.00,    20651.8,       1.69,       1.56
    0,    34,     3,      43.82,      72.96,       0.00,     8303.3,       1.53,       1.46
    0,    34,     4,      68.46,      72.73,       0.00,     9988.7,       1.57,       1.49
    0,    34,     5,      86.28,      73.72,       0.00,     9065.2,       1.55,       1.43
    0,    34,     6,     136.59,      74.80,       0.00,    14096.8,       1.54,       1.49
    0,    34,     7,     103.54,      78.27,       0.00,     7209.3,       1.54,       1.53
    0,    34,     8,      70.01,     111.09,       0.00,    11680.6,       1.57,       1.48
    0,    34,     9,     112.69,     131.05,       0.00,    14569.9,       1.63,       1.48
    0,    34,    10,      95.18,     138.03,       0.00,     6231.4,       1.59,       1.44
    0,    34,    11,     101.92,     163.84,       0.00,     7758.0,       1.60,       1.44
    0,    35,     1,       9.05,      14.64,       0.00,     3064.6,       1.60,       1.42
    0,    35,     2,      29.32,      30.91,       0.00,    20811.7,       1.73,       1.56
    0,    35,     3,      43.81,      72.96,       0.00,     8551.6,       1.51,       1.49
    0,    35,     4,      68.51,      72.68,       0.00,    10086.6,       1.59,       1.50
    0,    35,     5,      86.27,      73.75,       0.00,     9206.5,       1.51,       1.50
    0,    35,     6,     136.60,      74.81,       0.00,    14324.3,       1.57,       1.54
    0,    35,     7,     103.59,      78.26,       0.00,     6950.9,       1.47,       1.52
    0,    35,     8,      70.03,     111.14,       0.00,    11552.4,       1.55,       1.45
    0,    35,     9,     112.67,     131.07,       0.00,    14460.6,       1.62,       1.48
    0,    35,    10,      95.21,     138.02,       0.00,     5657.9,       1.59,       1.41
    0,    35,    11,     101.90,     163.85,       0.00,     7674.3,       1.60,       1.48
    0,    36,     1,       9.05,      14.65,       0.00,     2970.7,       1.50,       1.46
    0,    36,     2,      29.32,      30.93,       0.00,    20321.1,       1.72,       1.53
    0,    36,     3,      43.79,      73.01,       0.00,     8411.5,       1.53,       1.53
    0,    36,     4,      68.50,      72.71,       0.00,    10366.6,       1.58,       1.55
    0,    36,     5,      86.26,      73.75,       0.00,     8908.5,       1.52,       1.46
    0,    36,     6,     136.59,      74.84,       0.00,    14345.3,       1.53,       1.54
    0,    36,     7,     103.56,      78.33,       0.00,     7105.8,       1.55,       1.56
    0,    36,     8,      69.96,     111.12,       0.00,    11426.9,       1.54,       1.44
    0,    36,     9,     112.71,     131.08,       0.00,    14868.8,       1.61,       1.50
    0,    36,    10,      95.21,     138.02,       0.00,     6071.1,       1.57,       1.47
    0,    36,    11,     101.96,     163.81,       0.00,     7475.6,       1.60,       1.39
    0,    37,     1,       9.09,      14.59,       0.00,     2867.0,       1.46,       1.44
    0,    37,     2,      29.31,      30.92,       0.00,    20297.4,       1.74,       1.53
    0,    37,     3,      43.76,      72.97,       0.00,     8202.7,       1.54,       1.47
    0,    37,     4,      68.48,      72.69,       0.00,    10558.0,       1.63,       1.52
    0,    37,     5,      86.23,      73.73,       0.00,     9445.6,       1.58,       1.45
    0,    37,     6,     136.57,      74.83,       0.00,    14392.3,       1.56,       1.56
    0,    37,     7,     103.56,      78.30,       0.00,     7042.0,       1.55,       1.46
    0,    37,     8,      70.01,     111.10,       0.00,    11396.6,       1.55,       1.45
    0,    37,     9,     112.67,     131.07,       0.00,    14973.4,       1.64,       1.47
    0,    37,    10,      95.16,     137.96,       0.00,     6261.5,       1.58,       1.45
    0,    37,    11,     101.91,     163.86,       0.00,     7791.8,       1.59,       1.47
    0,    38,     1,       9.13,      14.71,       0.00,     3131.7,       1.49,       1.47
    0,    38,     2,      29.30,      30.93,       0.00,    21215.8,       1.75,       1.56
    0,    38,     3,      43.80,      72.95,       0.00,     8737.9,       1.54,       1.51
    0,    38,     4,      68.56,      72.76,       0.00,    10231.8,       1.54,       1.55
    0,    38,     5,      86.21,      73.75,       0.00,     9304.6,       1.51,       1.43
    0,    38,     6,     136.59,      74.80,       0.00,    14364.3,       1.57,       1.55
    0,    38,     7,     103.56,      78.28,       0.00,     7160.4,       1.54,       1.55
    0,    38,     8,      69.97,     111.16,       0.00,    11485.8,       1.59,       1.46
    0,    38,     9,     112.65,     131.08,       0.00,    14941.4,       1.66,       1.51
    0,    38,    10,      95.15,     138.04,       0.00,     5967.5,       1.57,       1.45
    0,    38,    11,     101.92,     163.84,       0.00,     7514.2,       1.63,       1.41
    0,    39,     1,       9.09,      14.64,       0.00,     3042.0,       1.53,       1.51
    0,    39,     2,      29.31,      30.92,       0.00,    21023.8,       1.76,       1.54
    0,    39,     3,      43.80,      72.93,       0.00,     8589.4,       1.54,       1.53
    0,    39,     4,      68.50,      72.74,       0.00,    10641.6,       1.63,       1.58
    0,    39,     5,      86.24,      73.77,       0.00,     9536.5,       1.51,       1.46
    0,    39,     6,     136.56,      74.84,       0.00,    14516.9,       1.55,       1.48
    0,    39,     7,     103.53,      78.30,       0.00,     7302.7,       1.57,       1.56
    0,    39,     8,      70.03,     111.09,       0.00,    11309.7,       1.56,       1.43
    0,    39,     9,     112.69,     131.05,       0.00,    14358.7,       1.58,       1.47
    0,    39,    10,      95.20,     138.04,       0.00,     6237.4,       1.54,       1.45
    0,    39,    11,     101.88,     163.86,       0.00,     7683.5,       1.62,       1.44
