#stackID(UINT32), frameID(UINT32), eventID(UINT32), x0(float), y0(float), z0(float), photon_count0(float), sigmaX0(float), sigmaY0(float) 
    0,     0,     1,       7.61,      15.60,       0.00,     2748.4,       2.57,       1.27
    0,     0,     2,      27.96,      31.72,       0.00,    17927.0,       2.81,       1.44
    0,     0,     3,      42.44,      73.77,       0.00,     5800.9,       2.38,       1.26
    0,     0,     4,      67.15,      73.53,       0.00,     8619.5,       2.49,       1.24
    0,     0,     5,      84.89,      74.70,       0.00,     7954.3,       2.43,       1.23
    0,     0,     6,     135.37,      75.61,       0.00,    11624.8,       2.53,       1.26
    0,     0,     7,     102.22,      79.09,       0.00,     5728.2,       2.60,       1.21
    0,     0,     8,      68.66,     112.02,       0.00,    10932.3,       2.47,       1.27
    0,     0,     9,     111.44,     131.89,       0.00,    11517.8,       2.60,       1.27
    0,     0,    10,      93.85,     138.83,       0.00,     5602.0,       2.54,       1.25
    0,     0,    11,     100.44,     164.74,       0.00,     6395.7,       2.46,       1.24
    0,     1,     1,       7.75,      15.48,       0.00,     2642.5,       2.46,       1.22
    0,     1,     2,      27.92,      31.73,       0.00,    18039.1,       2.87,       1.42
    0,     1,     3,      67.18,      73.52,       0.00,     8882.7,       2.58,       1.26
    0,     1,     4,      42.38,      73.81,       0.00,     5778.5,       2.48,       1.25
    0,     1,     5,      84.92,      74.70,       0.00,     8030.1,       2.51,       1.25
    0,     1,     6,     135.25,      75.62,       0.00,    11151.7,       2.57,       1.24
    0,     1,     7,     102.17,      79.11,       0.00,     5912.8,       2.55,       1.23
    0,     1,     8,      68.67,     112.01,       0.00,    10520.9,       2.43,       1.27
    0,     1,     9,     111.52,     131.89,       0.00,    11355.8,       2.63,       1.28
    0,     1,    10,      93.79,     138.84,       0.00,     5550.5,       2.37,       1.23
    0,     1,    11,     100.42,     164.82,       0.00,     6618.8,       2.52,       1.27
    0,     2,     1,       7.62,      15.50,       0.00,     2650.4,       2.46,       1.28
    0,     2,     2,      27.93,      31.72,       0.00,    17203.4,       2.79,       1.40
    0,     2,     3,      42.47,      73.81,       0.00,     5786.5,       2.49,       1.24
    0,     2,     4,      67.14,      73.54,       0.00,     8546.8,       2.57,       1.25
    0,     2,     5,      84.90,      74.72,       0.00,     8122.3,       2.52,       1.24
    0,     2,     6,     135.29,      75.63,       0.00,    11590.0,       2.62,       1.25
    0,     2,     7,     102.18,      79.12,       0.00,     5813.7,       2.51,       1.25
    0,     2,     8,      68.63,     112.02,       0.00,    10346.6,       2.48,       1.24
    0,     2,     9,     111.47,     131.89,       0.00,    11305.2,       2.56,       1.28
    0,     2,    10,      93.85,     138.78,       0.00,     5622.1,       2.45,       1.28
    0,     2,    11,     100.45,     164.79,       0.00,     6305.7,       2.42,       1.26
    0,     3,     1,       7.58,      15.45,       0.00,     2635.7,       2.48,       1.22
    0,     3,     2,      27.92,      31.70,       0.00,    17658.0,       2.83,       1.43
    0,     3,     3,      42.40,      73.78,       0.00,     6129.6,       2.62,       1.25
    0,     3,     4,      67.19,      73.53,       0.00,     8499.9,       2.53,       1.24
    0,     3,     5,      84.90,      74.71,       0.00,     7543.3,       2.50,       1.19
    0,     3,     6,     135.29,      75.63,       0.00,    11639.1,       2.53,       1.26
    0,     3,     7,     102.27,      79.06,       0.00,     5658.2,       2.53,       1.19
    0,     3,     8,      68.67,     112.00,       0.00,    10510.5,       2.47,       1.29
    0,     3,     9,     111.43,     131.89,       0.00,    11275.6,       2.60,       1.28
    0,     3,    10,      93.85,     138.82,       0.00,     5764.9,       2.55,       1.27
    0,     3,    11,     100.54,     164.75,       0.00,     6148.4,       2.43,       1.24
    0,     4,     1,       7.60,      15.53,       0.00,     2726.4,       2.48,       1.24
    0,     4,     2,      27.96,      31.71,       0.00,    17354.7,       2.81,       1.41
    0,     4,     3,      67.17,      73.53,       0.00,     8420.4,       2.55,       1.26
    0,     4,     4,      42.40,      73.79,       0.00,     5993.6,       2.58,       1.25
    0,     4,     5,      84.92,      74.71,       0.00,     7989.5,       2.51,       1.26
    0,     4,     6,     135.27,      75.62,       0.00,    11700.7,       2.58,       1.25
    0,     4,     7,     102.33,      79.11,       0.00,     5807.9,       2.55,       1.25
    0,     4,     8,      68.55,     112.02,       0.00,    10302.6,       2.47,       1.26
    0,     4,     9,     111.51,     131.89,       0.00,    10960.2,       2.56,       1.27
    0,     4,    10,      93.88,     138.80,       0.00,     5801.6,       2.47,       1.29
    0,     4,    11,     100.42,     164.80,       0.00,     6517.3,       2.55,       1.32
    0,     5,     1,       7.65,      15.51,       0.00,     2549.9,       2.36,       1.18
    0,     5,     2,      27.93,      31.69,       0.00,    17160.0,       2.80,       1.41
    0,     5,     3,      42.43,      73.76,       0.00,     5821.3,       2.44,       1.20
    0,     5,     4,      67.21,      73.51,       0.00,     8596.8,       2.54,       1.24
    0,     5,     5,      84.89,      74.66,       0.00,     7611.6,       2.43,       1.23
    0,     5,     6,     135.26,      75.60,       0.00,    11331.2,       2.56,       1.26
    0,     5,     7,     102.23,      79.07,       0.00,     5700.2,       2.52,       1.24
    0,     5,     8,      68.62,     112.03,       0.00,    10299.5,       2.49,       1.25
    0,     5,     9,     111.49,     131.87,       0.00,    11336.7,       2.56,       1.29
    0,     5,    10,      93.81,     138.86,       0.00,     5631.5,       2.55,       1.26
    0,     5,    11,     100.43,     164.78,       0.00,     6272.4,       2.47,       1.28
    0,     6,     1,       7.66,      15.55,       0.00,     2682.2,       2.39,       1.29
    0,     6,     2,      27.89,      31.74,       0.00,    17133.0,       2.77,       1.40
    0,     6,     3,      67.14,      73.54,       0.00,     8352.8,       2.53,       1.25
    0,     6,     4,      42.40,      73.77,       0.00,     5951.5,       2.48,       1.23
    0,     6,     5,      84.91,      74.70,       0.00,     7791.9,       2.42,       1.28
    0,     6,     6,     135.34,      75.59,       0.00,    11134.3,       2.51,       1.24
    0,     6,     7,     102.36,      79.05,       0.00,     5810.1,       2.56,       1.27
    0,     6,     8,      68.62,     112.03,       0.00,    10252.2,       2.51,       1.26
    0,     6,     9,     111.52,     131.90,       0.00,    10976.6,       2.52,       1.28
    0,     6,    10,      93.83,     138.85,       0.00,     5621.4,       2.59,       1.24
    0,     6,    11,     100.47,     164.78,       0.00,     6118.2,       2.52,       1.27
    0,     7,     1,       7.60,      15.50,       0.00,     2613.8,       2.37,       1.22
    0,     7,     2,      27.91,      31.72,       0.00,    17096.3,       2.83,       1.39
    0,     7,     3,      67.11,      73.55,       0.00,     8556.2,       2.55,       1.25
    0,     7,     4,      42.41,      73.78,       0.00,     5830.9,       2.42,       1.25
    0,     7,     5,      84.93,      74.70,       0.00,     7597.8,       2.59,       1.23
    0,     7,     6,     135.34,      75.62,       0.00,    10880.4,       2.55,       1.20
    0,     7,     7,     102.24,      79.12,       0.00,     5771.6,       2.63,       1.28
    0,     7,     8,      68.65,     112.00,       0.00,    10066.0,       2.49,       1.23
    0,     7,     9,     111.41,     131.89,       0.00,    11063.6,       2.57,       1.28
    0,     7,    10,      93.80,     138.85,       0.00,     5356.4,       2.46,       1.24
    0,     7,    11,     100.51,     164.77,       0.00,     6362.9,       2.49,       1.24
    0,     8,     1,       7.81,      15.48,       0.00,     2683.7,       2.46,       1.20
    0,     8,     2,      27.92,      31.69,       0.00,    17021.3,       2.78,       1.38
    0,     8,     3,      42.50,      73.81,       0.00,     5603.6,       2.48,       1.20
    0,     8,     4,      67.07,      73.52,       0.00,     8414.7,       2.59,       1.26
    0,     8,     5,      84.83,      74.71,       0.00,     7622.1,       2.55,       1.24
    0,     8,     6,     135.31,      75.63,       0.00,    11236.8,       2.55,       1.24
    0,     8,     7,     102.32,      79.09,       0.00,     5819.5,       2.44,       1.26
    0,     8,     8,      68.65,     112.01,       0.00,    10288.4,       2.50,       1.27
    0,     8,     9,     111.49,     131.89,       0.00,    10628.3,       2.49,       1.26
    0,     8,    10,      93.78,     138.83,       0.00,     5263.3,       2.49,       1.24
    0,     8,    11,     100.45,     164.78,       0.00,     6391.4,       2.47,       1.28
    0,     9,     1,       7.67,      15.54,       0.00,     2669.9,       2.53,       1.22
    0,     9,     2,      27.94,      31.72,       0.00,    16680.1,       2.76,       1.38
    0,     9,     3,      42.42,      73.82,       0.00,     5669.7,       2.57,       1.23
    0,     9,     4,      67.19,      73.54,       0.00,     8474.5,       2.54,       1.26
    0,     9,     5,      84.93,      74.69,       0.00,     7021.4,       2.57,       1.22
    0,     9,     6,     135.42,      75.58,       0.00,    10968.4,       2.51,       1.24
    0,     9,     7,     102.30,      79.08,       0.00,     5545.6,       2.53,       1.21
    0,     9,     8,      68.57,     112.00,       0.00,    10224.9,       2.52,       1.28
    0,     9,     9,     111.45,     131.90,       0.00,    10767.0,       2.57,       1.27
    0,     9,    10,      93.78,     138.84,       0.00,     5476.8,       2.51,       1.23
    0,     9,    11,     100.49,     164.80,       0.00,     6111.3,       2.50,       1.27
    0,    10,     1,       7.60,      15.53,       0.00,     2400.4,       2.50,       1.17
    0,    10,     2,      27.92,      31.71,       0.00,    16877.3,       2.76,       1.39
    0,    10,     3,      42.51,      73.82,       0.00,     5680.2,       2.47,       1.22
    0,    10,     4,      67.20,      73.50,       0.00,     8636.5,       2.57,       1.25
    0,    10,     5,      84.84,      74.71,       0.00,     7244.2,       2.40,       1.27
    0,    10,     6,     135.39,      75.57,       0.00,    10832.3,       2.53,       1.23
    0,    10,     7,     102.29,      79.06,       0.00,     5505.8,       2.49,       1.21
    0,    10,     8,      68.67,     112.01,       0.00,    10014.3,       2.48,       1.25
    0,    10,     9,     111.51,     131.89,       0.00,    11106.1,       2.53,       1.29
    0,    10,    10,      93.88,     138.82,       0.00,     5675.6,       2.46,       1.26
    0,    10,    11,     100.49,     164.75,       0.00,     6140.0,       2.52,       1.25
    0,    11,     1,       7.65,      15.57,       0.00,     2670.0,       2.55,       1.20
    0,    11,     2,      27.95,      31.74,       0.00,    16859.5,       2.78,       1.39
    0,    11,     3,      42.46,      73.78,       0.00,     5757.4,       2.52,       1.25
    0,    11,     4,      67.17,      73.53,       0.00,     8875.2,       2.53,       1.25
    0,    11,     5,      84.85,      74.73,       0.00,     7246.0,       2.51,       1.23
    0,    11,     6,     135.35,      75.62,       0.00,    11110.6,       2.53,       1.23
    0,    11,     7,     102.37,      79.09,       0.00,     5640.3,       2.50,       1.24
    0,    11,     8,      68.63,     111.98,       0.00,     9645.7,       2.46,       1.24
    0,    11,     9,     111.41,     131.89,       0.00,    10894.0,       2.57,       1.30
    0,    11,    10,      93.80,     138.86,       0.00,     5375.9,       2.50,       1.25
    0,    11,    11,     100.48,     164.81,       0.00,     6189.1,       2.55,       1.24
    0,    12,     1,       7.80,      15.49,       0.00,     2784.7,       2.61,       1.23
    0,    12,     2,      27.97,      31.72,       0.00,    16665.0,       2.73,       1.40
    0,    12,     3,      42.50,      73.80,       0.00,     5856.2,       2.60,       1.22
    0,    12,     4,      67.27,      73.51,       0.00,     8798.8,       2.55,       1.25
    0,    12,     5,      84.90,      74.67,       0.00,     7334.0,       2.55,       1.21
    0,    12,     6,     135.32,      75.61,       0.00,    11282.4,       2.61,       1.24
    0,    12,     7,     102.24,      79.07,       0.00,     5274.1,       2.46,       1.20
    0,    12,     8,      68.61,     112.00,       0.00,    10009.7,       2.50,       1.26
    0,    12,     9,     111.48,     131.93,       0.00,    10980.1,       2.57,       1.27
    0,    12,    10,      93.83,     138.82,       0.00,     5532.8,       2.51,       1.24
    0,    12,    11,     100.43,     164.79,       0.00,     6459.8,       2.54,       1.27
    0,    13,     1,       7.65,      15.48,       0.00,     2492.8,       2.45,       1.19
    0,    13,     2,      27.95,      31.70,       0.00,    17042.2,       2.78,       1.40
    0,    13,     3,      42.44,      73.83,       0.00,     5594.2,       2.34,       1.20
    0,    13,     4,      67.15,      73.54,       0.00,     8723.2,       2.45,       1.26
    0,    13,     5,      84.92,      74.66,       0.00,     7346.0,       2.42,       1.25
    0,    13,     6,     135.33,      75.61,       0.00,    11296.2,       2.58,       1.26
    0,    13,     7,     102.29,      79.08,       0.00,     5668.1,       2.57,       1.22
    0,    13,     8,      68.67,     111.99,       0.00,     9788.8,       2.47,       1.27
    0,    13,     9,     111.48,     131.89,       0.00,    11074.9,       2.63,       1.25
    0,    13,    10,      93.85,     138.82,       0.00,     5334.8,       2.51,       1.22
    0,    13,    11,     100.47,     164.79,       0.00,     6239.6,       2.54,       1.24
    0,    14,     1,       7.64,      15.50,       0.00,     2598.8,       2.52,       1.20
    0,    14,     2,      27.96,      31.72,       0.00,    17324.0,       2.80,       1.41
    0,    14,     3,      67.21,      73.52,       0.00,     8568.6,       2.44,       1.23
    0,    14,     4,      42.45,      73.78,       0.00,     5859.5,       2.54,       1.25
    0,    14,     5,      84.83,      74.67,       0.00,     7439.4,       2.46,       1.22
    0,    14,     6,     135.33,      75.63,       0.00,    11580.5,       2.55,       1.26
    0,    14,     7,     102.37,      79.06,       0.00,     5712.2,       2.53,       1.24
    0,    14,     8,      68.62,     111.99,       0.00,    10049.2,       2.47,       1.27
    0,    14,     9,     111.49,     131.89,       0.00,    11119.2,       2.58,       1.27
    0,    14,    10,      93.97,     138.79,       0.00,     5295.4,       2.58,       1.27
    0,    14,    11,     100.48,     164.78,       0.00,     6371.1,       2.57,       1.25
    0,    15,     1,       7.77,      15.47,       0.00,     2633.0,       2.57,       1.24
    0,    15,     2,      27.90,      31.70,       0.00,    16996.7,       2.82,       1.37
    0,    15,     3,      67.23,      73.53,       0.00,     9054.2,       2.52,       1.26
    0,    15,     4,      42.44,      73.80,       0.00,     5594.7,       2.34,       1.22
    0,    15,     5,      84.82,      74.69,       0.00,     7747.0,       2.56,       1.25
    0,    15,     6,     135.38,      75.64,       0.00,    11110.7,       2.48,       1.25
    0,    15,     7,     102.25,      79.07,       0.00,     5094.7,       2.47,       1.24
    0,    15,     8,      68.61,     112.03,       0.00,    10165.5,       2.51,       1.25
    0,    15,     9,     111.43,     131.91,       0.00,    11066.6,       2.58,       1.29
    0,    15,    10,      93.89,     138.82,       0.00,     5031.0,       2.44,       1.29
    0,    15,    11,     100.48,     164.78,       0.00,     6200.4,       2.52,       1.24
    0,    16,     1,       7.79,      15.49,       0.00,     2413.9,       2.38,       1.19
    0,    16,     2,      27.96,      31.73,       0.00,    17292.3,       2.80,       1.41
    0,    16,     3,      67.22,      73.57,       0.00,     8942.1,       2.53,       1.25
    0,    16,     4,      42.45,      73.78,       0.00,     5777.2,       2.50,       1.21
    0,    16,     5,      84.79,      74.69,       0.00,     7283.9,       2.51,       1.19
    0,    16,     6,     135.33,      75.59,       0.00,    11518.4,       2.58,       1.26
    0,    16,     7,     102.37,      79.09,       0.00,     4974.1,       2.55,       1.21
    0,    16,     8,      68.66,     112.01,       0.00,     9890.5,       2.44,       1.25
    0,    16,     9,     111.51,     131.90,       0.00,    11081.7,       2.58,       1.28
    0,    16,    10,      93.90,     138.84,       0.00,     5273.0,       2.56,       1.29
    0,    16,    11,     100.44,     164.80,       0.00,     6181.6,       2.55,       1.28
    0,    17,     1,       7.77,      15.53,       0.00,     2686.0,       2.39,       1.30
    0,    17,     2,      27.95,      31.71,       0.00,    17143.4,       2.83,       1.38
    0,    17,     3,      67.22,      73.53,       0.00,     9024.8,       2.51,       1.24
    0,    17,     4,      42.55,      73.76,       0.00,     5785.0,       2.48,       1.23
    0,    17,     5,      84.84,      74.71,       0.00,     7283.5,       2.50,       1.21
    0,    17,     6,     135.36,      75.61,       0.00,    11512.1,       2.58,       1.24
    0,    17,     7,     102.33,      79.04,       0.00,     5193.4,       2.56,       1.27
    0,    17,     8,      68.63,     112.03,       0.00,     9975.8,       2.42,       1.22
    0,    17,     9,     111.52,     131.90,       0.00,    11203.1,       2.59,       1.29
    0,    17,    10,      93.83,     138.77,       0.00,     5032.4,       2.51,       1.25
    0,    17,    11,     100.49,     164.79,       0.00,     5986.3,       2.34,       1.26
    0,    18,     1,       7.67,      15.52,       0.00,     2713.5,       2.66,       1.24
    0,    18,     2,      27.94,      31.71,       0.00,    16867.3,       2.77,       1.39
    0,    18,     3,      67.25,      73.50,       0.00,     8729.5,       2.49,       1.24
    0,    18,     4,      42.49,      73.79,       0.00,     5936.0,       2.52,       1.20
    0,    18,     5,      84.87,      74.69,       0.00,     7448.3,       2.51,       1.26
    0,    18,     6,     135.37,      75.63,       0.00,    11577.9,       2.55,       1.26
    0,    18,     7,     102.26,      79.07,       0.00,     5023.5,       2.66,       1.24
    0,    18,     8,      68.58,     112.01,       0.00,    10178.4,       2.51,       1.28
    0,    18,     9,     111.51,     131.91,       0.00,    11012.4,       2.55,       1.28
    0,    18,    10,      94.00,     138.80,       0.00,     5114.0,       2.56,       1.33
    0,    18,    11,     100.50,     164.81,       0.00,     6150.8,       2.54,       1.22
    0,    19,     1,       7.57,      15.54,       0.00,     2707.2,       2.57,       1.26
    0,    19,     2,      27.93,      31.71,       0.00,    16749.7,       2.78,       1.38
    0,    19,     3,      42.47,      73.79,       0.00,     5724.9,       2.52,       1.20
    0,    19,     4,      67.24,      73.54,       0.00,     8914.4,       2.53,       1.22
    0,    19,     5,      84.93,      74.66,       0.00,     7408.1,       2.53,       1.24
    0,    19,     6,     135.27,      75.59,       0.00,    11272.1,       2.65,       1.24
    0,    19,     7,     102.29,      79.11,       0.00,     5312.5,       2.51,       1.23
    0,    19,     8,      68.64,     112.00,       0.00,    10163.9,       2.54,       1.24
    0,    19,     9,     111.48,     131.90,       0.00,    11079.8,       2.58,       1.27
    0,    19,    10,      93.89,     138.81,       0.00,     4685.8,       2.47,       1.21
    0,    19,    11,     100.54,     164.79,       0.00,     6114.1,       2.52,       1.24
    0,    20,     1,       7.72,      15.53,       0.00,     2662.4,       2.55,       1.13
    0,    20,     2,      27.89,      31.71,       0.00,    16522.4,       2.73,       1.38
    0,    20,     3,      42.48,      73.76,       0.00,     5883.8,       2.54,       1.25
    0,    20,     4,      67.15,      73.50,       0.00,     8693.6,       2.54,       1.25
    0,    20,     5,      84.93,      74.68,       0.00,     7561.6,       2.57,       1.23
    0,    20,     6,     135.33,      75.61,       0.00,    11026.7,       2.57,       1.23
    0,    20,     7,     102.29,      79.10,       0.00,     5571.9,       2.58,       1.22
    0,    20,     8,      68.64,     111.99,       0.00,    10076.2,       2.45,       1.26
    0,    20,     9,     111.51,     131.88,       0.00,    10996.6,       2.55,       1.26
    0,    20,    10,      93.91,     138.79,       0.00,     4976.7,       2.48,       1.27
    0,    20,    11,     100.63,     164.80,       0.00,     6003.2,       2.51,       1.23
    0,    21,     1,       7.71,      15.43,       0.00,     2569.9,       2.48,       1.20
    0,    21,     2,      27.97,      31.70,       0.00,    17095.5,       2.78,       1.41
    0,    21,     3,      42.52,      73.80,       0.00,     5843.4,       2.53,       1.22
    0,    21,     4,      67.16,      73.52,       0.00,     8816.1,       2.56,       1.23
    0,    21,     5,      84.94,      74.70,       0.00,     7509.1,       2.44,       1.23
    0,    21,     6,     135.39,      75.61,       0.00,    11072.2,       2.59,       1.22
    0,    21,     7,     102.39,      79.07,       0.00,     5682.6,       2.55,       1.21
    0,    21,     8,      68.71,     112.03,       0.00,    10311.1,       2.53,       1.25
    0,    21,     9,     111.48,     131.89,       0.00,    11198.7,       2.59,       1.25
    0,    21,    10,      93.86,     138.84,       0.00,     4624.2,       2.42,       1.20
    0,    21,    11,     100.46,     164.75,       0.00,     6222.4,       2.53,       1.23
    0,    22,     1,       7.60,      15.47,       0.00,     2689.1,       2.59,       1.26
    0,    22,     2,      27.93,      31.72,       0.00,    16974.4,       2.79,       1.40
    0,    22,     3,      42.53,      73.76,       0.00,     5741.3,       2.45,       1.20
    0,    22,     4,      67.20,      73.52,       0.00,     8922.2,       2.53,       1.23
    0,    22,     5,      84.90,      74.67,       0.00,     7359.0,       2.58,       1.19
    0,    22,     6,     135.36,      75.60,       0.00,    11308.9,       2.58,       1.23
    0,    22,     7,     102.33,      79.09,       0.00,     5730.6,       2.61,       1.22
    0,    22,     8,      68.66,     112.02,       0.00,    10248.7,       2.46,       1.25
    0,    22,     9,     111.44,     131.87,       0.00,    11049.6,       2.64,       1.29
    0,    22,    10,      93.99,     138.75,       0.00,     4671.4,       2.34,       1.22
    0,    22,    11,     100.51,     164.78,       0.00,     6106.7,       2.54,       1.31
    0,    23,     1,       7.79,      15.55,       0.00,     2529.0,       2.54,       1.20
    0,    23,     2,      27.97,      31.71,       0.00,    16750.8,       2.71,       1.40
    0,    23,     3,      67.21,      73.54,       0.00,     8709.9,       2.52,       1.23
    0,    23,     4,      42.54,      73.80,       0.00,     5603.8,       2.50,       1.22
    0,    23,     5,      84.88,      74.66,       0.00,     7393.8,       2.52,       1.25
    0,    23,     6,     135.33,      75.63,       0.00,    11376.3,       2.56,       1.24
    0,    23,     7,     102.28,      79.10,       0.00,     5640.6,       2.57,       1.21
    0,    23,     8,      68.62,     112.01,       0.00,    10125.9,       2.54,       1.26
    0,    23,     9,     111.42,     131.87,       0.00,    10923.2,       2.57,       1.28
    0,    23,    10,      93.97,     138.75,       0.00,     4730.1,       2.51,       1.26
    0,    23,    11,     100.47,     164.76,       0.00,     6030.4,       2.47,       1.23
    0,    24,     1,       7.76,      15.52,       0.00,     2542.0,       2.40,       1.25
    0,    24,     2,      27.94,      31.69,       0.00,    16746.5,       2.77,       1.39
    0,    24,     3,      42.48,      73.83,       0.00,     5956.1,       2.47,       1.26
    0,    24,     4,      67.18,      73.52,       0.00,     8852.6,       2.53,       1.24
    0,    24,     5,      84.92,      74.71,       0.00,     7169.7,       2.45,       1.21
    0,    24,     6,     135.36,      75.60,       0.00,    11395.7,       2.58,       1.23
    0,    24,     7,     102.34,      79.05,       0.00,     5580.6,       2.60,       1.24
    0,    24,     8,      68.56,     111.99,       0.00,    10081.4,       2.53,       1.27
    0,    24,     9,     111.46,     131.89,       0.00,    10465.3,       2.56,       1.25
    0,    24,    10,      93.95,     138.81,       0.00,     4741.3,       2.55,       1.21
    0,    24,    11,     100.49,     164.87,       0.00,     6108.6,       2.53,       1.26
    0,    25,     1,       7.79,      15.56,       0.00,     2620.4,       2.41,       1.23
    0,    25,     2,      27.92,      31.70,       0.00,    16589.9,       2.74,       1.39
    0,    25,     3,      42.51,      73.79,       0.00,     5998.0,       2.60,       1.24
    0,    25,     4,      67.19,      73.56,       0.00,     8973.5,       2.55,       1.26
    0,    25,     5,      84.92,      74.71,       0.00,     7466.1,       2.49,       1.23
    0,    25,     6,     135.31,      75.63,       0.00,    11184.1,       2.54,       1.23
    0,    25,     7,     102.34,      79.12,       0.00,     5527.9,       2.52,       1.22
    0,    25,     8,      68.65,     112.03,       0.00,    10016.6,       2.50,       1.25
    0,    25,     9,     111.48,     131.91,       0.00,    10753.7,       2.57,       1.28
    0,    25,    10,      93.98,     138.84,       0.00,     4969.6,       2.44,       1.25
    0,    25,    11,     100.62,     164.73,       0.00,     6045.5,       2.46,       1.24
    0,    26,     1,       7.75,      15.53,       0.00,     2668.4,       2.51,       1.28
    0,    26,     2,      27.96,      31.70,       0.00,    16726.4,       2.77,       1.38
    0,    26,     3,      67.18,      73.55,       0.00,     8931.6,       2.55,       1.24
    0,    26,     4,      42.53,      73.75,       0.00,     6010.1,       2.57,       1.24
    0,    26,     5,      84.85,      74.70,       0.00,     7602.0,       2.51,       1.24
    0,    26,     6,     135.35,      75.61,       0.00,    11296.8,       2.51,       1.23
    0,    26,     7,     102.31,      79.10,       0.00,     5797.9,       2.52,       1.28
    0,    26,     8,      68.61,     112.03,       0.00,    10059.0,       2.50,       1.24
    0,    26,     9,     111.44,     131.91,       0.00,    10858.5,       2.56,       1.29
    0,    26,    10,      93.93,     138.79,       0.00,     4901.6,       2.62,       1.22
    0,    26,    11,     100.50,     164.78,       0.00,     6415.0,       2.50,       1.26
    0,    27,     1,       7.79,      15.54,       0.00,     2540.2,       2.45,       1.22
    0,    27,     2,      27.95,      31.73,       0.00,    17125.7,       2.81,       1.40
    0,    27,     3,      67.15,      73.56,       0.00,     9179.5,       2.56,       1.26
    0,    27,     4,      42.45,      73.80,       0.00,     5548.6,       2.36,       1.17
    0,    27,     5,      84.91,      74.71,       0.00,     7204.6,       2.44,       1.23
    0,    27,     6,     135.39,      75.60,       0.00,    11031.3,       2.53,       1.22
    0,    27,     7,     102.38,      79.10,       0.00,     5528.9,       2.49,       1.22
    0,    27,     8,      68.68,     111.96,       0.00,    10354.0,       2.50,       1.26
    0,    27,     9,     111.49,     131.91,       0.00,    11246.6,       2.67,       1.27
    0,    27,    10,      93.89,     138.77,       0.00,     4931.3,       2.49,       1.27
    0,    27,    11,     100.49,     164.77,       0.00,     6282.2,       2.39,       1.29
    0,    28,     1,       7.51,      15.49,       0.00,     2751.4,       2.72,       1.24
    0,    28,     2,      27.93,      31.70,       0.00,    17014.6,       2.81,       1.39
    0,    28,     3,      67.18,      73.49,       0.00,     9020.9,       2.53,       1.27
    0,    28,     4,      42.51,      73.79,       0.00,     5474.0,       2.41,       1.22
    0,    28,     5,      84.92,      74.70,       0.00,     7301.6,       2.51,       1.25
    0,    28,     6,     135.33,      75.61,       0.00,    11149.3,       2.53,       1.23
    0,    28,     7,     102.35,      79.11,       0.00,     5601.5,       2.52,       1.20
    0,    28,     8,      68.65,     112.02,       0.00,     9837.2,       2.46,       1.26
    0,    28,     9,     111.47,     131.90,       0.00,    10905.1,       2.55,       1.27
    0,    28,    10,      93.89,     138.75,       0.00,     5016.8,       2.45,       1.24
    0,    28,    11,     100.49,     164.78,       0.00,     6388.1,       2.58,       1.30
    0,    29,     1,       7.68,      15.46,       0.00,     2425.3,       2.44,       1.19
    0,    29,     2,      27.96,      31.73,       0.00,    17314.6,       2.79,       1.40
    0,    29,     3,      67.21,      73.55,       0.00,     9111.0,       2.55,       1.27
    0,    29,     4,      42.41,      73.80,       0.00,     5964.5,       2.63,       1.23
    0,    29,     5,      84.95,      74.69,       0.00,     7453.7,       2.47,       1.25
    0,    29,     6,     135.34,      75.63,       0.00,    11688.6,       2.58,       1.24
    0,    29,     7,     102.33,      79.13,       0.00,     5597.6,       2.49,       1.22
    0,    29,     8,      68.67,     111.99,       0.00,    10320.6,       2.53,       1.24
    0,    29,     9,     111.43,     131.89,       0.00,    10938.2,       2.54,       1.27
    0,    29,    10,      94.00,     138.76,       0.00,     5033.8,       2.56,       1.28
    0,    29,    11,     100.47,     164.77,       0.00,     6304.4,       2.57,       1.25
    0,    30,     1,       7.78,      15.51,       0.00,     2483.7,       2.29,       1.19
    0,    30,     2,      27.97,      31.70,       0.00,    17286.5,       2.78,       1.41
    0,    30,     3,      67.17,      73.55,       0.00,     8662.7,       2.62,       1.24
    0,    30,     4,      42.44,      73.79,       0.00,     5828.8,       2.55,       1.26
    0,    30,     5,      84.85,      74.67,       0.00,     7171.3,       2.50,       1.21
    0,    30,     6,     135.31,      75.61,       0.00,    11539.4,       2.56,       1.25
    0,    30,     7,     102.33,      79.11,       0.00,     5465.8,       2.50,       1.20
    0,    30,     8,      68.68,     112.01,       0.00,    10429.0,       2.52,       1.27
    0,    30,     9,     111.42,     131.89,       0.00,    10698.2,       2.54,       1.27
    0,    30,    10,      94.02,     138.76,       0.00,     4794.5,       2.48,       1.24
    0,    30,    11,     100.48,     164.76,       0.00,     6360.6,       2.55,       1.29
    0,    31,     1,       7.84,      15.48,       0.00,     2734.4,       2.48,       1.24
    0,    31,     2,      27.98,      31.71,       0.00,    17195.7,       2.78,       1.40
    0,    31,     3,      42.42,      73.82,       0.00,     5695.1,       2.44,       1.19
    0,    31,     4,      67.15,      73.53,       0.00,     8535.3,       2.59,       1.23
    0,    31,     5,      84.93,      74.72,       0.00,     7319.9,       2.47,       1.22
    0,    31,     6,     135.28,      75.62,       0.00,    11444.4,       2.58,       1.25
    0,    31,     7,     102.47,      79.08,       0.00,     5618.9,       2.49,       1.20
    0,    31,     8,      68.60,     112.04,       0.00,    10180.0,       2.47,       1.23
    0,    31,     9,     111.44,     131.87,       0.00,    10882.3,       2.58,       1.26
    0,    31,    10,      93.98,     138.78,       0.00,     5183.2,       2.51,       1.29
    0,    31,    11,     100.54,     164.80,       0.00,     6130.7,       2.61,       1.28
    0,    32,     1,       7.61,      15.57,       0.00,     2683.9,       2.58,       1.25
    0,    32,     2,      27.99,      31.71,       0.00,    16987.1,       2.77,       1.39
    0,    32,     3,      67.19,      73.54,       0.00,     8785.0,       2.59,       1.28
    0,    32,     4,      42.47,      73.79,       0.00,     5570.7,       2.37,       1.22
    0,    32,     5,      84.82,      74.68,       0.00,     7469.3,       2.43,       1.20
    0,    32,     6,     135.38,      75.62,       0.00,    11606.7,       2.57,       1.25
    0,    32,     7,     102.36,      79.08,       0.00,     5813.2,       2.54,       1.21
    0,    32,     8,      68.62,     112.02,       0.00,    10635.9,       2.49,       1.26
    0,    32,     9,     111.46,     131.89,       0.00,    10903.1,       2.54,       1.27
    0,    32,    10,      93.91,     138.76,       0.00,     5123.2,       2.46,       1.23
    0,    32,    11,     100.52,     164.76,       0.00,     6570.4,       2.53,       1.31
    0,    33,     1,       7.78,      15.50,       0.00,     2606.1,       2.48,       1.20
    0,    33,     2,      27.95,      31.72,       0.00,    17014.3,       2.77,       1.40
    0,    33,     3,      67.23,      73.54,       0.00,     8671.2,       2.55,       1.31
    0,    33,     4,      42.44,      73.80,       0.00,     6035.0,       2.50,       1.24
    0,    33,     5,      84.89,      74.68,       0.00,     7365.5,       2.51,       1.23
    0,    33,     6,     135.34,      75.60,       0.00,    11416.7,       2.56,       1.24
    0,    33,     7,     102.38,      79.10,       0.00,     5720.0,       2.54,       1.24
    0,    33,     8,      68.66,     112.00,       0.00,    10643.4,       2.53,       1.26
    0,    33,     9,     111.38,     131.87,       0.00,    10752.3,       2.58,       1.25
    0,    33,    10,      93.95,     138.75,       0.00,     4986.2,       2.48,       1.25
    0,    33,    11,     100.55,     164.82,       0.00,     6243.5,       2.60,       1.25
    0,    34,     1,       7.84,      15.42,       0.00,     2623.4,       2.56,       1.17
    0,    34,     2,      27.97,      31.69,       0.00,    16766.6,       2.78,       1.38
    0,    34,     3,      42.43,      73.81,       0.00,     5715.7,       2.49,       1.22
    0,    34,     4,      67.19,      73.49,       0.00,     8288.0,       2.51,       1.23
    0,    34,     5,      84.79,      74.69,       0.00,     7468.7,       2.47,       1.23
    0,    34,     6,     135.35,      75.59,       0.00,    11542.4,       2.60,       1.25
    0,    34,     7,     102.35,      79.09,       0.00,     5903.3,       2.45,       1.23
    0,    34,     8,      68.68,     112.03,       0.00,    10847.5,       2.45,       1.25
    0,    34,     9,     111.44,     131.91,       0.00,    10931.3,       2.57,       1.28
    0,    34,    10,      93.96,     138.83,       0.00,     5071.9,       2.56,       1.28
    0,    34,    11,     100.49,     164.82,       0.00,     6188.1,       2.47,       1.23
    0,    35,     1,       7.74,      15.49,       0.00,     2557.1,       2.39,       1.26
    0,    35,     2,      27.93,      31.73,       0.00,    16868.1,       2.77,       1.39
    0,    35,     3,      42.47,      73.77,       0.00,     5836.1,       2.48,       1.23
    0,    35,     4,      67.21,      73.55,       0.00,     8088.4,       2.46,       1.20
    0,    35,     5,      84.92,      74.67,       0.00,     7283.9,       2.50,       1.20
    0,    35,     6,     135.33,      75.61,       0.00,    11500.4,       2.56,       1.25
    0,    35,     7,     102.32,      79.11,       0.00,     5654.2,       2.54,       1.19
    0,    35,     8,      68.65,     112.02,       0.00,    10719.1,       2.54,       1.27
    0,    35,     9,     111.45,     131.89,       0.00,    10273.1,       2.53,       1.26
    0,    35,    10,      93.88,     138.80,       0.00,     4755.2,       2.48,       1.22
    0,    35,    11,     100.48,     164.77,       0.00,     6349.2,       2.53,       1.30
    0,    36,     1,       7.90,      15.48,       0.00,     2549.4,       2.48,       1.21
    0,    36,     2,      27.99,      31.70,       0.00,    16610.5,       2.76,       1.38
    0,    36,     3,      67.19,      73.53,       0.00,     8582.5,       2.56,       1.26
    0,    36,     4,      42.41,      73.82,       0.00,     5911.1,       2.54,       1.26
    0,    36,     5,      84.87,      74.62,       0.00,     7367.7,       2.59,       1.20
    0,    36,     6,     135.35,      75.61,       0.00,    12010.7,       2.58,       1.25
    0,    36,     7,     102.39,      79.12,       0.00,     5182.1,       2.41,       1.21
    0,    36,     8,      68.62,     111.98,       0.00,    10636.9,       2.55,       1.28
    0,    36,     9,     111.41,     131.88,       0.00,    10653.3,       2.62,       1.26
    0,    36,    10,      94.08,     138.77,       0.00,     5161.0,       2.60,       1.24
    0,    36,    11,     100.42,     164.82,       0.00,     6663.9,       2.53,       1.33
    0,    37,     1,       7.68,      15.53,       0.00,     2699.7,       2.56,       1.21
    0,    37,     2,      27.96,      31.72,       0.00,    17004.0,       2.83,       1.38
    0,    37,     3,      67.22,      73.52,       0.00,     8228.3,       2.52,       1.26
    0,    37,     4,      42.51,      73.77,       0.00,     5879.0,       2.45,       1.22
    0,    37,     5,      84.91,      74.67,       0.00,     7604.8,       2.59,       1.25
    0,    37,     6,     135.30,      75.61,       0.00,    11999.3,       2.58,       1.27
    0,    37,     7,     102.49,      79.07,       0.00,     5678.7,       2.51,       1.21
    0,    37,     8,      68.58,     112.01,       0.00,    10537.5,       2.56,       1.25
    0,    37,     9,     111.48,     131.87,       0.00,    10892.4,       2.57,       1.27
    0,    37,    10,      94.03,     138.80,       0.00,     4971.7,       2.51,       1.23
    0,    37,    11,     100.43,     164.75,       0.00,     6306.0,       2.49,       1.24
    0,    38,     1,       7.79,      15.51,       0.00,     2585.8,       2.51,       1.20
    0,    38,     2,      27.96,      31.71,       0.00,    16626.9,       2.74,       1.38
    0,    38,     3,      42.47,      73.81,       0.00,     5945.9,       2.39,       1.27
    0,    38,     4,      67.15,      73.53,       0.00,     8622.3,       2.58,       1.27
    0,    38,     5,      84.89,      74.65,       0.00,     7471.0,       2.50,       1.23
    0,    38,     6,     135.37,      75.60,       0.00,    11503.8,       2.58,       1.24
    0,    38,     7,     102.33,      79.05,       0.00,     5741.5,       2.48,       1.21
    0,    38,     8,      68.64,     112.03,       0.00,    10042.7,       2.44,       1.24
    0,    38,     9,     111.43,     131.89,       0.00,    10630.6,       2.51,       1.25
    0,    38,    10,      94.07,     138.76,       0.00,     5047.0,       2.53,       1.28
    0,    38,    11,     100.51,     164.77,       0.00,     6180.1,       2.52,       1.25
    0,    39,     1,       7.71,      15.49,       0.00,     2602.4,       2.53,       1.18
    0,    39,     2,      27.95,      31.72,       0.00,    17169.1,       2.81,       1.39
    0,    39,     3,      42.48,      73.79,       0.00,     5812.6,       2.49,       1.23
    0,    39,     4,      67.22,      73.56,       0.00,     7953.6,       2.53,       1.22
    0,    39,     5,      84.93,      74.70,       0.00,     7352.4,       2.48,       1.24
    0,    39,     6,     135.33,      75.63,       0.00,    12365.9,       2.60,       1.27
    0,    39,     7,     102.43,      79.15,       0.00,     5669.0,       2.43,       1.25
    0,    39,     8,      68.69,     112.03,       0.00,     9998.3,       2.40,       1.23
    0,    39,     9,     111.54,     131.88,       0.00,    10916.8,       2.49,       1.26
    0,    39,    10,      94.01,     138.78,       0.00,     4948.9,       2.53,       1.26
    0,    39,    11,     100.51,     164.79,       0.00,     6222.9,       2.54,       1.26
    0,    40,     1,       7.62,      15.49,       0.00,     2553.1,       2.64,       1.19
    0,    40,     2,      28.01,      31.69,       0.00,    16745.4,       2.74,       1.38
    0,    40,     3,      67.20,      73.54,       0.00,     8569.0,       2.51,       1.22
    0,    40,     4,      42.53,      73.80,       0.00,     5767.3,       2.52,       1.20
    0,    40,     5,      84.89,      74.68,       0.00,     7265.7,       2.57,       1.21
    0,    40,     6,     135.38,      75.59,       0.00,    11872.7,       2.55,       1.23
    0,    40,     7,     102.36,      79.05,       0.00,     5834.3,       2.47,       1.23
    0,    40,     8,      68.65,     112.01,       0.00,    10246.6,       2.48,       1.22
    0,    40,     9,     111.47,     131.88,       0.00,    10423.4,       2.54,       1.23
    0,    40,    10,      93.95,     138.79,       0.00,     5013.6,       2.46,       1.24
    0,    40,    11,     100.60,     164.77,       0.00,     6212.9,       2.53,       1.26
