#stackID(UINT32), frameID(UINT32), eventID(UINT32), x0(float), y0(float), z0(float), photon_count0(float), sigmaX0(float), sigmaY0(float) 
    0,     0,     1,       9.10,      14.48,       0.00,     3696.0,       1.23,       2.00
    0,     0,     2,      29.29,      30.85,       0.00,    23971.7,       1.49,       2.06
    0,     0,     3,      68.42,      72.62,       0.00,    11539.7,       1.34,       2.01
    0,     0,     4,      43.78,      72.87,       0.00,     8180.4,       1.33,       2.04
    0,     0,     5,      86.16,      73.73,       0.00,     7692.9,       1.30,       1.98
    0,     0,     6,     136.63,      74.75,       0.00,    16625.6,       1.31,       2.10
    0,     0,     7,     103.56,      78.29,       0.00,     8725.2,       1.33,       2.14
    0,     0,     8,      70.04,     111.08,       0.00,    13266.4,       1.36,       1.98
    0,     0,     9,     112.72,     130.99,       0.00,    17560.8,       1.38,       1.99
    0,     0,    10,      95.08,     137.87,       0.00,     5287.3,       1.32,       1.87
    0,     0,    11,     101.85,     163.79,       0.00,     8483.7,       1.39,       2.02
    0,     1,     1,       9.14,      14.61,       0.00,     3738.8,       1.33,       2.04
    0,     1,     2,      29.29,      30.87,       0.00,    23740.2,       1.47,       2.08
    0,     1,     3,      68.42,      72.59,       0.00,    11300.2,       1.30,       2.00
    0,     1,     4,      43.82,      72.92,       0.00,     8301.4,       1.36,       2.08
    0,     1,     5,      86.16,      73.74,       0.00,     7742.5,       1.34,       1.97
    0,     1,     6,     136.62,      74.72,       0.00,    16343.7,       1.34,       2.09
    0,     1,     7,     103.54,      78.25,       0.00,     8314.9,       1.33,       2.08
    0,     1,     8,      70.03,     111.07,       0.00,    13422.4,       1.37,       1.98
    0,     1,     9,     112.70,     130.97,       0.00,    16940.0,       1.35,       1.99
    0,     1,    10,      95.12,     137.89,       0.00,     5295.1,       1.28,       1.96
    0,     1,    11,     101.87,     163.78,       0.00,     8032.7,       1.36,       1.96
    0,     2,     1,       9.07,      14.53,       0.00,     3868.6,       1.32,       2.02
    0,     2,     2,      29.29,      30.82,       0.00,    23671.9,       1.47,       2.06
    0,     2,     3,      68.44,      72.65,       0.00,    11196.7,       1.30,       2.03
    0,     2,     4,      43.81,      72.88,       0.00,     8518.1,       1.31,       2.03
    0,     2,     5,      86.16,      73.71,       0.00,     7345.1,       1.30,       1.91
    0,     2,     6,     136.65,      74.71,       0.00,    16310.2,       1.32,       2.09
    0,     2,     7,     103.61,      78.25,       0.00,     8117.1,       1.35,       2.05
    0,     2,     8,      70.06,     111.11,       0.00,    13276.7,       1.33,       1.97
    0,     2,     9,     112.72,     130.95,       0.00,    16916.7,       1.38,       1.96
    0,     2,    10,      95.12,     137.88,       0.00,     5624.3,       1.43,       1.87
    0,     2,    11,     101.88,     163.79,       0.00,     7976.8,       1.37,       2.00
    0,     3,     1,       9.08,      14.50,       0.00,     3828.1,       1.35,       2.06
    0,     3,     2,      29.30,      30.84,       0.00,    23596.2,       1.47,       2.05
    0,     3,     3,      68.41,      72.63,       0.00,    11281.7,       1.30,       2.05
    0,     3,     4,      43.79,      72.90,       0.00,     8517.0,       1.36,       2.04
    0,     3,     5,      86.10,      73.69,       0.00,     7239.9,       1.32,       1.92
    0,     3,     6,     136.65,      74.69,       0.00,    15791.4,       1.31,       2.06
    0,     3,     7,     103.55,      78.23,       0.00,     8314.4,       1.35,       2.06
    0,     3,     8,      70.03,     111.07,       0.00,    13172.1,       1.36,       1.96
    0,     3,     9,     112.74,     130.99,       0.00,    16841.9,       1.40,       2.00
    0,     3,    10,      95.13,     137.95,       0.00,     5703.6,       1.41,       1.86
    0,     3,    11,     101.91,     163.77,       0.00,     8205.2,       1.36,       2.00
    0,     4,     1,       9.14,      14.51,       0.00,     3788.8,       1.30,       2.07
    0,     4,     2,      29.28,      30.84,       0.00,    23897.8,       1.48,       2.08
    0,     4,     3,      68.42,      72.63,       0.00,    11583.2,       1.32,       1.98
    0,     4,     4,      43.81,      72.90,       0.00,     8459.7,       1.36,       2.02
    0,     4,     5,      86.12,      73.70,       0.00,     7292.0,       1.30,       1.94
    0,     4,     6,     136.60,      74.68,       0.00,    15601.5,       1.29,       2.03
    0,     4,     7,     103.52,      78.24,       0.00,     8401.7,       1.35,       2.09
    0,     4,     8,      70.01,     111.11,       0.00,    12896.1,       1.35,       1.96
    0,     4,     9,     112.72,     130.98,       0.00,    17410.7,       1.39,       2.02
    0,     4,    10,      95.15,     137.93,       0.00,     5579.2,       1.33,       1.87
    0,     4,    11,     101.85,     163.83,       0.00,     8037.9,       1.36,       1.95
    0,     5,     1,       9.05,      14.55,       0.00,     3626.7,       1.25,       2.03
    0,     5,     2,      29.29,      30.86,       0.00,    23086.5,       1.48,       2.01
    0,     5,     3,      68.40,      72.61,       0.00,    10881.4,       1.35,       2.03
    0,     5,     4,      43.82,      72.89,       0.00,     8278.4,       1.38,       1.92
    0,     5,     5,      86.12,      73.70,       0.00,     7598.1,       1.27,       2.01
    0,     5,     6,     136.63,      74.72,       0.00,    15559.7,       1.28,       2.06
    0,     5,     7,     103.60,      78.30,       0.00,     8217.0,       1.36,       2.07
    0,     5,     8,      70.02,     111.09,       0.00,    12668.8,       1.35,       1.93
    0,     5,     9,     112.72,     131.00,       0.00,    16512.8,       1.41,       1.93
    0,     5,    10,      95.12,     137.95,       0.00,     5429.8,       1.28,       1.84
    0,     5,    11,     101.86,     163.85,       0.00,     7967.6,       1.36,       1.97
    0,     6,     1,       9.09,      14.50,       0.00,     3788.6,       1.32,       1.94
    0,     6,     2,      29.26,      30.89,       0.00,    23466.2,       1.46,       2.06
    0,     6,     3,      68.41,      72.67,       0.00,    11196.7,       1.36,       2.01
    0,     6,     4,      43.82,      72.89,       0.00,     8546.2,       1.34,       2.07
    0,     6,     5,      86.09,      73.75,       0.00,     7374.5,       1.27,       1.91
    0,     6,     6,     136.60,      74.69,       0.00,    15660.8,       1.32,       2.04
    0,     6,     7,     103.52,      78.27,       0.00,     8041.6,       1.36,       2.11
    0,     6,     8,      70.05,     111.11,       0.00,    12994.3,       1.35,       1.94
    0,     6,     9,     112.69,     130.96,       0.00,    16309.0,       1.37,       1.92
    0,     6,    10,      95.11,     137.92,       0.00,     5566.2,       1.40,       1.88
    0,     6,    11,     101.82,     163.78,       0.00,     8144.1,       1.39,       2.02
    0,     7,     1,       9.07,      14.56,       0.00,     3705.0,       1.28,       2.02
    0,     7,     2,      29.25,      30.87,       0.00,    23131.3,       1.47,       2.04
    0,     7,     3,      68.45,      72.63,       0.00,    11379.8,       1.34,       2.04
    0,     7,     4,      43.83,      72.91,       0.00,     8065.2,       1.36,       2.04
    0,     7,     5,      86.15,      73.70,       0.00,     7589.5,       1.37,       1.95
    0,     7,     6,     136.57,      74.70,       0.00,    15887.9,       1.30,       2.09
    0,     7,     7,     103.53,      78.27,       0.00,     7974.9,       1.33,       2.12
    0,     7,     8,      70.01,     111.08,       0.00,    12658.7,       1.30,       1.91
    0,     7,     9,     112.71,     130.97,       0.00,    16862.9,       1.41,       1.98
    0,     7,    10,      95.12,     137.99,       0.00,     5658.9,       1.37,       1.88
    0,     7,    11,     101.84,     163.76,       0.00,     7692.1,       1.33,       1.90
    0,     8,     1,       9.06,      14.50,       0.00,     3530.3,       1.28,       1.82
    0,     8,     2,      29.27,      30.88,       0.00,    23211.0,       1.48,       2.04
    0,     8,     3,      68.39,      72.62,       0.00,    10977.8,       1.29,       2.00
    0,     8,     4,      43.80,      72.91,       0.00,     8062.1,       1.35,       2.00
    0,     8,     5,      86.12,      73.72,       0.00,     7477.5,       1.34,       1.98
    0,     8,     6,     136.59,      74.72,       0.00,    16343.1,       1.35,       2.08
    0,     8,     7,     103.51,      78.29,       0.00,     7920.9,       1.36,       2.13
    0,     8,     8,      70.00,     111.11,       0.00,    12877.6,       1.35,       1.89
    0,     8,     9,     112.70,     130.98,       0.00,    16511.0,       1.41,       1.93
    0,     8,    10,      95.14,     137.95,       0.00,     5103.3,       1.36,       1.68
    0,     8,    11,     101.84,     163.82,       0.00,     7838.1,       1.36,       1.94
    0,     9,     1,       9.05,      14.49,       0.00,     3606.2,       1.30,       2.03
    0,     9,     2,      29.29,      30.84,       0.00,    23122.6,       1.51,       2.00
    0,     9,     3,      43.81,      72.91,       0.00,     8279.7,       1.35,       2.02
    0,     9,     4,      68.41,      72.65,       0.00,    11089.0,       1.32,       2.03
    0,     9,     5,      86.14,      73.67,       0.00,     7399.3,       1.33,       2.00
    0,     9,     6,     136.58,      74.69,       0.00,    16126.4,       1.33,       2.06
    0,     9,     7,     103.47,      78.28,       0.00,     7993.3,       1.35,       2.05
    0,     9,     8,      70.07,     111.10,       0.00,    13299.0,       1.37,       1.97
    0,     9,     9,     112.68,     130.97,       0.00,    16662.6,       1.39,       2.03
    0,     9,    10,      95.11,     137.95,       0.00,     5440.5,       1.34,       1.87
    0,     9,    11,     101.85,     163.76,       0.00,     7994.6,       1.38,       1.98
    0,    10,     1,       9.15,      14.53,       0.00,     3710.1,       1.29,       2.03
    0,    10,     2,      29.26,      30.86,       0.00,    23136.1,       1.50,       1.99
    0,    10,     3,      68.44,      72.66,       0.00,    11169.9,       1.36,       1.96
    0,    10,     4,      43.79,      72.82,       0.00,     7701.5,       1.34,       1.95
    0,    10,     5,      86.14,      73.74,       0.00,     7186.1,       1.31,       1.87
    0,    10,     6,     136.60,      74.72,       0.00,    15818.6,       1.31,       2.04
    0,    10,     7,     103.52,      78.24,       0.00,     8190.0,       1.38,       2.09
    0,    10,     8,      70.03,     111.10,       0.00,    13159.8,       1.34,       1.92
    0,    10,     9,     112.72,     131.01,       0.00,    16636.9,       1.42,       1.96
    0,    10,    10,      95.15,     137.96,       0.00,     5363.7,       1.30,       1.85
    0,    10,    11,     101.82,     163.79,       0.00,     7831.9,       1.36,       1.92
    0,    11,     1,       9.06,      14.47,       0.00,     3812.7,       1.27,       1.98
    0,    11,     2,      29.28,      30.86,       0.00,    23018.5,       1.50,       2.01
    0,    11,     3,      68.43,      72.63,       0.00,    11232.2,       1.34,       1.97
    0,    11,     4,      43.81,      72.96,       0.00,     7692.1,       1.31,       1.97
    0,    11,     5,      86.11,      73.73,       0.00,     7530.8,       1.33,       1.94
    0,    11,     6,     136.62,      74.71,       0.00,    15731.8,       1.30,       2.06
    0,    11,     7,     103.50,      78.21,       0.00,     7882.8,       1.36,       2.04
    0,    11,     8,      70.01,     111.05,       0.00,    13035.6,       1.37,       1.94
    0,    11,     9,     112.70,     130.95,       0.00,    16476.4,       1.41,       1.93
    0,    11,    10,      95.09,     137.96,       0.00,     5442.2,       1.32,       1.95
    0,    11,    11,     101.85,     163.82,       0.00,     7911.1,       1.40,       1.89
    0,    12,     1,       9.03,      14.52,       0.00,     3670.4,       1.32,       1.97
    0,    12,     2,      29.27,      30.85,       0.00,    22809.4,       1.48,       1.99
    0,    12,     3,      68.42,      72.61,       0.00,    11009.4,       1.34,       1.98
    0,    12,     4,      43.81,      72.86,       0.00,     7695.6,       1.32,       1.97
    0,    12,     5,      86.15,      73.73,       0.00,     7550.9,       1.34,       1.94
    0,    12,     6,     136.58,      74.70,       0.00,    15963.2,       1.32,       2.00
    0,    12,     7,     103.49,      78.30,       0.00,     8046.2,       1.35,       2.08
    0,    12,     8,      70.03,     111.11,       0.00,    12515.6,       1.36,       1.87
    0,    12,     9,     112.70,     130.94,       0.00,    16679.5,       1.42,       1.96
    0,    12,    10,      95.10,     137.89,       0.00,     5574.0,       1.37,       1.85
    0,    12,    11,     101.83,     163.81,       0.00,     7927.0,       1.38,       1.92
    0,    13,     1,       9.08,      14.56,       0.00,     3608.4,       1.28,       2.02
    0,    13,     2,      29.26,      30.84,       0.00,    22730.5,       1.48,       1.98
    0,    13,     3,      68.40,      72.65,       0.00,    11026.8,       1.36,       1.96
    0,    13,     4,      43.78,      72.92,       0.00,     7940.8,       1.36,       1.95
    0,    13,     5,      86.15,      73.68,       0.00,     7567.6,       1.37,       1.96
    0,    13,     6,     136.59,      74.70,       0.00,    16157.4,       1.35,       2.03
    0,    13,     7,     103.46,      78.27,       0.00,     8079.9,       1.37,       2.03
    0,    13,     8,      70.03,     111.09,       0.00,    13120.9,       1.34,       1.95
    0,    13,     9,     112.70,     130.99,       0.00,    16086.6,       1.38,       1.92
    0,    13,    10,      95.10,     137.98,       0.00,     5532.7,       1.36,       1.88
    0,    13,    11,     101.83,     163.79,       0.00,     8095.5,       1.37,       1.96
    0,    14,     1,       9.08,      14.52,       0.00,     3633.5,       1.27,       1.93
    0,    14,     2,      29.24,      30.86,       0.00,    22655.4,       1.47,       1.99
    0,    14,     3,      68.40,      72.65,       0.00,    11089.3,       1.37,       1.97
    0,    14,     4,      43.80,      72.90,       0.00,     7651.1,       1.32,       1.95
    0,    14,     5,      86.13,      73.76,       0.00,     7597.2,       1.37,       1.93
    0,    14,     6,     136.61,      74.71,       0.00,    15864.8,       1.32,       2.03
    0,    14,     7,     103.50,      78.27,       0.00,     8290.0,       1.35,       2.11
    0,    14,     8,      70.02,     111.13,       0.00,    12794.4,       1.35,       1.93
    0,    14,     9,     112.71,     130.98,       0.00,    16671.0,       1.40,       1.96
    0,    14,    10,      95.12,     138.02,       0.00,     5192.3,       1.29,       1.86
    0,    14,    11,     101.85,     163.82,       0.00,     7903.7,       1.39,       1.94
    0,    15,     1,       9.11,      14.54,       0.00,     3592.0,       1.28,       1.99
    0,    15,     2,      29.25,      30.85,       0.00,    22993.8,       1.50,       1.97
    0,    15,     3,      68.41,      72.62,       0.00,    10923.6,       1.32,       1.96
    0,    15,     4,      43.82,      72.94,       0.00,     7553.8,       1.34,       1.95
    0,    15,     5,      86.13,      73.72,       0.00,     7578.9,       1.36,       1.94
    0,    15,     6,     136.57,      74.74,       0.00,    16121.4,       1.35,       2.00
    0,    15,     7,     103.52,      78.22,       0.00,     7835.8,       1.30,       2.03
    0,    15,     8,      69.99,     111.10,       0.00,    12778.1,       1.37,       1.92
    0,    15,     9,     112.70,     131.02,       0.00,    16496.6,       1.41,       1.94
    0,    15,    10,      95.08,     137.94,       0.00,     5119.0,       1.33,       1.81
    0,    15,    11,     101.82,     163.86,       0.00,     8069.9,       1.43,       1.89
    0,    16,     1,       9.07,      14.58,       0.00,     3772.0,       1.36,       2.14
    0,    16,     2,      29.26,      30.86,       0.00,    22825.1,       1.49,       2.00
    0,    16,     3,      68.42,      72.68,       0.00,    10649.7,       1.34,       1.93
    0,    16,     4,      43.82,      72.86,       0.00,     7573.8,       1.34,       1.99
    0,    16,     5,      86.15,      73.74,       0.00,     7403.0,       1.34,       1.88
    0,    16,     6,     136.60,      74.68,       0.00,    16063.5,       1.34,       2.04
    0,    16,     7,     103.48,      78.30,       0.00,     8112.7,       1.40,       2.06
    0,    16,     8,      70.05,     111.12,       0.00,    12951.7,       1.39,       1.95
    0,    16,     9,     112.67,     131.01,       0.00,    16626.3,       1.41,       1.91
    0,    16,    10,      95.08,     137.98,       0.00,     5204.3,       1.35,       1.83
    0,    16,    11,     101.84,     163.82,       0.00,     7837.9,       1.39,       1.95
    0,    17,     1,       9.10,      14.56,       0.00,     3710.6,       1.35,       2.01
    0,    17,     2,      29.27,      30.87,       0.00,    22734.3,       1.50,       1.98
    0,    17,     3,      43.80,      72.91,       0.00,     7586.3,       1.35,       1.90
    0,    17,     4,      68.39,      72.67,       0.00,    10981.1,       1.38,       2.00
    0,    17,     5,      86.10,      73.71,       0.00,     7092.2,       1.31,       1.87
    0,    17,     6,     136.57,      74.68,       0.00,    15826.9,       1.32,       1.99
    0,    17,     7,     103.44,      78.27,       0.00,     7859.6,       1.39,       2.07
    0,    17,     8,      70.01,     111.12,       0.00,    12563.1,       1.37,       1.86
    0,    17,     9,     112.70,     130.97,       0.00,    16247.9,       1.38,       1.90
    0,    17,    10,      95.06,     137.95,       0.00,     5434.7,       1.37,       1.82
    0,    17,    11,     101.81,     163.85,       0.00,     7812.5,       1.37,       1.90
    0,    18,     1,       9.07,      14.61,       0.00,     3416.0,       1.27,       1.89
    0,    18,     2,      29.26,      30.89,       0.00,    22727.7,       1.51,       1.97
    0,    18,     3,      68.42,      72.67,       0.00,    10418.3,       1.34,       1.92
    0,    18,     4,      43.82,      72.96,       0.00,     7921.9,       1.39,       1.96
    0,    18,     5,      86.16,      73.73,       0.00,     7084.2,       1.35,       1.84
    0,    18,     6,     136.58,      74.71,       0.00,    15763.3,       1.34,       2.00
    0,    18,     7,     103.51,      78.36,       0.00,     8141.8,       1.40,       2.08
    0,    18,     8,      70.01,     111.09,       0.00,    12336.6,       1.33,       1.90
    0,    18,     9,     112.66,     130.99,       0.00,    16124.5,       1.39,       1.88
    0,    18,    10,      95.14,     137.88,       0.00,     4924.4,       1.38,       1.75
    0,    18,    11,     101.82,     163.82,       0.00,     7320.3,       1.39,       1.86
    0,    19,     1,       9.08,      14.53,       0.00,     3624.0,       1.29,       1.96
    0,    19,     2,      29.26,      30.86,       0.00,    22377.8,       1.50,       1.95
    0,    19,     3,      68.43,      72.64,       0.00,    10280.7,       1.36,       1.92
    0,    19,     4,      43.77,      72.91,       0.00,     7788.3,       1.35,       1.97
    0,    19,     5,      86.07,      73.65,       0.00,     7127.1,       1.34,       1.95
    0,    19,     6,     136.58,      74.71,       0.00,    15941.3,       1.35,       2.01
    0,    19,     7,     103.46,      78.25,       0.00,     8287.5,       1.38,       2.04
    0,    19,     8,      70.02,     111.14,       0.00,    12944.4,       1.37,       1.90
    0,    19,     9,     112.72,     130.99,       0.00,    15832.4,       1.43,       1.92
    0,    19,    10,      95.13,     137.89,       0.00,     4992.0,       1.40,       1.77
    0,    19,    11,     101.84,     163.85,       0.00,     7202.7,       1.35,       1.89
    0,    20,     1,       9.04,      14.54,       0.00,     3540.2,       1.30,       2.01
    0,    20,     2,      29.25,      30.85,       0.00,    22334.3,       1.48,       1.94
    0,    20,     3,      68.44,      72.62,       0.00,    10588.5,       1.40,       1.90
    0,    20,     4,      43.79,      72.88,       0.00,     7793.1,       1.34,       2.03
    0,    20,     5,      86.10,      73.74,       0.00,     7378.1,       1.40,       1.92
    0,    20,     6,     136.56,      74.74,       0.00,    15757.4,       1.34,       1.99
    0,    20,     7,     103.47,      78.29,       0.00,     8187.1,       1.40,       1.97
    0,    20,     8,      70.00,     111.12,       0.00,    12360.4,       1.35,       1.83
    0,    20,     9,     112.68,     130.99,       0.00,    16551.5,       1.42,       1.93
    0,    20,    10,      95.08,     137.88,       0.00,     4920.3,       1.37,       1.81
    0,    20,    11,     101.86,     163.81,       0.00,     7444.7,       1.40,       1.86
    0,    21,     1,       9.08,      14.59,       0.00,     3661.0,       1.32,       1.88
    0,    21,     2,      29.27,      30.88,       0.00,    22910.5,       1.50,       1.99
    0,    21,     3,      68.43,      72.63,       0.00,    10429.7,       1.36,       1.97
    0,    21,     4,      43.76,      72.88,       0.00,     7748.1,       1.35,       1.93
    0,    21,     5,      86.12,      73.71,       0.00,     7406.8,       1.34,       1.94
    0,    21,     6,     136.56,      74.71,       0.00,    15839.3,       1.35,       1.97
    0,    21,     7,     103.49,      78.27,       0.00,     7945.2,       1.34,       2.01
    0,    21,     8,      70.04,     111.13,       0.00,    12572.7,       1.36,       1.91
    0,    21,     9,     112.69,     130.99,       0.00,    16282.0,       1.41,       1.90
    0,    21,    10,      95.09,     137.98,       0.00,     4813.5,       1.36,       1.78
    0,    21,    11,     101.82,     163.85,       0.00,     7504.7,       1.41,       1.93
    0,    22,     1,       9.11,      14.59,       0.00,     3646.5,       1.31,       1.96
    0,    22,     2,      29.26,      30.88,       0.00,    22194.5,       1.50,       1.93
    0,    22,     3,      68.41,      72.68,       0.00,    10576.0,       1.34,       1.97
    0,    22,     4,      43.80,      72.90,       0.00,     7698.7,       1.36,       1.94
    0,    22,     5,      86.13,      73.74,       0.00,     7509.6,       1.37,       1.89
    0,    22,     6,     136.57,      74.73,       0.00,    15878.3,       1.34,       1.97
    0,    22,     7,     103.48,      78.33,       0.00,     7998.7,       1.37,       2.02
    0,    22,     8,      70.02,     111.10,       0.00,    12398.4,       1.35,       1.85
    0,    22,     9,     112.68,     130.97,       0.00,    16187.7,       1.41,       1.88
    0,    22,    10,      95.13,     137.89,       0.00,     4877.3,       1.35,       1.78
    0,    22,    11,     101.85,     163.86,       0.00,     7272.0,       1.39,       1.79
    0,    23,     1,       9.09,      14.60,       0.00,     3308.7,       1.29,       1.95
    0,    23,     2,      29.22,      30.87,       0.00,    22325.0,       1.51,       1.93
    0,    23,     3,      68.42,      72.67,       0.00,    10318.3,       1.36,       1.93
    0,    23,     4,      43.77,      72.91,       0.00,     7884.2,       1.37,       1.95
    0,    23,     5,      86.11,      73.69,       0.00,     7442.0,       1.33,       1.92
    0,    23,     6,     136.59,      74.73,       0.00,    15931.7,       1.35,       1.98
    0,    23,     7,     103.48,      78.24,       0.00,     8253.7,       1.37,       2.04
    0,    23,     8,      69.98,     111.09,       0.00,    12792.0,       1.38,       1.92
    0,    23,     9,     112.66,     130.98,       0.00,    16609.3,       1.40,       1.93
    0,    23,    10,      95.04,     137.96,       0.00,     5044.2,       1.32,       1.82
    0,    23,    11,     101.84,     163.85,       0.00,     7444.5,       1.40,       1.87
    0,    24,     1,       9.05,      14.60,       0.00,     3433.1,       1.21,       1.94
    0,    24,     2,      29.26,      30.86,       0.00,    22458.4,       1.50,       1.95
    0,    24,     3,      68.42,      72.62,       0.00,    10681.6,       1.36,       1.98
    0,    24,     4,      43.77,      72.94,       0.00,     7632.5,       1.36,       1.95
    0,    24,     5,      86.09,      73.73,       0.00,     7485.3,       1.38,       1.89
    0,    24,     6,     136.58,      74.75,       0.00,    15602.7,       1.35,       2.01
    0,    24,     7,     103.49,      78.29,       0.00,     8015.4,       1.35,       2.08
    0,    24,     8,      70.03,     111.09,       0.00,    12693.3,       1.36,       1.91
    0,    24,     9,     112.67,     130.96,       0.00,    15610.8,       1.39,       1.88
    0,    24,    10,      95.09,     137.88,       0.00,     5399.5,       1.44,       1.84
    0,    24,    11,     101.83,     163.81,       0.00,     7463.1,       1.40,       1.85
    0,    25,     1,       9.06,      14.48,       0.00,     3491.4,       1.25,       2.03
    0,    25,     2,      29.27,      30.85,       0.00,    22576.4,       1.49,       1.98
    0,    25,     3,      68.41,      72.66,       0.00,    10553.8,       1.35,       1.93
    0,    25,     4,      43.77,      72.87,       0.00,     7560.7,       1.36,       1.96
    0,    25,     5,      86.15,      73.78,       0.00,     7391.6,       1.41,       1.86
    0,    25,     6,     136.57,      74.70,       0.00,    15634.7,       1.31,       1.98
    0,    25,     7,     103.48,      78.28,       0.00,     7710.2,       1.35,       1.94
    0,    25,     8,      70.01,     111.10,       0.00,    12563.2,       1.36,       1.93
    0,    25,     9,     112.66,     131.01,       0.00,    15565.1,       1.37,       1.89
    0,    25,    10,      95.08,     138.00,       0.00,     5378.6,       1.36,       1.87
    0,    25,    11,     101.81,     163.86,       0.00,     7576.1,       1.39,       1.87
    0,    26,     1,       9.06,      14.58,       0.00,     3904.6,       1.34,       2.06
    0,    26,     2,      29.27,      30.85,       0.00,    22837.1,       1.50,       1.98
    0,    26,     3,      43.79,      72.87,       0.00,     7928.4,       1.33,       2.03
    0,    26,     4,      68.40,      72.68,       0.00,    10569.4,       1.34,       1.95
    0,    26,     5,      86.14,      73.69,       0.00,     7169.7,       1.30,       1.92
    0,    26,     6,     136.58,      74.70,       0.00,    15685.2,       1.32,       2.03
    0,    26,     7,     103.48,      78.28,       0.00,     7912.9,       1.34,       2.01
    0,    26,     8,      70.02,     111.11,       0.00,    12650.0,       1.36,       1.90
    0,    26,     9,     112.66,     130.98,       0.00,    15498.0,       1.40,       1.91
    0,    26,    10,      95.09,     137.94,       0.00,     5460.3,       1.37,       1.86
    0,    26,    11,     101.81,     163.83,       0.00,     7462.2,       1.38,       1.87
    0,    27,     1,       9.01,      14.54,       0.00,     3504.1,       1.28,       1.95
    0,    27,     2,      29.26,      30.87,       0.00,    22857.9,       1.49,       1.97
    0,    27,     3,      68.43,      72.66,       0.00,    10605.8,       1.37,       1.99
    0,    27,     4,      43.76,      72.99,       0.00,     7425.7,       1.33,       1.88
    0,    27,     5,      86.11,      73.79,       0.00,     7233.2,       1.34,       1.95
    0,    27,     6,     136.58,      74.69,       0.00,    15781.5,       1.31,       2.00
    0,    27,     7,     103.52,      78.27,       0.00,     7810.5,       1.35,       2.04
    0,    27,     8,      70.00,     111.09,       0.00,    12708.7,       1.40,       1.97
    0,    27,     9,     112.70,     130.97,       0.00,    15536.7,       1.39,       1.88
    0,    27,    10,      95.08,     137.98,       0.00,     5270.1,       1.40,       1.85
    0,    27,    11,     101.78,     163.88,       0.00,     7269.0,       1.37,       1.91
    0,    28,     1,       9.01,      14.52,       0.00,     3708.9,       1.30,       1.94
    0,    28,     2,      29.25,      30.87,       0.00,    22940.9,       1.51,       1.97
    0,    28,     3,      68.44,      72.66,       0.00,    10606.1,       1.39,       1.96
    0,    28,     4,      43.76,      72.87,       0.00,     7713.8,       1.33,       1.98
    0,    28,     5,      86.12,      73.69,       0.00,     6916.8,       1.37,       1.89
    0,    28,     6,     136.56,      74.70,       0.00,    16006.5,       1.34,       2.02
    0,    28,     7,     103.49,      78.25,       0.00,     7910.0,       1.37,       2.09
    0,    28,     8,      70.00,     111.10,       0.00,    12509.9,       1.39,       1.92
    0,    28,     9,     112.67,     130.99,       0.00,    15374.5,       1.38,       1.91
    0,    28,    10,      95.15,     137.93,       0.00,     5192.2,       1.40,       1.85
    0,    28,    11,     101.81,     163.90,       0.00,     7463.9,       1.42,       1.89
    0,    29,     1,       9.14,      14.55,       0.00,     3685.1,       1.30,       2.00
    0,    29,     2,      29.25,      30.87,       0.00,    22374.7,       1.49,       1.96
    0,    29,     3,      68.42,      72.69,       0.00,    10494.4,       1.33,       1.93
    0,    29,     4,      43.79,      72.93,       0.00,     7464.2,       1.34,       1.90
    0,    29,     5,      86.15,      73.71,       0.00,     7055.7,       1.35,       1.86
    0,    29,     6,     136.59,      74.71,       0.00,    15707.1,       1.32,       1.98
    0,    29,     7,     103.48,      78.31,       0.00,     8029.3,       1.38,       2.08
    0,    29,     8,      70.00,     111.10,       0.00,    12564.9,       1.37,       1.93
    0,    29,     9,     112.64,     131.01,       0.00,    15855.3,       1.40,       1.91
    0,    29,    10,      95.12,     137.92,       0.00,     5130.2,       1.45,       1.67
    0,    29,    11,     101.86,     163.87,       0.00,     7205.5,       1.39,       1.90
    0,    30,     1,       9.06,      14.49,       0.00,     3821.9,       1.33,       2.02
    0,    30,     2,      29.25,      30.85,       0.00,    22116.6,       1.47,       1.96
    0,    30,     3,      68.42,      72.67,       0.00,    10372.0,       1.34,       1.96
    0,    30,     4,      43.79,      72.89,       0.00,     7781.3,       1.38,       1.93
    0,    30,     5,      86.12,      73.75,       0.00,     7630.6,       1.38,       1.96
    0,    30,     6,     136.56,      74.69,       0.00,    15701.9,       1.33,       2.00
    0,    30,     7,     103.47,      78.29,       0.00,     7889.2,       1.32,       1.99
    0,    30,     8,      70.00,     111.13,       0.00,    12746.1,       1.38,       1.92
    0,    30,     9,     112.66,     130.98,       0.00,    15882.5,       1.42,       1.92
    0,    30,    10,      95.07,     137.93,       0.00,     5272.7,       1.37,       1.83
    0,    30,    11,     101.85,     163.83,       0.00,     7318.6,       1.37,       1.90
    0,    31,     1,       9.06,      14.52,       0.00,     3674.8,       1.33,       1.96
    0,    31,     2,      29.26,      30.88,       0.00,    22160.3,       1.46,       1.98
    0,    31,     3,      43.82,      72.97,       0.00,     7821.5,       1.35,       1.98
    0,    31,     4,      68.42,      72.65,       0.00,    10289.0,       1.35,       1.97
    0,    31,     5,      86.07,      73.75,       0.00,     7367.2,       1.29,       1.92
    0,    31,     6,     136.56,      74.72,       0.00,    16008.8,       1.36,       2.00
    0,    31,     7,     103.52,      78.26,       0.00,     8062.7,       1.37,       2.11
    0,    31,     8,      70.01,     111.12,       0.00,    12308.6,       1.36,       1.89
    0,    31,     9,     112.67,     131.00,       0.00,    15424.4,       1.42,       1.92
    0,    31,    10,      95.07,     137.98,       0.00,     5360.1,       1.37,       1.85
    0,    31,    11,     101.84,     163.80,       0.00,     7383.5,       1.35,       1.91
    0,    32,     1,       9.04,      14.53,       0.00,     3434.1,       1.28,       1.89
    0,    32,     2,      29.25,      30.88,       0.00,    21933.4,       1.49,       1.93
    0,    32,     3,      43.77,      72.95,       0.00,     7779.2,       1.38,       1.97
    0,    32,     4,      68.42,      72.69,       0.00,    10035.9,       1.32,       1.90
    0,    32,     5,      86.13,      73.73,       0.00,     7268.5,       1.35,       1.86
    0,    32,     6,     136.57,      74.74,       0.00,    15598.2,       1.34,       1.99
    0,    32,     7,     103.49,      78.27,       0.00,     7749.0,       1.36,       1.98
    0,    32,     8,      69.99,     111.11,       0.00,    12546.7,       1.39,       1.89
    0,    32,     9,     112.66,     131.00,       0.00,    15583.9,       1.40,       1.92
    0,    32,    10,      95.06,     138.01,       0.00,     5314.6,       1.43,       1.85
    0,    32,    11,     101.83,     163.85,       0.00,     7146.5,       1.39,       1.90
    0,    33,     1,       9.06,      14.59,       0.00,     3602.4,       1.35,       1.95
    0,    33,     2,      29.25,      30.86,       0.00,    22276.8,       1.50,       1.95
    0,    33,     3,      43.79,      72.85,       0.00,     7876.6,       1.39,       1.99
    0,    33,     4,      68.44,      72.63,       0.00,    10305.3,       1.36,       1.96
    0,    33,     5,      86.10,      73.72,       0.00,     7198.8,       1.34,       1.96
    0,    33,     6,     136.58,      74.70,       0.00,    15578.6,       1.33,       2.01
    0,    33,     7,     103.46,      78.32,       0.00,     7922.8,       1.37,       2.02
    0,    33,     8,      69.98,     111.09,       0.00,    12330.2,       1.36,       1.91
    0,    33,     9,     112.65,     130.99,       0.00,    15483.4,       1.40,       1.84
    0,    33,    10,      95.07,     137.94,       0.00,     5241.4,       1.34,       1.78
    0,    33,    11,     101.83,     163.91,       0.00,     7266.8,       1.38,       1.83
    0,    34,     1,       9.09,      14.52,       0.00,     3668.2,       1.26,       1.98
    0,    34,     2,      29.26,      30.86,       0.00,    22082.5,       1.48,       1.94
    0,    34,     3,      68.44,      72.64,       0.00,    10301.2,       1.33,       1.95
    0,    34,     4,      43.79,      72.88,       0.00,     7544.2,       1.33,       1.92
    0,    34,     5,      86.12,      73.74,       0.00,     7314.8,       1.36,       1.89
    0,    34,     6,     136.60,      74.71,       0.00,    15748.3,       1.32,       1.97
    0,    34,     7,     103.46,      78.27,       0.00,     8255.4,       1.35,       2.05
    0,    34,     8,      70.02,     111.05,       0.00,    12496.3,       1.34,       1.92
    0,    34,     9,     112.64,     130.97,       0.00,    15604.5,       1.42,       1.92
    0,    34,    10,      95.07,     138.00,       0.00,     5301.1,       1.36,       1.85
    0,    34,    11,     101.82,     163.90,       0.00,     7677.2,       1.39,       1.95
    0,    35,     1,       9.00,      14.56,       0.00,     3516.8,       1.27,       1.95
    0,    35,     2,      29.27,      30.87,       0.00,    22268.3,       1.50,       1.97
    0,    35,     3,      68.38,      72.67,       0.00,    11051.6,       1.33,       1.97
    0,    35,     4,      43.78,      72.94,       0.00,     7760.5,       1.32,       1.96
    0,    35,     5,      86.08,      73.70,       0.00,     7204.3,       1.32,       1.88
    0,    35,     6,     136.57,      74.68,       0.00,    15738.1,       1.31,       1.99
    0,    35,     7,     103.51,      78.30,       0.00,     7901.4,       1.36,       2.12
    0,    35,     8,      70.02,     111.08,       0.00,    12394.7,       1.36,       1.84
    0,    35,     9,     112.64,     130.98,       0.00,    15396.1,       1.40,       1.90
    0,    35,    10,      95.06,     137.97,       0.00,     5344.8,       1.37,       1.82
    0,    35,    11,     101.81,     163.84,       0.00,     7444.8,       1.35,       1.95
    0,    36,     1,       9.06,      14.50,       0.00,     3561.8,       1.35,       1.95
    0,    36,     2,      29.26,      30.88,       0.00,    21717.3,       1.48,       1.94
    0,    36,     3,      68.40,      72.70,       0.00,    10375.3,       1.33,       1.92
    0,    36,     4,      43.78,      72.91,       0.00,     7895.7,       1.36,       1.99
    0,    36,     5,      86.10,      73.72,       0.00,     7160.1,       1.34,       1.88
    0,    36,     6,     136.58,      74.71,       0.00,    15231.1,       1.32,       1.95
    0,    36,     7,     103.49,      78.23,       0.00,     7193.2,       1.39,       2.03
    0,    36,     8,      69.99,     111.07,       0.00,    12438.1,       1.36,       1.88
    0,    36,     9,     112.66,     130.99,       0.00,    15979.6,       1.41,       1.97
    0,    36,    10,      95.06,     137.92,       0.00,     5462.5,       1.37,       1.79
    0,    36,    11,     101.87,     163.81,       0.00,     7338.1,       1.37,       1.92
    0,    37,     1,       9.05,      14.54,       0.00,     3694.4,       1.30,       2.04
    0,    37,     2,      29.26,      30.86,       0.00,    22156.4,       1.50,       1.93
    0,    37,     3,      43.82,      72.95,       0.00,     7794.7,       1.38,       2.01
    0,    37,     4,      68.42,      72.66,       0.00,    10414.2,       1.34,       1.98
    0,    37,     5,      86.10,      73.64,       0.00,     7426.9,       1.30,       1.89
    0,    37,     6,     136.58,      74.71,       0.00,    15596.4,       1.33,       2.02
    0,    37,     7,     103.51,      78.28,       0.00,     7832.3,       1.41,       2.02
    0,    37,     8,      70.03,     111.12,       0.00,    12304.3,       1.37,       1.89
    0,    37,     9,     112.71,     130.99,       0.00,    16081.6,       1.44,       1.90
    0,    37,    10,      95.10,     137.99,       0.00,     5505.2,       1.39,       1.88
    0,    37,    11,     101.79,     163.83,       0.00,     7482.1,       1.45,       1.88
    0,    38,     1,       9.08,      14.53,       0.00,     3329.2,       1.19,       1.82
    0,    38,     2,      29.24,      30.91,       0.00,    22533.9,       1.49,       1.99
    0,    38,     3,      43.79,      72.92,       0.00,     7615.2,       1.33,       1.92
    0,    38,     4,      68.38,      72.70,       0.00,    10437.5,       1.33,       1.99
    0,    38,     5,      86.10,      73.70,       0.00,     7380.6,       1.30,       1.93
    0,    38,     6,     136.59,      74.72,       0.00,    15543.1,       1.34,       2.01
    0,    38,     7,     103.51,      78.27,       0.00,     8103.6,       1.42,       1.99
    0,    38,     8,      70.02,     111.07,       0.00,    12545.6,       1.37,       1.97
    0,    38,     9,     112.69,     131.00,       0.00,    16017.9,       1.42,       1.89
    0,    38,    10,      95.04,     137.95,       0.00,     5184.0,       1.38,       1.76
    0,    38,    11,     101.79,     163.82,       0.00,     7337.8,       1.36,       1.97
    0,    39,     1,       9.03,      14.59,       0.00,     3478.5,       1.29,       1.97
    0,    39,     2,      29.25,      30.87,       0.00,    22448.6,       1.48,       1.97
    0,    39,     3,      68.43,      72.65,       0.00,    10411.3,       1.31,       2.02
    0,    39,     4,      43.78,      72.90,       0.00,     8025.8,       1.38,       2.00
    0,    39,     5,      86.11,      73.70,       0.00,     6879.9,       1.33,       1.87
    0,    39,     6,     136.58,      74.73,       0.00,    15756.1,       1.34,       1.98
    0,    39,     7,     103.52,      78.29,       0.00,     8028.0,       1.39,       2.02
    0,    39,     8,      70.02,     111.07,       0.00,    12626.8,       1.35,       1.95
    0,    39,     9,     112.69,     130.99,       0.00,    16047.4,       1.41,       1.91
    0,    39,    10,      95.07,     137.89,       0.00,     5205.6,       1.34,       1.82
    0,    39,    11,     101.84,     163.83,       0.00,     7322.0,       1.37,       1.90
