#stackID(UINT32), frameID(UINT32), eventID(UINT32), x0(float), y0(float), z0(float), photon_count0(float), sigmaX0(float), sigmaY0(float) 
    0,     0,     1,       9.02,      14.66,       0.00,     3788.8,       1.69,       1.31
    0,     0,     2,      29.20,      30.94,       0.00,    22502.8,       2.09,       1.41
    0,     0,     3,      68.46,      72.71,       0.00,    11764.0,       1.79,       1.33
    0,     0,     4,      43.69,      72.96,       0.00,     7689.4,       1.74,       1.29
    0,     0,     5,      86.17,      73.81,       0.00,    10887.1,       1.74,       1.25
    0,     0,     6,     136.50,      74.77,       0.00,    17039.8,       1.87,       1.33
    0,     0,     7,     103.45,      78.27,       0.00,     8361.0,       1.71,       1.28
    0,     0,     8,      69.97,     111.12,       0.00,    13621.7,       1.78,       1.26
    0,     0,     9,     112.61,     131.04,       0.00,    15398.1,       1.86,       1.32
    0,     0,    10,      95.02,     138.04,       0.00,     5965.9,       1.85,       1.26
    0,     0,    11,     101.73,     163.93,       0.00,     8010.4,       1.87,       1.29
    0,     1,     1,       9.01,      14.69,       0.00,     3662.4,       1.70,       1.22
    0,     1,     2,      29.20,      30.93,       0.00,    22786.0,       2.10,       1.43
    0,     1,     3,      68.41,      72.73,       0.00,    11450.7,       1.77,       1.28
    0,     1,     4,      43.73,      72.97,       0.00,     7462.2,       1.74,       1.26
    0,     1,     5,      86.15,      73.78,       0.00,    10770.6,       1.78,       1.29
    0,     1,     6,     136.48,      74.79,       0.00,    16594.1,       1.85,       1.32
    0,     1,     7,     103.43,      78.26,       0.00,     8335.0,       1.82,       1.29
    0,     1,     8,      69.94,     111.12,       0.00,    13368.5,       1.79,       1.26
    0,     1,     9,     112.64,     131.04,       0.00,    15762.7,       1.88,       1.32
    0,     1,    10,      95.06,     138.04,       0.00,     5878.2,       1.85,       1.25
    0,     1,    11,     101.76,     163.93,       0.00,     7777.4,       1.88,       1.30
    0,     2,     1,       9.03,      14.70,       0.00,     3826.9,       1.83,       1.27
    0,     2,     2,      29.20,      30.92,       0.00,    22188.3,       2.08,       1.42
    0,     2,     3,      68.42,      72.70,       0.00,    12103.8,       1.78,       1.34
    0,     2,     4,      43.67,      73.00,       0.00,     7647.1,       1.78,       1.27
    0,     2,     5,      86.18,      73.80,       0.00,    11218.2,       1.73,       1.27
    0,     2,     6,     136.53,      74.78,       0.00,    16128.7,       1.82,       1.31
    0,     2,     7,     103.43,      78.26,       0.00,     8260.1,       1.78,       1.26
    0,     2,     8,      69.97,     111.11,       0.00,    13586.7,       1.80,       1.29
    0,     2,     9,     112.64,     131.04,       0.00,    15741.5,       1.86,       1.32
    0,     2,    10,      95.07,     138.04,       0.00,     5768.7,       1.86,       1.24
    0,     2,    11,     101.76,     163.93,       0.00,     7308.6,       1.80,       1.30
    0,     3,     1,       9.07,      14.72,       0.00,     3692.7,       1.70,       1.27
    0,     3,     2,      29.23,      30.92,       0.00,    22047.5,       2.06,       1.43
    0,     3,     3,      43.72,      72.95,       0.00,     7655.1,       1.82,       1.28
    0,     3,     4,      68.44,      72.71,       0.00,    11578.1,       1.83,       1.31
    0,     3,     5,      86.17,      73.79,       0.00,    10601.7,       1.73,       1.25
    0,     3,     6,     136.49,      74.75,       0.00,    16451.7,       1.86,       1.35
    0,     3,     7,     103.46,      78.29,       0.00,     8176.9,       1.73,       1.29
    0,     3,     8,      69.96,     111.13,       0.00,    13052.3,       1.76,       1.28
    0,     3,     9,     112.64,     131.02,       0.00,    15713.1,       1.92,       1.31
    0,     3,    10,      95.03,     138.00,       0.00,     5726.7,       1.83,       1.25
    0,     3,    11,     101.75,     163.93,       0.00,     7555.5,       1.83,       1.31
    0,     4,     1,       9.05,      14.70,       0.00,     3551.0,       1.68,       1.27
    0,     4,     2,      29.22,      30.93,       0.00,    22355.2,       2.10,       1.41
    0,     4,     3,      68.49,      72.73,       0.00,    11536.5,       1.78,       1.30
    0,     4,     4,      43.72,      72.99,       0.00,     7605.3,       1.78,       1.27
    0,     4,     5,      86.14,      73.79,       0.00,    10723.9,       1.72,       1.25
    0,     4,     6,     136.52,      74.80,       0.00,    16184.1,       1.83,       1.33
    0,     4,     7,     103.48,      78.27,       0.00,     8350.9,       1.80,       1.27
    0,     4,     8,      69.98,     111.12,       0.00,    13361.7,       1.82,       1.27
    0,     4,     9,     112.61,     131.05,       0.00,    15352.0,       1.88,       1.33
    0,     4,    10,      95.11,     137.93,       0.00,     5531.2,       1.84,       1.26
    0,     4,    11,     101.71,     163.92,       0.00,     7655.6,       1.89,       1.31
    0,     5,     1,       9.02,      14.70,       0.00,     3638.5,       1.77,       1.29
    0,     5,     2,      29.25,      30.91,       0.00,    21833.6,       2.06,       1.40
    0,     5,     3,      43.62,      72.97,       0.00,     7653.5,       1.77,       1.31
    0,     5,     4,      68.43,      72.70,       0.00,    11321.1,       1.79,       1.31
    0,     5,     5,      86.18,      73.83,       0.00,    10254.4,       1.74,       1.27
    0,     5,     6,     136.54,      74.79,       0.00,    15864.0,       1.81,       1.32
    0,     5,     7,     103.48,      78.28,       0.00,     8376.8,       1.76,       1.32
    0,     5,     8,      69.97,     111.12,       0.00,    13547.4,       1.79,       1.28
    0,     5,     9,     112.63,     131.04,       0.00,    15445.3,       1.85,       1.32
    0,     5,    10,      95.04,     137.97,       0.00,     5537.6,       1.80,       1.27
    0,     5,    11,     101.73,     163.91,       0.00,     7614.2,       1.81,       1.33
    0,     6,     1,       9.02,      14.70,       0.00,     3564.4,       1.78,       1.23
    0,     6,     2,      29.21,      30.92,       0.00,    21529.2,       2.04,       1.41
    0,     6,     3,      68.42,      72.69,       0.00,    11240.3,       1.83,       1.28
    0,     6,     4,      43.68,      72.94,       0.00,     7587.6,       1.84,       1.28
    0,     6,     5,      86.11,      73.79,       0.00,    10347.3,       1.73,       1.30
    0,     6,     6,     136.56,      74.79,       0.00,    15866.8,       1.79,       1.30
    0,     6,     7,     103.52,      78.23,       0.00,     8658.5,       1.77,       1.32
    0,     6,     8,      69.94,     111.09,       0.00,    12915.2,       1.79,       1.27
    0,     6,     9,     112.59,     131.03,       0.00,    14825.8,       1.87,       1.28
    0,     6,    10,      95.10,     137.97,       0.00,     5620.8,       1.87,       1.27
    0,     6,    11,     101.74,     163.91,       0.00,     7720.9,       1.87,       1.32
    0,     7,     1,       9.01,      14.67,       0.00,     3611.6,       1.77,       1.38
    0,     7,     2,      29.21,      30.92,       0.00,    21423.0,       2.05,       1.40
    0,     7,     3,      68.47,      72.67,       0.00,    11174.1,       1.79,       1.32
    0,     7,     4,      43.68,      72.98,       0.00,     7748.8,       1.77,       1.28
    0,     7,     5,      86.14,      73.81,       0.00,    10464.5,       1.75,       1.25
    0,     7,     6,     136.54,      74.75,       0.00,    15860.6,       1.81,       1.33
    0,     7,     7,     103.49,      78.29,       0.00,     7985.8,       1.74,       1.23
    0,     7,     8,      69.92,     111.12,       0.00,    12944.9,       1.77,       1.26
    0,     7,     9,     112.60,     131.06,       0.00,    15092.4,       1.86,       1.30
    0,     7,    10,      95.14,     137.99,       0.00,     5357.9,       1.83,       1.23
    0,     7,    11,     101.79,     163.92,       0.00,     7720.7,       1.89,       1.33
    0,     8,     1,       9.09,      14.59,       0.00,     3623.8,       1.77,       1.24
    0,     8,     2,      29.22,      30.94,       0.00,    21971.4,       2.04,       1.44
    0,     8,     3,      68.48,      72.70,       0.00,    11439.8,       1.82,       1.29
    0,     8,     4,      43.71,      72.95,       0.00,     7362.7,       1.79,       1.28
    0,     8,     5,      86.13,      73.82,       0.00,    10721.2,       1.78,       1.31
    0,     8,     6,     136.54,      74.79,       0.00,    15806.8,       1.83,       1.32
    0,     8,     7,     103.47,      78.27,       0.00,     8155.9,       1.73,       1.26
    0,     8,     8,      69.93,     111.11,       0.00,    13550.0,       1.81,       1.28
    0,     8,     9,     112.62,     131.03,       0.00,    14775.0,       1.85,       1.31
    0,     8,    10,      95.10,     137.98,       0.00,     5622.5,       1.89,       1.26
    0,     8,    11,     101.72,     163.92,       0.00,     7535.9,       1.81,       1.32
    0,     9,     1,       9.09,      14.68,       0.00,     3639.0,       1.73,       1.30
    0,     9,     2,      29.19,      30.92,       0.00,    22190.5,       2.09,       1.41
    0,     9,     3,      68.44,      72.70,       0.00,    11148.3,       1.87,       1.29
    0,     9,     4,      43.69,      72.94,       0.00,     7628.5,       1.79,       1.28
    0,     9,     5,      86.17,      73.82,       0.00,     9678.7,       1.74,       1.25
    0,     9,     6,     136.55,      74.78,       0.00,    15972.7,       1.85,       1.31
    0,     9,     7,     103.51,      78.28,       0.00,     8785.3,       1.77,       1.30
    0,     9,     8,      69.95,     111.13,       0.00,    12894.2,       1.79,       1.27
    0,     9,     9,     112.64,     131.03,       0.00,    14485.1,       1.86,       1.30
    0,     9,    10,      95.16,     137.96,       0.00,     5578.6,       1.90,       1.27
    0,     9,    11,     101.74,     163.91,       0.00,     7756.8,       1.90,       1.34
    0,    10,     1,       9.07,      14.67,       0.00,     3600.3,       1.74,       1.26
    0,    10,     2,      29.22,      30.92,       0.00,    21418.1,       2.05,       1.40
    0,    10,     3,      68.43,      72.73,       0.00,    10947.2,       1.79,       1.29
    0,    10,     4,      43.73,      72.97,       0.00,     7491.3,       1.81,       1.28
    0,    10,     5,      86.14,      73.82,       0.00,     9721.6,       1.79,       1.26
    0,    10,     6,     136.53,      74.81,       0.00,    15415.0,       1.80,       1.32
    0,    10,     7,     103.45,      78.26,       0.00,     9099.4,       1.82,       1.31
    0,    10,     8,      70.00,     111.11,       0.00,    13126.7,       1.80,       1.27
    0,    10,     9,     112.61,     131.03,       0.00,    14522.1,       1.86,       1.29
    0,    10,    10,      95.11,     137.97,       0.00,     5321.1,       1.78,       1.28
    0,    10,    11,     101.67,     163.94,       0.00,     7428.8,       1.87,       1.30
    0,    11,     1,       9.19,      14.62,       0.00,     3685.4,       1.72,       1.22
    0,    11,     2,      29.20,      30.92,       0.00,    21781.1,       2.07,       1.42
    0,    11,     3,      68.42,      72.71,       0.00,    11212.9,       1.88,       1.29
    0,    11,     4,      43.74,      72.98,       0.00,     7292.5,       1.77,       1.27
    0,    11,     5,      86.11,      73.82,       0.00,     9999.5,       1.77,       1.27
    0,    11,     6,     136.55,      74.80,       0.00,    15410.9,       1.83,       1.32
    0,    11,     7,     103.46,      78.27,       0.00,     8001.1,       1.75,       1.26
    0,    11,     8,      69.96,     111.12,       0.00,    12799.7,       1.80,       1.24
    0,    11,     9,     112.62,     131.03,       0.00,    14659.0,       1.84,       1.28
    0,    11,    10,      95.08,     138.01,       0.00,     5583.3,       1.92,       1.24
    0,    11,    11,     101.72,     163.93,       0.00,     7527.8,       1.90,       1.31
    0,    12,     1,       9.09,      14.65,       0.00,     3622.2,       1.76,       1.29
    0,    12,     2,      29.22,      30.92,       0.00,    21918.7,       2.09,       1.41
    0,    12,     3,      43.67,      72.93,       0.00,     7356.3,       1.76,       1.28
    0,    12,     4,      68.45,      72.70,       0.00,    11126.3,       1.80,       1.29
    0,    12,     5,      86.13,      73.83,       0.00,     9807.0,       1.78,       1.25
    0,    12,     6,     136.56,      74.75,       0.00,    15503.3,       1.81,       1.32
    0,    12,     7,     103.45,      78.26,       0.00,     8345.6,       1.82,       1.29
    0,    12,     8,      69.92,     111.15,       0.00,    13088.2,       1.79,       1.29
    0,    12,     9,     112.63,     131.04,       0.00,    15075.6,       1.86,       1.27
    0,    12,    10,      95.11,     137.97,       0.00,     5471.1,       1.83,       1.24
    0,    12,    11,     101.73,     163.94,       0.00,     7463.8,       1.85,       1.30
    0,    13,     1,       9.04,      14.65,       0.00,     3510.8,       1.73,       1.21
    0,    13,     2,      29.20,      30.94,       0.00,    21522.3,       2.08,       1.39
    0,    13,     3,      68.47,      72.71,       0.00,    10651.9,       1.77,       1.28
    0,    13,     4,      43.72,      72.96,       0.00,     7320.6,       1.78,       1.27
    0,    13,     5,      86.11,      73.82,       0.00,    10137.0,       1.83,       1.30
    0,    13,     6,     136.50,      74.78,       0.00,    15293.4,       1.82,       1.31
    0,    13,     7,     103.43,      78.25,       0.00,     8111.7,       1.79,       1.30
    0,    13,     8,      69.97,     111.12,       0.00,    12924.2,       1.80,       1.29
    0,    13,     9,     112.64,     131.06,       0.00,    15474.1,       1.88,       1.30
    0,    13,    10,      95.11,     138.00,       0.00,     5458.6,       1.80,       1.23
    0,    13,    11,     101.80,     163.90,       0.00,     7537.7,       1.88,       1.30
    0,    14,     1,       9.06,      14.65,       0.00,     3361.0,       1.67,       1.25
    0,    14,     2,      29.23,      30.91,       0.00,    21304.7,       2.08,       1.38
    0,    14,     3,      43.70,      73.01,       0.00,     7113.6,       1.77,       1.24
    0,    14,     4,      68.39,      72.71,       0.00,    11481.0,       1.87,       1.35
    0,    14,     5,      86.15,      73.84,       0.00,    10096.4,       1.81,       1.26
    0,    14,     6,     136.51,      74.78,       0.00,    15534.4,       1.82,       1.30
    0,    14,     7,     103.46,      78.28,       0.00,     8648.2,       1.81,       1.29
    0,    14,     8,      69.95,     111.12,       0.00,    12858.0,       1.77,       1.27
    0,    14,     9,     112.65,     131.01,       0.00,    15445.9,       1.88,       1.31
    0,    14,    10,      95.05,     137.99,       0.00,     5537.4,       1.86,       1.28
    0,    14,    11,     101.74,     163.92,       0.00,     7556.8,       1.85,       1.30
    0,    15,     1,       8.97,      14.69,       0.00,     3737.4,       1.83,       1.30
    0,    15,     2,      29.22,      30.92,       0.00,    21920.2,       2.09,       1.41
    0,    15,     3,      68.43,      72.72,       0.00,    11067.5,       1.82,       1.31
    0,    15,     4,      43.67,      72.95,       0.00,     7537.6,       1.86,       1.32
    0,    15,     5,      86.10,      73.81,       0.00,     9647.1,       1.75,       1.27
    0,    15,     6,     136.53,      74.77,       0.00,    15771.6,       1.85,       1.30
    0,    15,     7,     103.53,      78.28,       0.00,     8373.5,       1.85,       1.26
    0,    15,     8,      69.95,     111.13,       0.00,    13004.0,       1.82,       1.26
    0,    15,     9,     112.59,     131.07,       0.00,    14770.8,       1.88,       1.30
    0,    15,    10,      95.05,     138.01,       0.00,     5655.1,       1.89,       1.32
    0,    15,    11,     101.76,     163.92,       0.00,     7486.8,       1.86,       1.30
    0,    16,     1,       9.05,      14.70,       0.00,     3458.9,       1.75,       1.23
    0,    16,     2,      29.22,      30.92,       0.00,    21465.1,       2.06,       1.41
    0,    16,     3,      68.42,      72.74,       0.00,    11004.2,       1.83,       1.30
    0,    16,     4,      43.72,      72.97,       0.00,     7223.8,       1.76,       1.26
    0,    16,     5,      86.14,      73.81,       0.00,     9423.3,       1.71,       1.25
    0,    16,     6,     136.50,      74.78,       0.00,    15740.8,       1.84,       1.31
    0,    16,     7,     103.47,      78.27,       0.00,     8241.7,       1.77,       1.29
    0,    16,     8,      70.00,     111.13,       0.00,    12829.3,       1.83,       1.25
    0,    16,     9,     112.63,     131.07,       0.00,    15087.3,       1.85,       1.31
    0,    16,    10,      95.10,     137.96,       0.00,     5544.3,       1.90,       1.28
    0,    16,    11,     101.76,     163.94,       0.00,     7680.1,       1.88,       1.30
    0,    17,     1,       9.11,      14.69,       0.00,     3527.7,       1.66,       1.30
    0,    17,     2,      29.21,      30.92,       0.00,    21195.7,       2.05,       1.39
    0,    17,     3,      68.45,      72.71,       0.00,    11077.0,       1.83,       1.32
    0,    17,     4,      43.65,      73.00,       0.00,     7321.0,       1.84,       1.31
    0,    17,     5,      86.14,      73.80,       0.00,    10037.8,       1.72,       1.28
    0,    17,     6,     136.53,      74.81,       0.00,    15638.0,       1.80,       1.32
    0,    17,     7,     103.43,      78.23,       0.00,     8370.9,       1.84,       1.27
    0,    17,     8,      69.99,     111.13,       0.00,    12799.1,       1.77,       1.27
    0,    17,     9,     112.63,     131.05,       0.00,    14588.2,       1.89,       1.28
    0,    17,    10,      95.06,     137.97,       0.00,     5393.2,       1.86,       1.23
    0,    17,    11,     101.75,     163.92,       0.00,     7436.9,       1.89,       1.26
    0,    18,     1,       9.15,      14.66,       0.00,     3434.2,       1.75,       1.21
    0,    18,     2,      29.21,      30.91,       0.00,    21512.9,       2.07,       1.41
    0,    18,     3,      43.73,      72.95,       0.00,     7420.7,       1.80,       1.29
    0,    18,     4,      68.44,      72.75,       0.00,    10916.8,       1.85,       1.30
    0,    18,     5,      86.09,      73.80,       0.00,     9652.2,       1.74,       1.28
    0,    18,     6,     136.51,      74.79,       0.00,    15655.5,       1.82,       1.33
    0,    18,     7,     103.51,      78.26,       0.00,     8169.9,       1.74,       1.27
    0,    18,     8,      69.98,     111.13,       0.00,    12673.5,       1.78,       1.27
    0,    18,     9,     112.62,     131.01,       0.00,    14674.7,       1.84,       1.32
    0,    18,    10,      95.01,     137.98,       0.00,     5586.5,       1.91,       1.24
    0,    18,    11,     101.78,     163.94,       0.00,     7574.2,       1.84,       1.30
    0,    19,     1,       9.03,      14.64,       0.00,     3704.2,       1.74,       1.30
    0,    19,     2,      29.20,      30.93,       0.00,    21579.7,       2.08,       1.40
    0,    19,     3,      43.77,      72.96,       0.00,     7318.6,       1.81,       1.26
    0,    19,     4,      68.44,      72.76,       0.00,    10753.3,       1.86,       1.30
    0,    19,     5,      86.08,      73.85,       0.00,     9565.1,       1.80,       1.27
    0,    19,     6,     136.50,      74.80,       0.00,    15559.8,       1.83,       1.33
    0,    19,     7,     103.46,      78.26,       0.00,     8022.4,       1.78,       1.27
    0,    19,     8,      69.95,     111.12,       0.00,    13175.0,       1.81,       1.28
    0,    19,     9,     112.61,     131.05,       0.00,    14624.2,       1.84,       1.31
    0,    19,    10,      95.04,     137.99,       0.00,     5556.4,       1.86,       1.26
    0,    19,    11,     101.78,     163.91,       0.00,     7491.9,       1.89,       1.29
    0,    20,     1,       9.09,      14.65,       0.00,     3558.0,       1.70,       1.25
    0,    20,     2,      29.20,      30.93,       0.00,    21278.3,       2.06,       1.39
    0,    20,     3,      43.69,      72.99,       0.00,     7034.6,       1.77,       1.25
    0,    20,     4,      68.42,      72.76,       0.00,    10948.8,       1.83,       1.32
    0,    20,     5,      86.16,      73.82,       0.00,     9763.8,       1.76,       1.28
    0,    20,     6,     136.52,      74.77,       0.00,    15339.3,       1.80,       1.31
    0,    20,     7,     103.50,      78.25,       0.00,     8264.0,       1.77,       1.26
    0,    20,     8,      69.96,     111.13,       0.00,    12771.0,       1.79,       1.27
    0,    20,     9,     112.62,     131.05,       0.00,    14656.5,       1.86,       1.35
    0,    20,    10,      95.09,     137.99,       0.00,     5423.2,       1.87,       1.28
    0,    20,    11,     101.78,     163.86,       0.00,     7165.2,       1.84,       1.28
    0,    21,     1,       9.14,      14.70,       0.00,     3568.8,       1.79,       1.26
    0,    21,     2,      29.23,      30.91,       0.00,    21472.0,       2.05,       1.41
    0,    21,     3,      68.41,      72.72,       0.00,    10500.6,       1.82,       1.27
    0,    21,     4,      43.66,      72.99,       0.00,     7281.1,       1.80,       1.26
    0,    21,     5,      86.14,      73.82,       0.00,     9776.7,       1.76,       1.27
    0,    21,     6,     136.52,      74.78,       0.00,    15206.0,       1.80,       1.29
    0,    21,     7,     103.44,      78.28,       0.00,     7768.2,       1.76,       1.28
    0,    21,     8,      69.96,     111.14,       0.00,    12956.4,       1.78,       1.27
    0,    21,     9,     112.62,     131.05,       0.00,    15297.8,       1.89,       1.32
    0,    21,    10,      95.04,     138.01,       0.00,     5431.6,       1.83,       1.23
    0,    21,    11,     101.78,     163.90,       0.00,     7475.4,       1.85,       1.37
    0,    22,     1,       8.97,      14.72,       0.00,     3540.1,       1.77,       1.27
    0,    22,     2,      29.18,      30.93,       0.00,    21290.2,       2.09,       1.39
    0,    22,     3,      43.69,      72.98,       0.00,     7295.0,       1.81,       1.30
    0,    22,     4,      68.42,      72.74,       0.00,    10494.4,       1.83,       1.32
    0,    22,     5,      86.11,      73.83,       0.00,     9872.7,       1.81,       1.28
    0,    22,     6,     136.51,      74.77,       0.00,    15275.7,       1.81,       1.33
    0,    22,     7,     103.47,      78.24,       0.00,     8000.6,       1.75,       1.31
    0,    22,     8,      69.97,     111.12,       0.00,    13067.0,       1.81,       1.27
    0,    22,     9,     112.62,     131.05,       0.00,    15737.3,       1.91,       1.32
    0,    22,    10,      95.08,     137.96,       0.00,     5371.2,       1.77,       1.29
    0,    22,    11,     101.71,     163.94,       0.00,     7231.6,       1.93,       1.26
    0,    23,     1,       9.12,      14.68,       0.00,     3618.6,       1.69,       1.29
    0,    23,     2,      29.23,      30.94,       0.00,    20866.8,       2.05,       1.38
    0,    23,     3,      68.41,      72.71,       0.00,    10840.2,       1.83,       1.31
    0,    23,     4,      43.71,      72.97,       0.00,     7309.9,       1.82,       1.25
    0,    23,     5,      86.13,      73.82,       0.00,     9558.7,       1.78,       1.24
    0,    23,     6,     136.53,      74.79,       0.00,    15029.3,       1.77,       1.31
    0,    23,     7,     103.49,      78.27,       0.00,     7995.7,       1.75,       1.25
    0,    23,     8,      69.99,     111.13,       0.00,    13050.1,       1.80,       1.24
    0,    23,     9,     112.57,     131.06,       0.00,    15318.1,       1.91,       1.31
    0,    23,    10,      95.03,     138.03,       0.00,     5691.9,       1.88,       1.26
    0,    23,    11,     101.73,     163.92,       0.00,     7147.0,       1.84,       1.29
    0,    24,     1,       9.09,      14.67,       0.00,     3490.5,       1.79,       1.24
    0,    24,     2,      29.22,      30.93,       0.00,    21305.5,       2.05,       1.40
    0,    24,     3,      43.70,      72.95,       0.00,     7451.9,       1.78,       1.28
    0,    24,     4,      68.39,      72.75,       0.00,    10703.2,       1.78,       1.29
    0,    24,     5,      86.11,      73.81,       0.00,    10313.4,       1.79,       1.28
    0,    24,     6,     136.50,      74.79,       0.00,    15097.2,       1.83,       1.31
    0,    24,     7,     103.43,      78.28,       0.00,     8083.4,       1.77,       1.29
    0,    24,     8,      69.92,     111.12,       0.00,    12994.1,       1.81,       1.26
    0,    24,     9,     112.58,     131.07,       0.00,    15154.3,       1.88,       1.31
    0,    24,    10,      95.09,     137.98,       0.00,     5375.3,       1.85,       1.24
    0,    24,    11,     101.74,     163.93,       0.00,     7376.0,       1.85,       1.29
    0,    25,     1,       9.07,      14.66,       0.00,     3356.5,       1.70,       1.23
    0,    25,     2,      29.22,      30.93,       0.00,    21463.6,       2.09,       1.40
    0,    25,     3,      68.47,      72.70,       0.00,    11142.3,       1.81,       1.31
    0,    25,     4,      43.71,      72.99,       0.00,     7186.5,       1.83,       1.25
    0,    25,     5,      86.08,      73.80,       0.00,     9681.3,       1.79,       1.24
    0,    25,     6,     136.52,      74.79,       0.00,    15273.9,       1.81,       1.31
    0,    25,     7,     103.49,      78.28,       0.00,     8368.1,       1.78,       1.29
    0,    25,     8,      69.95,     111.11,       0.00,    12823.9,       1.81,       1.24
    0,    25,     9,     112.61,     131.04,       0.00,    15488.5,       1.90,       1.31
    0,    25,    10,      95.10,     138.01,       0.00,     5300.8,       1.83,       1.23
    0,    25,    11,     101.72,     163.92,       0.00,     7273.6,       1.84,       1.31
    0,    26,     1,       9.05,      14.62,       0.00,     3775.8,       1.80,       1.33
    0,    26,     2,      29.22,      30.93,       0.00,    21432.3,       2.07,       1.40
    0,    26,     3,      43.76,      72.97,       0.00,     7178.6,       1.81,       1.23
    0,    26,     4,      68.47,      72.72,       0.00,    10584.1,       1.78,       1.28
    0,    26,     5,      86.12,      73.85,       0.00,     9837.5,       1.76,       1.29
    0,    26,     6,     136.54,      74.80,       0.00,    15194.1,       1.80,       1.30
    0,    26,     7,     103.47,      78.29,       0.00,     8203.2,       1.78,       1.31
    0,    26,     8,      69.95,     111.15,       0.00,    12800.6,       1.77,       1.28
    0,    26,     9,     112.63,     131.07,       0.00,    15092.0,       1.86,       1.31
    0,    26,    10,      95.11,     137.95,       0.00,     5294.4,       1.83,       1.30
    0,    26,    11,     101.71,     163.90,       0.00,     7506.4,       1.88,       1.29
    0,    27,     1,       9.06,      14.71,       0.00,     3473.4,       1.76,       1.21
    0,    27,     2,      29.24,      30.92,       0.00,    21291.0,       2.07,       1.40
    0,    27,     3,      68.47,      72.75,       0.00,    10917.9,       1.81,       1.29
    0,    27,     4,      43.75,      72.94,       0.00,     7163.3,       1.78,       1.28
    0,    27,     5,      86.10,      73.84,       0.00,     9839.1,       1.73,       1.24
    0,    27,     6,     136.52,      74.78,       0.00,    15339.8,       1.83,       1.32
    0,    27,     7,     103.49,      78.29,       0.00,     8204.1,       1.73,       1.30
    0,    27,     8,      69.96,     111.13,       0.00,    12671.2,       1.79,       1.26
    0,    27,     9,     112.63,     131.05,       0.00,    15058.9,       1.86,       1.31
    0,    27,    10,      95.12,     137.99,       0.00,     5389.2,       1.86,       1.31
    0,    27,    11,     101.77,     163.90,       0.00,     7475.7,       1.86,       1.30
    0,    28,     1,       9.03,      14.63,       0.00,     3558.9,       1.80,       1.22
    0,    28,     2,      29.22,      30.95,       0.00,    21422.6,       2.08,       1.39
    0,    28,     3,      43.70,      72.97,       0.00,     7428.6,       1.82,       1.29
    0,    28,     4,      68.40,      72.73,       0.00,    10806.5,       1.85,       1.31
    0,    28,     5,      86.12,      73.83,       0.00,     9419.7,       1.73,       1.24
    0,    28,     6,     136.52,      74.80,       0.00,    15247.6,       1.81,       1.29
    0,    28,     7,     103.49,      78.28,       0.00,     8005.1,       1.79,       1.27
    0,    28,     8,      69.96,     111.14,       0.00,    12951.4,       1.82,       1.28
    0,    28,     9,     112.59,     131.05,       0.00,    15178.0,       1.90,       1.29
    0,    28,    10,      95.06,     138.01,       0.00,     5181.5,       1.84,       1.29
    0,    28,    11,     101.70,     163.90,       0.00,     7339.9,       1.86,       1.30
    0,    29,     1,       9.07,      14.70,       0.00,     3639.6,       1.79,       1.27
    0,    29,     2,      29.23,      30.94,       0.00,    21702.7,       2.08,       1.41
    0,    29,     3,      43.74,      72.97,       0.00,     7451.7,       1.83,       1.29
    0,    29,     4,      68.44,      72.72,       0.00,    10845.2,       1.82,       1.32
    0,    29,     5,      86.14,      73.81,       0.00,     9727.6,       1.75,       1.25
    0,    29,     6,     136.50,      74.79,       0.00,    15553.7,       1.84,       1.33
    0,    29,     7,     103.49,      78.31,       0.00,     8358.8,       1.81,       1.28
    0,    29,     8,      69.95,     111.11,       0.00,    12778.9,       1.79,       1.25
    0,    29,     9,     112.62,     131.05,       0.00,    15651.5,       1.85,       1.32
    0,    29,    10,      95.11,     137.95,       0.00,     5373.4,       1.78,       1.22
    0,    29,    11,     101.80,     163.90,       0.00,     7443.9,       1.82,       1.28
    0,    30,     1,       9.04,      14.67,       0.00,     3390.0,       1.65,       1.24
    0,    30,     2,      29.20,      30.94,       0.00,    21660.6,       2.08,       1.40
    0,    30,     3,      43.68,      73.02,       0.00,     7222.8,       1.83,       1.25
    0,    30,     4,      68.40,      72.70,       0.00,    10797.0,       1.87,       1.32
    0,    30,     5,      86.17,      73.82,       0.00,     9510.3,       1.69,       1.27
    0,    30,     6,     136.53,      74.81,       0.00,    15325.0,       1.83,       1.31
    0,    30,     7,     103.49,      78.27,       0.00,     8078.6,       1.73,       1.26
    0,    30,     8,      69.97,     111.11,       0.00,    12681.5,       1.78,       1.28
    0,    30,     9,     112.61,     131.06,       0.00,    15239.7,       1.86,       1.31
    0,    30,    10,      95.06,     138.02,       0.00,     5381.9,       1.83,       1.20
    0,    30,    11,     101.72,     163.92,       0.00,     7002.1,       1.86,       1.27
    0,    31,     1,       9.05,      14.68,       0.00,     3569.9,       1.79,       1.25
    0,    31,     2,      29.21,      30.94,       0.00,    21510.1,       2.10,       1.39
    0,    31,     3,      43.66,      72.99,       0.00,     7290.9,       1.78,       1.30
    0,    31,     4,      68.41,      72.72,       0.00,    10328.5,       1.80,       1.30
    0,    31,     5,      86.11,      73.80,       0.00,     9530.5,       1.78,       1.25
    0,    31,     6,     136.52,      74.80,       0.00,    15970.5,       1.84,       1.35
    0,    31,     7,     103.44,      78.30,       0.00,     8331.3,       1.83,       1.27
    0,    31,     8,      69.92,     111.14,       0.00,    13138.3,       1.82,       1.28
    0,    31,     9,     112.64,     131.04,       0.00,    15282.0,       1.86,       1.31
    0,    31,    10,      95.07,     138.01,       0.00,     5565.2,       1.84,       1.28
    0,    31,    11,     101.75,     163.91,       0.00,     7257.4,       1.85,       1.32
    0,    32,     1,       9.04,      14.63,       0.00,     3318.9,       1.63,       1.23
    0,    32,     2,      29.22,      30.91,       0.00,    21011.1,       2.04,       1.39
    0,    32,     3,      43.70,      72.96,       0.00,     7281.6,       1.80,       1.25
    0,    32,     4,      68.40,      72.71,       0.00,    10350.6,       1.82,       1.34
    0,    32,     5,      86.08,      73.82,       0.00,     9445.4,       1.76,       1.26
    0,    32,     6,     136.51,      74.80,       0.00,    15397.9,       1.83,       1.32
    0,    32,     7,     103.42,      78.26,       0.00,     8065.7,       1.78,       1.28
    0,    32,     8,      69.91,     111.12,       0.00,    13108.3,       1.83,       1.24
    0,    32,     9,     112.61,     131.07,       0.00,    15348.4,       1.90,       1.31
    0,    32,    10,      94.98,     138.04,       0.00,     5471.1,       1.86,       1.30
    0,    32,    11,     101.75,     163.94,       0.00,     7251.4,       1.90,       1.32
    0,    33,     1,       9.01,      14.70,       0.00,     3385.3,       1.77,       1.23
    0,    33,     2,      29.22,      30.94,       0.00,    21087.9,       2.05,       1.40
    0,    33,     3,      43.73,      72.94,       0.00,     7344.8,       1.82,       1.26
    0,    33,     4,      68.37,      72.70,       0.00,    10471.3,       1.80,       1.32
    0,    33,     5,      86.11,      73.84,       0.00,     9420.0,       1.79,       1.27
    0,    33,     6,     136.50,      74.80,       0.00,    15164.4,       1.80,       1.31
    0,    33,     7,     103.44,      78.27,       0.00,     8209.1,       1.78,       1.30
    0,    33,     8,      69.92,     111.11,       0.00,    13291.3,       1.82,       1.26
    0,    33,     9,     112.57,     131.03,       0.00,    14900.0,       1.90,       1.30
    0,    33,    10,      95.03,     138.00,       0.00,     5557.5,       1.87,       1.30
    0,    33,    11,     101.77,     163.85,       0.00,     6975.8,       1.82,       1.28
    0,    34,     1,       9.02,      14.66,       0.00,     3333.1,       1.70,       1.24
    0,    34,     2,      29.19,      30.93,       0.00,    21326.6,       2.07,       1.40
    0,    34,     3,      43.74,      72.95,       0.00,     7288.3,       1.73,       1.23
    0,    34,     4,      68.37,      72.74,       0.00,    10313.6,       1.80,       1.32
    0,    34,     5,      86.17,      73.83,       0.00,     9295.8,       1.77,       1.25
    0,    34,     6,     136.53,      74.79,       0.00,    15901.4,       1.81,       1.33
    0,    34,     7,     103.47,      78.30,       0.00,     8088.2,       1.84,       1.30
    0,    34,     8,      69.92,     111.11,       0.00,    13148.1,       1.80,       1.27
    0,    34,     9,     112.58,     131.02,       0.00,    14709.0,       1.88,       1.31
    0,    34,    10,      95.08,     137.99,       0.00,     5377.2,       1.95,       1.22
    0,    34,    11,     101.75,     163.92,       0.00,     7040.1,       1.84,       1.29
    0,    35,     1,       9.01,      14.60,       0.00,     3512.2,       1.83,       1.25
    0,    35,     2,      29.26,      30.94,       0.00,    21317.3,       2.05,       1.39
    0,    35,     3,      68.41,      72.71,       0.00,    10359.3,       1.80,       1.30
    0,    35,     4,      43.76,      72.97,       0.00,     7381.1,       1.83,       1.31
    0,    35,     5,      86.17,      73.82,       0.00,     9420.9,       1.76,       1.24
    0,    35,     6,     136.51,      74.78,       0.00,    15786.2,       1.82,       1.32
    0,    35,     7,     103.46,      78.30,       0.00,     7860.9,       1.72,       1.29
    0,    35,     8,      69.95,     111.14,       0.00,    13276.1,       1.82,       1.29
    0,    35,     9,     112.59,     131.07,       0.00,    15402.4,       1.90,       1.30
    0,    35,    10,      95.07,     138.03,       0.00,     5466.3,       1.85,       1.29
    0,    35,    11,     101.71,     163.91,       0.00,     7381.8,       1.90,       1.29
    0,    36,     1,       8.96,      14.67,       0.00,     3553.3,       1.71,       1.31
    0,    36,     2,      29.23,      30.92,       0.00,    21281.9,       2.03,       1.42
    0,    36,     3,      43.74,      72.98,       0.00,     7462.6,       1.81,       1.28
    0,    36,     4,      68.43,      72.70,       0.00,    10375.0,       1.79,       1.29
    0,    36,     5,      86.17,      73.82,       0.00,     9518.4,       1.75,       1.29
    0,    36,     6,     136.54,      74.77,       0.00,    15602.3,       1.81,       1.31
    0,    36,     7,     103.46,      78.26,       0.00,     7881.5,       1.74,       1.29
    0,    36,     8,      69.95,     111.11,       0.00,    12930.3,       1.80,       1.25
    0,    36,     9,     112.67,     131.04,       0.00,    15531.0,       1.89,       1.31
    0,    36,    10,      95.11,     137.95,       0.00,     5452.1,       1.82,       1.26
    0,    36,    11,     101.76,     163.92,       0.00,     7257.4,       1.92,       1.31
    0,    37,     1,       9.12,      14.61,       0.00,     3526.6,       1.81,       1.26
    0,    37,     2,      29.23,      30.92,       0.00,    21778.4,       2.07,       1.42
    0,    37,     3,      68.38,      72.68,       0.00,    10230.7,       1.81,       1.31
    0,    37,     4,      43.76,      72.97,       0.00,     7381.8,       1.80,       1.30
    0,    37,     5,      86.14,      73.83,       0.00,     9524.6,       1.80,       1.27
    0,    37,     6,     136.52,      74.78,       0.00,    15711.5,       1.80,       1.33
    0,    37,     7,     103.47,      78.29,       0.00,     7865.9,       1.77,       1.27
    0,    37,     8,      69.95,     111.12,       0.00,    13118.8,       1.80,       1.28
    0,    37,     9,     112.63,     131.05,       0.00,    15004.3,       1.87,       1.32
    0,    37,    10,      95.10,     137.98,       0.00,     5621.4,       1.87,       1.23
    0,    37,    11,     101.76,     163.90,       0.00,     6923.8,       1.77,       1.31
    0,    38,     1,       8.90,      14.70,       0.00,     3459.6,       1.74,       1.25
    0,    38,     2,      29.22,      30.93,       0.00,    21874.7,       2.08,       1.43
    0,    38,     3,      43.72,      72.95,       0.00,     7522.4,       1.79,       1.29
    0,    38,     4,      68.37,      72.75,       0.00,    10361.7,       1.80,       1.30
    0,    38,     5,      86.12,      73.82,       0.00,     9715.8,       1.77,       1.26
    0,    38,     6,     136.55,      74.79,       0.00,    15551.5,       1.85,       1.31
    0,    38,     7,     103.50,      78.30,       0.00,     7927.8,       1.81,       1.31
    0,    38,     8,      69.91,     111.13,       0.00,    13280.5,       1.79,       1.28
    0,    38,     9,     112.63,     131.06,       0.00,    15009.9,       1.85,       1.30
    0,    38,    10,      95.06,     137.97,       0.00,     5262.6,       1.80,       1.22
    0,    38,    11,     101.80,     163.90,       0.00,     7254.2,       1.89,       1.29
    0,    39,     1,       8.98,      14.62,       0.00,     3176.8,       1.67,       1.24
    0,    39,     2,      29.23,      30.91,       0.00,    21602.6,       2.06,       1.41
    0,    39,     3,      43.72,      72.98,       0.00,     7194.5,       1.79,       1.31
    0,    39,     4,      68.43,      72.70,       0.00,    10213.4,       1.80,       1.31
    0,    39,     5,      86.13,      73.80,       0.00,     9664.8,       1.81,       1.26
    0,    39,     6,     136.54,      74.78,       0.00,    15276.2,       1.80,       1.33
    0,    39,     7,     103.50,      78.29,       0.00,     7904.0,       1.76,       1.31
    0,    39,     8,      69.90,     111.13,       0.00,    13116.1,       1.78,       1.28
    0,    39,     9,     112.58,     131.03,       0.00,    14810.5,       1.89,       1.30
    0,    39,    10,      95.10,     137.97,       0.00,     5219.1,       1.79,       1.24
    0,    39,    11,     101.74,     163.87,       0.00,     7192.1,       1.83,       1.32
    0,    40,     1,       9.03,      14.68,       0.00,     3509.7,       1.77,       1.29
    0,    40,     2,      29.24,      30.92,       0.00,    21441.0,       2.06,       1.40
    0,    40,     3,      68.36,      72.71,       0.00,    10250.0,       1.83,       1.30
    0,    40,     4,      43.70,      72.97,       0.00,     7422.3,       1.83,       1.27
    0,    40,     5,      86.15,      73.81,       0.00,     9587.2,       1.78,       1.27
    0,    40,     6,     136.53,      74.80,       0.00,    15228.4,       1.82,       1.31
    0,    40,     7,     103.54,      78.27,       0.00,     7678.7,       1.76,       1.27
    0,    40,     8,      69.92,     111.13,       0.00,    13101.7,       1.81,       1.28
    0,    40,     9,     112.66,     131.04,       0.00,    15381.9,       1.90,       1.33
    0,    40,    10,      95.02,     137.95,       0.00,     5481.0,       1.82,       1.30
    0,    40,    11,     101.72,     163.90,       0.00,     7302.5,       1.85,       1.30
    0,    41,     1,       8.94,      14.69,       0.00,     3356.4,       1.69,       1.25
    0,    41,     2,      29.24,      30.93,       0.00,    21605.4,       2.06,       1.41
    0,    41,     3,      68.39,      72.73,       0.00,    10287.6,       1.82,       1.30
    0,    41,     4,      43.74,      72.97,       0.00,     7216.6,       1.78,       1.30
    0,    41,     5,      86.10,      73.83,       0.00,     9375.8,       1.75,       1.30
    0,    41,     6,     136.50,      74.79,       0.00,    15259.8,       1.82,       1.31
    0,    41,     7,     103.49,      78.28,       0.00,     7698.8,       1.75,       1.28
    0,    41,     8,      69.95,     111.11,       0.00,    12798.2,       1.77,       1.29
    0,    41,     9,     112.67,     131.03,       0.00,    14720.0,       1.88,       1.28
    0,    41,    10,      95.10,     138.02,       0.00,     5479.8,       1.82,       1.24
    0,    41,    11,     101.70,     163.89,       0.00,     7115.3,       1.80,       1.28
    0,    42,     1,       8.94,      14.69,       0.00,     3356.4,       1.69,       1.25
    0,    42,     2,      29.24,      30.93,       0.00,    21605.4,       2.06,       1.41
    0,    42,     3,      68.39,      72.73,       0.00,    10287.6,       1.82,       1.30
    0,    42,     4,      43.74,      72.97,       0.00,     7216.6,       1.78,       1.30
    0,    42,     5,      86.10,      73.83,       0.00,     9375.8,       1.75,       1.30
    0,    42,     6,     136.50,      74.79,       0.00,    15259.8,       1.82,       1.31
    0,    42,     7,     103.49,      78.28,       0.00,     7698.8,       1.75,       1.28
    0,    42,     8,      69.95,     111.11,       0.00,    12798.2,       1.77,       1.29
    0,    42,     9,     112.67,     131.03,       0.00,    14720.0,       1.88,       1.28
    0,    42,    10,      95.10,     138.02,       0.00,     5479.8,       1.82,       1.24
    0,    42,    11,     101.70,     163.89,       0.00,     7115.3,       1.80,       1.28
