#stackID(UINT32), frameID(UINT32), eventID(UINT32), x0(float), y0(float), z0(float), photon_count0(float), sigmaX0(float), sigmaY0(float) 
    0,     0,     1,       9.09,      14.16,       0.00,     4787.5,       1.14,       3.30
    0,     0,     2,      29.28,      30.64,       0.00,    28963.5,       1.46,       3.63
    0,     0,     3,      43.77,      72.55,       0.00,    10264.2,       1.20,       3.30
    0,     0,     4,      68.40,      72.48,       0.00,    13462.4,       1.22,       3.33
    0,     0,     5,      86.02,      73.40,       0.00,    11792.1,       1.22,       3.24
    0,     0,     6,     136.65,      74.23,       0.00,    15868.9,       1.24,       3.41
    0,     0,     7,     103.52,      78.08,       0.00,     7745.2,       1.32,       3.40
    0,     0,     8,      70.00,     110.70,       0.00,    10446.0,       1.23,       3.38
    0,     0,     9,     112.72,     130.76,       0.00,    13310.0,       1.28,       3.26
    0,     0,    10,      94.96,     137.71,       0.00,     6664.1,       1.17,       3.07
    0,     0,    11,     101.77,     163.44,       0.00,     8846.9,       1.27,       3.15
    0,     1,     1,       9.11,      14.20,       0.00,     4567.0,       1.17,       3.22
    0,     1,     2,      29.28,      30.66,       0.00,    27654.9,       1.42,       3.60
    0,     1,     3,      43.79,      72.46,       0.00,    10639.4,       1.21,       3.39
    0,     1,     4,      68.43,      72.47,       0.00,    13283.9,       1.21,       3.33
    0,     1,     5,      86.05,      73.40,       0.00,    11517.1,       1.23,       3.30
    0,     1,     6,     136.63,      74.25,       0.00,    15270.1,       1.24,       3.40
    0,     1,     7,     103.55,      78.03,       0.00,     7588.1,       1.29,       3.45
    0,     1,     8,      70.02,     110.68,       0.00,    10169.1,       1.24,       3.33
    0,     1,     9,     112.69,     130.65,       0.00,    12857.8,       1.25,       3.22
    0,     1,    10,      94.97,     137.75,       0.00,     6304.4,       1.15,       3.00
    0,     1,    11,     101.78,     163.50,       0.00,     8476.7,       1.24,       3.17
    0,     2,     1,       9.10,      14.26,       0.00,     4498.7,       1.18,       3.20
    0,     2,     2,      29.28,      30.65,       0.00,    28030.2,       1.45,       3.56
    0,     2,     3,      43.79,      72.56,       0.00,    10280.2,       1.22,       3.40
    0,     2,     4,      68.40,      72.57,       0.00,    12866.0,       1.20,       3.29
    0,     2,     5,      86.02,      73.35,       0.00,    11570.6,       1.20,       3.20
    0,     2,     6,     136.63,      74.25,       0.00,    15278.6,       1.22,       3.32
    0,     2,     7,     103.52,      78.05,       0.00,     7369.7,       1.30,       3.36
    0,     2,     8,      70.00,     110.70,       0.00,    10293.8,       1.23,       3.21
    0,     2,     9,     112.68,     130.68,       0.00,    13572.6,       1.29,       3.19
    0,     2,    10,      94.96,     137.81,       0.00,     6733.0,       1.18,       3.20
    0,     2,    11,     101.77,     163.38,       0.00,     8194.6,       1.23,       3.21
    0,     3,     1,       9.18,      14.17,       0.00,     4651.2,       1.25,       3.40
    0,     3,     2,      29.31,      30.63,       0.00,    27947.9,       1.45,       3.60
    0,     3,     3,      43.77,      72.56,       0.00,     9987.6,       1.21,       3.25
    0,     3,     4,      68.40,      72.47,       0.00,    12722.4,       1.19,       3.33
    0,     3,     5,      86.02,      73.29,       0.00,    11136.7,       1.20,       3.15
    0,     3,     6,     136.64,      74.26,       0.00,    15468.6,       1.23,       3.40
    0,     3,     7,     103.48,      78.13,       0.00,     7034.1,       1.26,       3.31
    0,     3,     8,      69.96,     110.68,       0.00,    10317.3,       1.25,       3.24
    0,     3,     9,     112.70,     130.68,       0.00,    12977.5,       1.26,       3.22
    0,     3,    10,      94.91,     137.69,       0.00,     6664.4,       1.17,       3.12
    0,     3,    11,     101.77,     163.47,       0.00,     8227.2,       1.23,       3.19
    0,     4,     1,       9.10,      14.25,       0.00,     4377.6,       1.14,       3.31
    0,     4,     2,      29.29,      30.66,       0.00,    27778.0,       1.44,       3.58
    0,     4,     3,      43.77,      72.51,       0.00,     9776.4,       1.20,       3.26
    0,     4,     4,      68.42,      72.51,       0.00,    12782.7,       1.21,       3.31
    0,     4,     5,      86.03,      73.39,       0.00,    11350.1,       1.14,       3.22
    0,     4,     6,     136.64,      74.29,       0.00,    15026.9,       1.22,       3.31
    0,     4,     7,     103.50,      78.10,       0.00,     7257.1,       1.30,       3.31
    0,     4,     8,      69.99,     110.61,       0.00,    10071.6,       1.22,       3.28
    0,     4,     9,     112.71,     130.71,       0.00,    12951.2,       1.26,       3.23
    0,     4,    10,      94.92,     137.78,       0.00,     6385.8,       1.14,       3.01
    0,     4,    11,     101.79,     163.49,       0.00,     8764.3,       1.27,       3.18
    0,     5,     1,       9.06,      14.05,       0.00,     4500.5,       1.16,       3.31
    0,     5,     2,      29.30,      30.63,       0.00,    27436.0,       1.43,       3.57
    0,     5,     3,      43.81,      72.54,       0.00,    10068.6,       1.22,       3.31
    0,     5,     4,      68.45,      72.59,       0.00,    12840.0,       1.22,       3.28
    0,     5,     5,      86.01,      73.29,       0.00,    10689.4,       1.18,       3.19
    0,     5,     6,     136.62,      74.27,       0.00,    15339.2,       1.22,       3.31
    0,     5,     7,     103.53,      78.08,       0.00,     7101.5,       1.23,       3.36
    0,     5,     8,      70.01,     110.74,       0.00,     9523.0,       1.23,       3.22
    0,     5,     9,     112.70,     130.70,       0.00,    13238.8,       1.29,       3.22
    0,     5,    10,      94.93,     137.85,       0.00,     6719.2,       1.21,       3.20
    0,     5,    11,     101.77,     163.46,       0.00,     8110.8,       1.22,       3.11
    0,     6,     1,       9.06,      14.13,       0.00,     4442.3,       1.16,       3.14
    0,     6,     2,      29.27,      30.65,       0.00,    27502.2,       1.43,       3.56
    0,     6,     3,      68.40,      72.49,       0.00,    12619.9,       1.21,       3.27
    0,     6,     4,      43.78,      72.56,       0.00,     9711.0,       1.24,       3.26
    0,     6,     5,      85.99,      73.30,       0.00,    11587.0,       1.22,       3.23
    0,     6,     6,     136.62,      74.35,       0.00,    16231.6,       1.22,       3.34
    0,     6,     7,     103.51,      78.18,       0.00,     7316.5,       1.29,       3.53
    0,     6,     8,      69.99,     110.73,       0.00,     9284.8,       1.23,       3.23
    0,     6,     9,     112.72,     130.74,       0.00,    12690.9,       1.28,       3.25
    0,     6,    10,      94.92,     137.69,       0.00,     6453.0,       1.19,       3.16
    0,     6,    11,     101.79,     163.46,       0.00,     8213.0,       1.22,       3.10
    0,     7,     1,       9.05,      14.10,       0.00,     4390.5,       1.13,       3.23
    0,     7,     2,      29.30,      30.67,       0.00,    28027.2,       1.45,       3.56
    0,     7,     3,      43.79,      72.57,       0.00,     9819.9,       1.26,       3.34
    0,     7,     4,      68.41,      72.56,       0.00,    12763.9,       1.21,       3.32
    0,     7,     5,      86.01,      73.37,       0.00,    10965.9,       1.21,       3.19
    0,     7,     6,     136.59,      74.28,       0.00,    16301.8,       1.24,       3.38
    0,     7,     7,     103.51,      78.14,       0.00,     7171.4,       1.28,       3.32
    0,     7,     8,      70.00,     110.82,       0.00,     9227.1,       1.22,       3.21
    0,     7,     9,     112.70,     130.79,       0.00,    12969.0,       1.29,       3.14
    0,     7,    10,      94.93,     137.75,       0.00,     6439.4,       1.19,       3.11
    0,     7,    11,     101.81,     163.39,       0.00,     8370.7,       1.22,       3.10
    0,     8,     1,       9.09,      14.13,       0.00,     4614.4,       1.15,       3.18
    0,     8,     2,      29.29,      30.65,       0.00,    27957.9,       1.44,       3.59
    0,     8,     3,      43.80,      72.50,       0.00,     9669.7,       1.20,       3.34
    0,     8,     4,      68.43,      72.51,       0.00,    12504.0,       1.19,       3.35
    0,     8,     5,      86.01,      73.36,       0.00,    11043.9,       1.20,       3.15
    0,     8,     6,     136.61,      74.29,       0.00,    15888.8,       1.23,       3.40
    0,     8,     7,     103.50,      78.10,       0.00,     6736.5,       1.23,       3.21
    0,     8,     8,      70.00,     110.74,       0.00,     9224.2,       1.27,       3.25
    0,     8,     9,     112.72,     130.75,       0.00,    12798.5,       1.26,       3.25
    0,     8,    10,      94.96,     137.71,       0.00,     6419.4,       1.16,       3.15
    0,     8,    11,     101.78,     163.43,       0.00,     8664.5,       1.28,       3.16
    0,     9,     1,       9.07,      14.25,       0.00,     4439.6,       1.12,       3.25
    0,     9,     2,      29.28,      30.62,       0.00,    27332.6,       1.42,       3.56
    0,     9,     3,      68.41,      72.51,       0.00,    12609.3,       1.23,       3.22
    0,     9,     4,      43.79,      72.45,       0.00,     9747.4,       1.18,       3.48
    0,     9,     5,      86.01,      73.29,       0.00,    10823.4,       1.20,       3.15
    0,     9,     6,     136.61,      74.26,       0.00,    15309.3,       1.24,       3.36
    0,     9,     7,     103.54,      78.10,       0.00,     7012.0,       1.25,       3.53
    0,     9,     8,      70.02,     110.74,       0.00,     9008.3,       1.22,       3.21
    0,     9,     9,     112.70,     130.74,       0.00,    12752.8,       1.28,       3.16
    0,     9,    10,      94.95,     137.68,       0.00,     6189.6,       1.14,       3.06
    0,     9,    11,     101.82,     163.48,       0.00,     8279.9,       1.24,       3.07
    0,    10,     1,       9.08,      14.15,       0.00,     4732.6,       1.18,       3.41
    0,    10,     2,      29.28,      30.71,       0.00,    27734.1,       1.44,       3.58
    0,    10,     3,      68.43,      72.53,       0.00,    12531.2,       1.24,       3.38
    0,    10,     4,      43.76,      72.53,       0.00,     9206.2,       1.19,       3.26
    0,    10,     5,      86.01,      73.42,       0.00,    11232.9,       1.20,       3.23
    0,    10,     6,     136.61,      74.38,       0.00,    16010.7,       1.23,       3.42
    0,    10,     7,     103.56,      78.05,       0.00,     7056.3,       1.26,       3.36
    0,    10,     8,      69.99,     110.66,       0.00,     9098.5,       1.27,       3.25
    0,    10,     9,     112.70,     130.79,       0.00,    12584.7,       1.30,       3.25
    0,    10,    10,      94.91,     137.81,       0.00,     6257.7,       1.20,       3.11
    0,    10,    11,     101.79,     163.39,       0.00,     8206.3,       1.20,       3.08
    0,    11,     1,       9.09,      14.12,       0.00,     4470.4,       1.20,       3.24
    0,    11,     2,      29.29,      30.67,       0.00,    27539.2,       1.43,       3.56
    0,    11,     3,      68.41,      72.51,       0.00,    12205.3,       1.19,       3.32
    0,    11,     4,      43.77,      72.54,       0.00,     9851.4,       1.22,       3.40
    0,    11,     5,      86.01,      73.33,       0.00,    11151.6,       1.18,       3.28
    0,    11,     6,     136.62,      74.31,       0.00,    16386.6,       1.25,       3.38
    0,    11,     7,     103.55,      78.19,       0.00,     6594.0,       1.24,       3.28
    0,    11,     8,      69.98,     110.69,       0.00,     9225.9,       1.27,       3.27
    0,    11,     9,     112.71,     130.75,       0.00,    12804.7,       1.29,       3.19
    0,    11,    10,      94.92,     137.61,       0.00,     6106.0,       1.15,       3.09
    0,    11,    11,     101.79,     163.46,       0.00,     8390.9,       1.23,       3.20
    0,    12,     1,       9.12,      14.25,       0.00,     4665.7,       1.17,       3.40
    0,    12,     2,      29.29,      30.63,       0.00,    26858.6,       1.42,       3.55
    0,    12,     3,      68.41,      72.57,       0.00,    12480.9,       1.22,       3.36
    0,    12,     4,      43.75,      72.42,       0.00,     9522.6,       1.19,       3.38
    0,    12,     5,      86.00,      73.31,       0.00,    10873.7,       1.18,       3.30
    0,    12,     6,     136.61,      74.32,       0.00,    15983.5,       1.22,       3.41
    0,    12,     7,     103.55,      78.12,       0.00,     6682.8,       1.27,       3.40
    0,    12,     8,      70.01,     110.58,       0.00,     9217.0,       1.26,       3.30
    0,    12,     9,     112.69,     130.74,       0.00,    12806.8,       1.29,       3.22
    0,    12,    10,      94.95,     137.76,       0.00,     6154.1,       1.17,       3.11
    0,    12,    11,     101.80,     163.47,       0.00,     8256.8,       1.23,       3.18
    0,    13,     1,       9.06,      14.14,       0.00,     4570.2,       1.21,       3.23
    0,    13,     2,      29.26,      30.63,       0.00,    26996.1,       1.41,       3.56
    0,    13,     3,      43.76,      72.56,       0.00,     9559.7,       1.22,       3.37
    0,    13,     4,      68.42,      72.53,       0.00,    12252.7,       1.23,       3.39
    0,    13,     5,      86.02,      73.29,       0.00,    10952.6,       1.17,       3.23
    0,    13,     6,     136.64,      74.32,       0.00,    16730.4,       1.23,       3.42
    0,    13,     7,     103.58,      78.09,       0.00,     6114.1,       1.21,       3.40
    0,    13,     8,      70.02,     110.73,       0.00,     9524.3,       1.25,       3.27
    0,    13,     9,     112.73,     130.63,       0.00,    12987.2,       1.27,       3.28
    0,    13,    10,      94.97,     137.76,       0.00,     6392.5,       1.18,       3.07
    0,    13,    11,     101.75,     163.44,       0.00,     8083.7,       1.27,       3.14
    0,    14,     1,       9.11,      14.18,       0.00,     4348.8,       1.19,       3.20
    0,    14,     2,      29.28,      30.69,       0.00,    27726.0,       1.44,       3.57
    0,    14,     3,      68.40,      72.49,       0.00,    11990.2,       1.23,       3.38
    0,    14,     4,      43.79,      72.51,       0.00,     9493.5,       1.21,       3.27
    0,    14,     5,      86.02,      73.29,       0.00,    11338.0,       1.21,       3.24
    0,    14,     6,     136.62,      74.30,       0.00,    16027.5,       1.24,       3.40
    0,    14,     7,     103.52,      78.10,       0.00,     6354.9,       1.25,       3.49
    0,    14,     8,      69.98,     110.71,       0.00,     9450.9,       1.25,       3.19
    0,    14,     9,     112.70,     130.76,       0.00,    13105.0,       1.26,       3.23
    0,    14,    10,      94.92,     137.61,       0.00,     5967.8,       1.11,       3.05
    0,    14,    11,     101.82,     163.37,       0.00,     8257.1,       1.24,       3.17
    0,    15,     1,       9.08,      14.08,       0.00,     4393.0,       1.18,       3.26
    0,    15,     2,      29.29,      30.62,       0.00,    27738.8,       1.44,       3.62
    0,    15,     3,      68.44,      72.54,       0.00,    11699.3,       1.20,       3.38
    0,    15,     4,      43.81,      72.65,       0.00,     9775.1,       1.22,       3.40
    0,    15,     5,      86.05,      73.31,       0.00,    10764.0,       1.20,       3.31
    0,    15,     6,     136.62,      74.30,       0.00,    16148.7,       1.23,       3.40
    0,    15,     7,     103.55,      78.16,       0.00,     6331.1,       1.22,       3.46
    0,    15,     8,      69.98,     110.79,       0.00,     9567.6,       1.26,       3.27
    0,    15,     9,     112.71,     130.71,       0.00,    13276.6,       1.26,       3.21
    0,    15,    10,      94.92,     137.76,       0.00,     6402.0,       1.15,       3.11
    0,    15,    11,     101.80,     163.53,       0.00,     8037.3,       1.20,       3.16
    0,    16,     1,       9.12,      14.23,       0.00,     4234.1,       1.11,       3.23
    0,    16,     2,      29.28,      30.64,       0.00,    26732.0,       1.40,       3.56
    0,    16,     3,      68.41,      72.60,       0.00,    11504.8,       1.22,       3.32
    0,    16,     4,      43.78,      72.49,       0.00,     9397.0,       1.19,       3.28
    0,    16,     5,      85.98,      73.32,       0.00,    10722.6,       1.18,       3.23
    0,    16,     6,     136.63,      74.28,       0.00,    15794.1,       1.22,       3.40
    0,    16,     7,     103.56,      78.11,       0.00,     6158.5,       1.25,       3.45
    0,    16,     8,      70.01,     110.65,       0.00,     9477.5,       1.28,       3.32
    0,    16,     9,     112.71,     130.71,       0.00,    12982.3,       1.26,       3.16
    0,    16,    10,      94.92,     137.63,       0.00,     6117.1,       1.11,       3.11
    0,    16,    11,     101.81,     163.39,       0.00,     7991.3,       1.21,       3.16
    0,    17,     1,       9.06,      14.16,       0.00,     4322.8,       1.13,       3.25
    0,    17,     2,      29.28,      30.64,       0.00,    27153.1,       1.41,       3.57
    0,    17,     3,      68.42,      72.60,       0.00,    11866.5,       1.27,       3.39
    0,    17,     4,      43.78,      72.52,       0.00,     9691.8,       1.22,       3.24
    0,    17,     5,      86.03,      73.34,       0.00,    11242.3,       1.23,       3.33
    0,    17,     6,     136.62,      74.28,       0.00,    15520.0,       1.22,       3.35
    0,    17,     7,     103.56,      78.14,       0.00,     6357.2,       1.25,       3.38
    0,    17,     8,      70.03,     110.74,       0.00,     9258.4,       1.23,       3.25
    0,    17,     9,     112.70,     130.67,       0.00,    12992.4,       1.25,       3.19
    0,    17,    10,      94.93,     137.74,       0.00,     6081.0,       1.13,       3.14
    0,    17,    11,     101.79,     163.41,       0.00,     8516.9,       1.25,       3.18
    0,    18,     1,       9.09,      14.18,       0.00,     4382.5,       1.14,       3.27
    0,    18,     2,      29.29,      30.64,       0.00,    26910.8,       1.41,       3.56
    0,    18,     3,      68.42,      72.62,       0.00,    11853.7,       1.22,       3.36
    0,    18,     4,      43.77,      72.48,       0.00,     9241.9,       1.20,       3.29
    0,    18,     5,      86.04,      73.36,       0.00,    10705.1,       1.20,       3.30
    0,    18,     6,     136.63,      74.28,       0.00,    16116.9,       1.23,       3.48
    0,    18,     7,     103.56,      78.14,       0.00,     6394.3,       1.23,       3.54
    0,    18,     8,      70.01,     110.67,       0.00,     9248.8,       1.22,       3.26
    0,    18,     9,     112.70,     130.74,       0.00,    13145.7,       1.26,       3.28
    0,    18,    10,      94.91,     137.77,       0.00,     6339.0,       1.16,       3.17
    0,    18,    11,     101.81,     163.49,       0.00,     8403.9,       1.22,       3.27
    0,    19,     1,       9.10,      14.23,       0.00,     4571.4,       1.23,       3.41
    0,    19,     2,      29.30,      30.63,       0.00,    27006.2,       1.41,       3.55
    0,    19,     3,      68.42,      72.44,       0.00,    11860.4,       1.23,       3.35
    0,    19,     4,      43.76,      72.48,       0.00,     9219.4,       1.20,       3.22
    0,    19,     5,      86.03,      73.35,       0.00,    10609.1,       1.17,       3.22
    0,    19,     6,     136.65,      74.32,       0.00,    16076.6,       1.25,       3.41
    0,    19,     7,     103.51,      78.01,       0.00,     6203.8,       1.21,       3.44
    0,    19,     8,      70.00,     110.75,       0.00,     9285.4,       1.24,       3.27
    0,    19,     9,     112.72,     130.66,       0.00,    12697.1,       1.26,       3.22
    0,    19,    10,      94.94,     137.77,       0.00,     6151.5,       1.17,       3.10
    0,    19,    11,     101.82,     163.48,       0.00,     8558.1,       1.24,       3.25
    0,    20,     1,       9.16,      14.25,       0.00,     4543.7,       1.19,       3.33
    0,    20,     2,      29.29,      30.66,       0.00,    27698.6,       1.42,       3.62
    0,    20,     3,      68.44,      72.52,       0.00,    12240.2,       1.26,       3.47
    0,    20,     4,      43.79,      72.44,       0.00,     9460.9,       1.21,       3.27
    0,    20,     5,      86.06,      73.30,       0.00,    10797.3,       1.20,       3.25
    0,    20,     6,     136.61,      74.30,       0.00,    15583.8,       1.23,       3.39
    0,    20,     7,     103.50,      78.14,       0.00,     6260.6,       1.31,       3.37
    0,    20,     8,      70.00,     110.70,       0.00,     9121.7,       1.22,       3.32
    0,    20,     9,     112.69,     130.70,       0.00,    12487.4,       1.29,       3.22
    0,    20,    10,      94.95,     137.80,       0.00,     5954.4,       1.15,       3.20
    0,    20,    11,     101.79,     163.46,       0.00,     8159.4,       1.24,       3.20
    0,    21,     1,       9.06,      14.27,       0.00,     4452.7,       1.17,       3.28
    0,    21,     2,      29.31,      30.63,       0.00,    27254.1,       1.41,       3.59
    0,    21,     3,      43.79,      72.47,       0.00,     9455.0,       1.19,       3.28
    0,    21,     4,      68.45,      72.48,       0.00,    11955.3,       1.21,       3.31
    0,    21,     5,      86.00,      73.30,       0.00,    10857.9,       1.20,       3.20
    0,    21,     6,     136.62,      74.24,       0.00,    15913.2,       1.22,       3.41
    0,    21,     7,     103.56,      77.96,       0.00,     6297.9,       1.28,       3.47
    0,    21,     8,      70.00,     110.68,       0.00,     9380.0,       1.25,       3.22
    0,    21,     9,     112.71,     130.71,       0.00,    12141.4,       1.25,       3.24
    0,    21,    10,      94.95,     137.81,       0.00,     5865.9,       1.17,       3.07
    0,    21,    11,     101.81,     163.45,       0.00,     8059.0,       1.23,       3.15
    0,    22,     1,       9.11,      14.26,       0.00,     4498.4,       1.18,       3.33
    0,    22,     2,      29.29,      30.64,       0.00,    27307.5,       1.43,       3.56
    0,    22,     3,      68.45,      72.54,       0.00,    11955.3,       1.23,       3.40
    0,    22,     4,      43.78,      72.62,       0.00,     9412.5,       1.20,       3.32
    0,    22,     5,      85.98,      73.34,       0.00,    10889.9,       1.19,       3.28
    0,    22,     6,     136.63,      74.30,       0.00,    15746.5,       1.25,       3.41
    0,    22,     7,     103.52,      77.96,       0.00,     6124.7,       1.22,       3.38
    0,    22,     8,      70.01,     110.77,       0.00,     9790.6,       1.25,       3.32
    0,    22,     9,     112.71,     130.76,       0.00,    12055.4,       1.26,       3.25
    0,    22,    10,      94.91,     137.72,       0.00,     6068.9,       1.19,       3.15
    0,    22,    11,     101.79,     163.47,       0.00,     8016.5,       1.21,       3.21
    0,    23,     1,       9.08,      14.06,       0.00,     4293.8,       1.16,       3.18
    0,    23,     2,      29.29,      30.60,       0.00,    26999.0,       1.43,       3.52
    0,    23,     3,      43.81,      72.42,       0.00,     9694.9,       1.21,       3.40
    0,    23,     4,      68.42,      72.54,       0.00,    11748.3,       1.19,       3.32
    0,    23,     5,      86.04,      73.25,       0.00,    11257.1,       1.23,       3.18
    0,    23,     6,     136.62,      74.30,       0.00,    15361.0,       1.20,       3.39
    0,    23,     7,     103.58,      78.09,       0.00,     6414.5,       1.26,       3.47
    0,    23,     8,      70.01,     110.73,       0.00,     9616.0,       1.25,       3.27
    0,    23,     9,     112.71,     130.70,       0.00,    12534.3,       1.28,       3.25
    0,    23,    10,      94.94,     137.89,       0.00,     6101.8,       1.15,       3.14
    0,    23,    11,     101.79,     163.50,       0.00,     8240.7,       1.23,       3.26
    0,    24,     1,       9.07,      14.19,       0.00,     4504.8,       1.18,       3.34
    0,    24,     2,      29.28,      30.62,       0.00,    27847.0,       1.44,       3.56
    0,    24,     3,      68.42,      72.51,       0.00,    12300.4,       1.22,       3.40
    0,    24,     4,      43.79,      72.45,       0.00,     9336.3,       1.21,       3.22
    0,    24,     5,      86.01,      73.36,       0.00,    11011.0,       1.18,       3.22
    0,    24,     6,     136.63,      74.31,       0.00,    15853.8,       1.20,       3.38
    0,    24,     7,     103.53,      78.15,       0.00,     6013.7,       1.27,       3.39
    0,    24,     8,      69.99,     110.69,       0.00,     9897.4,       1.27,       3.30
    0,    24,     9,     112.73,     130.73,       0.00,    12684.7,       1.29,       3.23
    0,    24,    10,      94.93,     137.69,       0.00,     6015.4,       1.16,       3.05
    0,    24,    11,     101.81,     163.40,       0.00,     8194.1,       1.22,       3.18
    0,    25,     1,       9.10,      14.07,       0.00,     4412.5,       1.15,       3.27
    0,    25,     2,      29.27,      30.63,       0.00,    27335.6,       1.42,       3.57
    0,    25,     3,      68.43,      72.46,       0.00,    11565.5,       1.20,       3.33
    0,    25,     4,      43.80,      72.57,       0.00,     9058.2,       1.20,       3.31
    0,    25,     5,      86.03,      73.33,       0.00,    10657.9,       1.17,       3.20
    0,    25,     6,     136.62,      74.30,       0.00,    15550.1,       1.23,       3.44
    0,    25,     7,     103.61,      78.03,       0.00,     6552.8,       1.30,       3.55
    0,    25,     8,      70.02,     110.73,       0.00,     9546.6,       1.25,       3.28
    0,    25,     9,     112.71,     130.70,       0.00,    12056.1,       1.30,       3.21
    0,    25,    10,      94.95,     137.80,       0.00,     6515.5,       1.20,       3.14
    0,    25,    11,     101.81,     163.57,       0.00,     8079.3,       1.21,       3.13
    0,    26,     1,       9.08,      14.11,       0.00,     4444.6,       1.19,       3.31
    0,    26,     2,      29.30,      30.60,       0.00,    27659.3,       1.44,       3.56
    0,    26,     3,      43.84,      72.47,       0.00,     9649.0,       1.22,       3.30
    0,    26,     4,      68.42,      72.46,       0.00,    12152.2,       1.23,       3.36
    0,    26,     5,      85.99,      73.28,       0.00,    10352.8,       1.17,       3.19
    0,    26,     6,     136.65,      74.37,       0.00,    15875.8,       1.25,       3.39
    0,    26,     7,     103.50,      78.09,       0.00,     6381.1,       1.26,       3.37
    0,    26,     8,      70.00,     110.74,       0.00,     9748.3,       1.30,       3.35
    0,    26,     9,     112.71,     130.75,       0.00,    12208.0,       1.29,       3.19
    0,    26,    10,      94.95,     137.89,       0.00,     6253.5,       1.18,       3.14
    0,    26,    11,     101.80,     163.46,       0.00,     8301.4,       1.24,       3.15
    0,    27,     1,       9.10,      14.13,       0.00,     4432.7,       1.13,       3.30
    0,    27,     2,      29.29,      30.64,       0.00,    26890.3,       1.41,       3.55
    0,    27,     3,      68.44,      72.44,       0.00,    11928.6,       1.19,       3.39
    0,    27,     4,      43.79,      72.50,       0.00,     9621.2,       1.21,       3.44
    0,    27,     5,      86.03,      73.27,       0.00,    10520.9,       1.19,       3.21
    0,    27,     6,     136.63,      74.23,       0.00,    15469.4,       1.22,       3.33
    0,    27,     7,     103.55,      78.16,       0.00,     6474.7,       1.26,       3.46
    0,    27,     8,      70.00,     110.73,       0.00,     9328.6,       1.27,       3.35
    0,    27,     9,     112.71,     130.71,       0.00,    12276.8,       1.28,       3.18
    0,    27,    10,      94.98,     137.80,       0.00,     6468.0,       1.22,       3.23
    0,    27,    11,     101.83,     163.57,       0.00,     8081.9,       1.20,       3.19
    0,    28,     1,       9.08,      14.09,       0.00,     4466.5,       1.14,       3.36
    0,    28,     2,      29.29,      30.62,       0.00,    27498.5,       1.43,       3.59
    0,    28,     3,      43.78,      72.36,       0.00,     9880.6,       1.22,       3.44
    0,    28,     4,      68.46,      72.46,       0.00,    11937.9,       1.21,       3.32
    0,    28,     5,      86.00,      73.31,       0.00,    10489.3,       1.16,       3.13
    0,    28,     6,     136.64,      74.23,       0.00,    16082.2,       1.23,       3.42
    0,    28,     7,     103.56,      78.08,       0.00,     5948.0,       1.23,       3.31
    0,    28,     8,      70.03,     110.65,       0.00,     9738.8,       1.23,       3.35
    0,    28,     9,     112.71,     130.69,       0.00,    12525.8,       1.29,       3.27
    0,    28,    10,      94.99,     137.80,       0.00,     6320.6,       1.19,       3.23
    0,    28,    11,     101.82,     163.47,       0.00,     8224.9,       1.22,       3.19
    0,    29,     1,       9.12,      14.24,       0.00,     4375.2,       1.15,       3.25
    0,    29,     2,      29.28,      30.64,       0.00,    27061.9,       1.41,       3.57
    0,    29,     3,      68.43,      72.49,       0.00,    12215.7,       1.22,       3.35
    0,    29,     4,      43.81,      72.44,       0.00,     9328.0,       1.20,       3.27
    0,    29,     5,      86.05,      73.28,       0.00,    10653.1,       1.16,       3.23
    0,    29,     6,     136.61,      74.27,       0.00,    15960.7,       1.24,       3.43
    0,    29,     7,     103.55,      78.00,       0.00,     6285.0,       1.27,       3.39
    0,    29,     8,      69.99,     110.70,       0.00,     9660.4,       1.26,       3.35
    0,    29,     9,     112.72,     130.78,       0.00,    12887.3,       1.29,       3.27
    0,    29,    10,      94.97,     137.69,       0.00,     6284.7,       1.18,       3.08
    0,    29,    11,     101.83,     163.49,       0.00,     8172.0,       1.24,       3.16
    0,    30,     1,       9.06,      14.23,       0.00,     4348.3,       1.15,       3.40
    0,    30,     2,      29.28,      30.59,       0.00,    26122.7,       1.40,       3.52
    0,    30,     3,      68.44,      72.49,       0.00,    11680.8,       1.21,       3.32
    0,    30,     4,      43.78,      72.54,       0.00,     9550.5,       1.18,       3.35
    0,    30,     5,      86.02,      73.28,       0.00,    10936.9,       1.20,       3.26
    0,    30,     6,     136.67,      74.25,       0.00,    14921.6,       1.24,       3.34
    0,    30,     7,     103.52,      78.10,       0.00,     6396.1,       1.26,       3.43
    0,    30,     8,      70.01,     110.74,       0.00,     9907.1,       1.27,       3.34
    0,    30,     9,     112.71,     130.76,       0.00,    12704.6,       1.26,       3.16
    0,    30,    10,      94.96,     137.72,       0.00,     6310.1,       1.19,       3.15
    0,    30,    11,     101.81,     163.45,       0.00,     8240.1,       1.23,       3.14
    0,    31,     1,       9.06,      14.16,       0.00,     4522.6,       1.15,       3.43
    0,    31,     2,      29.28,      30.61,       0.00,    26781.9,       1.40,       3.55
    0,    31,     3,      68.45,      72.56,       0.00,    11941.8,       1.24,       3.31
    0,    31,     4,      43.78,      72.60,       0.00,     9595.3,       1.19,       3.32
    0,    31,     5,      86.03,      73.31,       0.00,    10566.5,       1.18,       3.21
    0,    31,     6,     136.63,      74.26,       0.00,    15295.0,       1.23,       3.42
    0,    31,     7,     103.51,      78.09,       0.00,     6178.7,       1.28,       3.36
    0,    31,     8,      70.02,     110.70,       0.00,     9637.1,       1.22,       3.28
    0,    31,     9,     112.70,     130.66,       0.00,    12590.3,       1.29,       3.21
    0,    31,    10,      94.96,     137.76,       0.00,     6156.6,       1.17,       3.15
    0,    31,    11,     101.83,     163.50,       0.00,     7977.0,       1.20,       3.17
    0,    32,     1,       9.08,      14.11,       0.00,     4289.2,       1.13,       3.29
    0,    32,     2,      29.28,      30.63,       0.00,    26647.8,       1.41,       3.53
    0,    32,     3,      43.81,      72.52,       0.00,     9426.4,       1.21,       3.31
    0,    32,     4,      68.44,      72.53,       0.00,    12500.0,       1.24,       3.45
    0,    32,     5,      86.03,      73.29,       0.00,    10590.1,       1.20,       3.22
    0,    32,     6,     136.67,      74.31,       0.00,    14962.8,       1.24,       3.40
    0,    32,     7,     103.52,      78.04,       0.00,     6480.7,       1.23,       3.49
    0,    32,     8,      70.00,     110.70,       0.00,    10284.0,       1.25,       3.47
    0,    32,     9,     112.74,     130.70,       0.00,    12671.2,       1.30,       3.27
    0,    32,    10,      94.97,     137.73,       0.00,     6180.3,       1.19,       3.09
    0,    32,    11,     101.79,     163.52,       0.00,     8153.2,       1.21,       3.24
    0,    33,     1,       9.12,      14.23,       0.00,     4488.2,       1.19,       3.31
    0,    33,     2,      29.28,      30.61,       0.00,    26721.3,       1.40,       3.54
    0,    33,     3,      68.43,      72.55,       0.00,    11658.1,       1.20,       3.36
    0,    33,     4,      43.77,      72.50,       0.00,     9775.1,       1.23,       3.44
    0,    33,     5,      86.01,      73.28,       0.00,    10546.7,       1.22,       3.12
    0,    33,     6,     136.65,      74.27,       0.00,    15050.9,       1.22,       3.38
    0,    33,     7,     103.54,      78.08,       0.00,     6426.1,       1.27,       3.44
    0,    33,     8,      69.98,     110.59,       0.00,     9499.1,       1.23,       3.27
    0,    33,     9,     112.73,     130.82,       0.00,    13022.4,       1.27,       3.24
    0,    33,    10,      94.96,     137.72,       0.00,     6338.1,       1.19,       3.04
    0,    33,    11,     101.83,     163.45,       0.00,     8263.8,       1.24,       3.16
    0,    34,     1,       9.09,      14.10,       0.00,     4345.5,       1.14,       3.29
    0,    34,     2,      29.29,      30.61,       0.00,    26809.0,       1.42,       3.54
    0,    34,     3,      68.41,      72.51,       0.00,    12136.8,       1.23,       3.42
    0,    34,     4,      43.76,      72.42,       0.00,     9468.5,       1.20,       3.33
    0,    34,     5,      86.03,      73.32,       0.00,    10537.3,       1.18,       3.12
    0,    34,     6,     136.63,      74.24,       0.00,    15192.0,       1.25,       3.32
    0,    34,     7,     103.52,      78.07,       0.00,     5936.1,       1.26,       3.35
    0,    34,     8,      69.98,     110.76,       0.00,     9292.3,       1.21,       3.23
    0,    34,     9,     112.75,     130.73,       0.00,    13264.6,       1.29,       3.29
    0,    34,    10,      94.99,     137.85,       0.00,     6749.9,       1.18,       3.31
    0,    34,    11,     101.83,     163.51,       0.00,     8190.9,       1.24,       3.20
    0,    35,     1,       9.09,      14.18,       0.00,     4461.7,       1.16,       3.32
    0,    35,     2,      29.29,      30.63,       0.00,    26708.5,       1.41,       3.54
    0,    35,     3,      43.82,      72.55,       0.00,     9341.7,       1.17,       3.32
    0,    35,     4,      68.43,      72.56,       0.00,    11703.8,       1.21,       3.34
    0,    35,     5,      86.05,      73.26,       0.00,    10952.8,       1.24,       3.14
    0,    35,     6,     136.65,      74.30,       0.00,    15774.4,       1.25,       3.38
    0,    35,     7,     103.55,      78.04,       0.00,     5783.9,       1.21,       3.30
    0,    35,     8,      70.03,     110.72,       0.00,     9584.9,       1.21,       3.23
    0,    35,     9,     112.72,     130.84,       0.00,    13068.5,       1.29,       3.20
    0,    35,    10,      94.96,     137.71,       0.00,     6425.4,       1.18,       3.05
    0,    35,    11,     101.81,     163.53,       0.00,     8228.9,       1.24,       3.22
    0,    36,     1,       9.08,      14.03,       0.00,     4435.5,       1.14,       3.09
    0,    36,     2,      29.29,      30.62,       0.00,    26519.4,       1.41,       3.50
    0,    36,     3,      43.78,      72.55,       0.00,     9284.3,       1.15,       3.24
    0,    36,     4,      68.43,      72.58,       0.00,    11700.0,       1.19,       3.29
    0,    36,     5,      86.05,      73.35,       0.00,    10735.4,       1.20,       3.26
    0,    36,     6,     136.62,      74.33,       0.00,    15952.2,       1.26,       3.36
    0,    36,     7,     103.49,      77.92,       0.00,     5888.1,       1.19,       3.39
    0,    36,     8,      70.02,     110.71,       0.00,     9736.1,       1.28,       3.35
    0,    36,     9,     112.71,     130.79,       0.00,    12684.4,       1.25,       3.25
    0,    36,    10,      94.94,     137.79,       0.00,     6953.7,       1.18,       3.12
    0,    36,    11,     101.85,     163.61,       0.00,     8309.7,       1.23,       3.14
    0,    37,     1,       9.11,      14.04,       0.00,     4256.7,       1.16,       3.26
    0,    37,     2,      29.29,      30.58,       0.00,    26240.4,       1.40,       3.53
    0,    37,     3,      43.78,      72.46,       0.00,     9249.6,       1.18,       3.28
    0,    37,     4,      68.47,      72.56,       0.00,    11919.1,       1.22,       3.39
    0,    37,     5,      86.02,      73.34,       0.00,    10561.6,       1.20,       3.23
    0,    37,     6,     136.65,      74.29,       0.00,    15824.1,       1.24,       3.42
    0,    37,     7,     103.53,      78.01,       0.00,     6391.6,       1.20,       3.33
    0,    37,     8,      70.04,     110.76,       0.00,     9408.4,       1.24,       3.26
    0,    37,     9,     112.72,     130.83,       0.00,    12215.0,       1.28,       3.14
    0,    37,    10,      94.95,     137.71,       0.00,     6815.0,       1.21,       3.18
    0,    37,    11,     101.80,     163.48,       0.00,     8008.0,       1.25,       3.30
    0,    38,     1,       9.08,      14.10,       0.00,     4286.3,       1.15,       3.23
    0,    38,     2,      29.29,      30.59,       0.00,    26609.6,       1.40,       3.53
    0,    38,     3,      68.44,      72.46,       0.00,    12087.0,       1.22,       3.37
    0,    38,     4,      43.80,      72.49,       0.00,     9130.8,       1.21,       3.24
    0,    38,     5,      86.04,      73.31,       0.00,    10627.3,       1.17,       3.21
    0,    38,     6,     136.63,      74.34,       0.00,    15811.5,       1.24,       3.42
    0,    38,     7,     103.52,      77.86,       0.00,     5829.3,       1.24,       3.31
    0,    38,     8,      69.99,     110.65,       0.00,     9578.9,       1.25,       3.29
    0,    38,     9,     112.76,     130.71,       0.00,    12507.4,       1.30,       3.20
    0,    38,    10,      94.98,     137.65,       0.00,     6753.9,       1.19,       3.18
    0,    38,    11,     101.78,     163.49,       0.00,     7986.8,       1.20,       3.23
    0,    39,     1,       9.12,      14.08,       0.00,     4360.7,       1.20,       3.27
    0,    39,     2,      29.28,      30.66,       0.00,    26762.8,       1.41,       3.54
    0,    39,     3,      68.44,      72.45,       0.00,    12092.9,       1.19,       3.37
    0,    39,     4,      43.79,      72.49,       0.00,     9453.3,       1.20,       3.35
    0,    39,     5,      86.03,      73.28,       0.00,    10922.3,       1.19,       3.21
    0,    39,     6,     136.63,      74.26,       0.00,    15714.1,       1.22,       3.43
    0,    39,     7,     103.52,      78.03,       0.00,     5307.9,       1.17,       3.36
    0,    39,     8,      70.01,     110.70,       0.00,     9684.3,       1.32,       3.35
    0,    39,     9,     112.75,     130.76,       0.00,    13275.9,       1.27,       3.33
    0,    39,    10,      94.98,     137.57,       0.00,     6733.9,       1.17,       3.19
    0,    39,    11,     101.82,     163.48,       0.00,     8299.6,       1.22,       3.18
    0,    40,     1,       9.14,      14.29,       0.00,     4361.6,       1.19,       3.40
    0,    40,     2,      29.28,      30.59,       0.00,    26879.0,       1.40,       3.58
    0,    40,     3,      68.44,      72.53,       0.00,    11896.7,       1.20,       3.33
    0,    40,     4,      43.79,      72.51,       0.00,     9788.5,       1.25,       3.31
    0,    40,     5,      86.01,      73.26,       0.00,    10730.5,       1.19,       3.21
    0,    40,     6,     136.62,      74.28,       0.00,    15809.9,       1.23,       3.50
    0,    40,     7,     103.55,      78.02,       0.00,     5483.6,       1.24,       3.39
    0,    40,     8,      70.02,     110.67,       0.00,     8982.0,       1.25,       3.20
    0,    40,     9,     112.74,     130.87,       0.00,    13308.4,       1.28,       3.32
    0,    40,    10,      94.98,     137.75,       0.00,     6708.3,       1.13,       3.08
    0,    40,    11,     101.81,     163.45,       0.00,     8315.6,       1.22,       3.17
    0,    41,     1,       9.08,      14.13,       0.00,     4227.2,       1.18,       3.25
    0,    41,     2,      29.30,      30.68,       0.00,    26904.2,       1.40,       3.58
    0,    41,     3,      68.45,      72.51,       0.00,    12447.0,       1.26,       3.41
    0,    41,     4,      43.83,      72.55,       0.00,     9108.2,       1.19,       3.27
    0,    41,     5,      86.03,      73.28,       0.00,    11032.4,       1.18,       3.27
    0,    41,     6,     136.64,      74.21,       0.00,    15414.2,       1.21,       3.41
    0,    41,     7,     103.55,      77.92,       0.00,     5886.4,       1.28,       3.55
    0,    41,     8,      70.02,     110.55,       0.00,     9142.8,       1.24,       3.36
    0,    41,     9,     112.76,     130.83,       0.00,    13209.3,       1.32,       3.23
    0,    41,    10,      94.95,     137.73,       0.00,     6846.2,       1.16,       3.15
    0,    41,    11,     101.84,     163.51,       0.00,     8202.8,       1.24,       3.20
    0,    42,     1,       9.08,      14.13,       0.00,     4227.2,       1.18,       3.25
    0,    42,     2,      29.30,      30.68,       0.00,    26904.2,       1.40,       3.58
    0,    42,     3,      68.45,      72.51,       0.00,    12447.0,       1.26,       3.41
    0,    42,     4,      43.83,      72.55,       0.00,     9108.2,       1.19,       3.27
    0,    42,     5,      86.03,      73.28,       0.00,    11032.4,       1.18,       3.27
    0,    42,     6,     136.64,      74.21,       0.00,    15414.2,       1.21,       3.41
    0,    42,     7,     103.55,      77.92,       0.00,     5886.4,       1.28,       3.55
    0,    42,     8,      70.02,     110.55,       0.00,     9142.8,       1.24,       3.36
    0,    42,     9,     112.76,     130.83,       0.00,    13209.3,       1.32,       3.23
    0,    42,    10,      94.95,     137.73,       0.00,     6846.2,       1.16,       3.15
    0,    42,    11,     101.84,     163.51,       0.00,     8202.8,       1.24,       3.20
