#stackID(UINT32), frameID(UINT32), eventID(UINT32), x0(float), y0(float), z0(float), photon_count0(float), sigmaX0(float), sigmaY0(float) 
    0,     0,     1,       9.09,      14.63,       0.00,     2328.6,       1.62,       1.30
    0,     0,     2,      29.24,      30.89,       0.00,    14422.2,       1.78,       1.30
    0,     0,     3,      68.42,      72.74,       0.00,     6881.1,       1.67,       1.27
    0,     0,     4,      43.73,      72.99,       0.00,     5504.0,       1.73,       1.29
    0,     0,     5,      86.09,      73.84,       0.00,     7249.5,       1.68,       1.30
    0,     0,     6,     136.63,      74.81,       0.00,    10615.2,       1.68,       1.36
    0,     0,     7,     103.47,      78.30,       0.00,     6077.2,       1.59,       1.36
    0,     0,     8,      69.92,     111.17,       0.00,     9481.5,       1.69,       1.29
    0,     0,     9,     112.66,     131.05,       0.00,    11373.6,       1.72,       1.35
    0,     0,    10,      95.17,     138.04,       0.00,     4348.3,       1.71,       1.25
    0,     0,    11,     101.82,     163.90,       0.00,     5935.4,       1.74,       1.37
    0,     1,     1,       8.99,      14.63,       0.00,     2230.4,       1.66,       1.40
    0,     1,     2,      29.27,      30.91,       0.00,    14251.4,       1.76,       1.35
    0,     1,     3,      68.43,      72.74,       0.00,     7142.9,       1.71,       1.36
    0,     1,     4,      43.75,      72.96,       0.00,     5210.8,       1.68,       1.30
    0,     1,     5,      86.13,      73.83,       0.00,     6890.4,       1.67,       1.29
    0,     1,     6,     136.54,      74.84,       0.00,    10625.7,       1.70,       1.34
    0,     1,     7,     103.50,      78.27,       0.00,     5930.5,       1.64,       1.35
    0,     1,     8,      69.95,     111.14,       0.00,     9568.0,       1.73,       1.33
    0,     1,     9,     112.68,     131.05,       0.00,    10816.4,       1.73,       1.35
    0,     1,    10,      95.11,     138.03,       0.00,     4176.0,       1.66,       1.23
    0,     1,    11,     101.78,     163.90,       0.00,     5649.6,       1.71,       1.35
    0,     2,     1,       9.00,      14.70,       0.00,     2129.7,       1.65,       1.33
    0,     2,     2,      29.27,      30.91,       0.00,    14464.2,       1.80,       1.31
    0,     2,     3,      43.70,      72.98,       0.00,     5411.1,       1.65,       1.34
    0,     2,     4,      68.37,      72.75,       0.00,     6921.3,       1.66,       1.31
    0,     2,     5,      86.11,      73.82,       0.00,     7052.9,       1.67,       1.31
    0,     2,     6,     136.55,      74.84,       0.00,    10642.6,       1.66,       1.35
    0,     2,     7,     103.50,      78.33,       0.00,     6122.4,       1.74,       1.37
    0,     2,     8,      69.93,     111.12,       0.00,     9363.4,       1.67,       1.30
    0,     2,     9,     112.64,     131.06,       0.00,    11031.4,       1.78,       1.34
    0,     2,    10,      95.16,     138.03,       0.00,     4217.3,       1.71,       1.36
    0,     2,    11,     101.78,     163.89,       0.00,     5688.9,       1.79,       1.33
    0,     3,     1,       9.00,      14.66,       0.00,     2176.1,       1.61,       1.33
    0,     3,     2,      29.24,      30.91,       0.00,    14348.3,       1.82,       1.30
    0,     3,     3,      43.71,      72.96,       0.00,     5308.9,       1.72,       1.31
    0,     3,     4,      68.41,      72.76,       0.00,     7047.8,       1.66,       1.36
    0,     3,     5,      86.11,      73.84,       0.00,     6991.6,       1.67,       1.35
    0,     3,     6,     136.57,      74.83,       0.00,    10347.8,       1.70,       1.33
    0,     3,     7,     103.47,      78.31,       0.00,     5771.9,       1.67,       1.37
    0,     3,     8,      69.93,     111.13,       0.00,     9227.4,       1.72,       1.32
    0,     3,     9,     112.66,     131.06,       0.00,    11002.5,       1.74,       1.35
    0,     3,    10,      95.12,     138.03,       0.00,     3952.2,       1.72,       1.25
    0,     3,    11,     101.79,     163.93,       0.00,     5500.6,       1.74,       1.37
    0,     4,     1,       9.10,      14.63,       0.00,     2090.6,       1.63,       1.20
    0,     4,     2,      29.25,      30.91,       0.00,    14280.7,       1.80,       1.33
    0,     4,     3,      43.74,      73.00,       0.00,     5373.5,       1.73,       1.33
    0,     4,     4,      68.46,      72.72,       0.00,     7017.4,       1.71,       1.31
    0,     4,     5,      86.10,      73.86,       0.00,     7294.5,       1.71,       1.30
    0,     4,     6,     136.59,      74.85,       0.00,    10397.9,       1.68,       1.30
    0,     4,     7,     103.51,      78.34,       0.00,     5828.3,       1.64,       1.39
    0,     4,     8,      69.93,     111.14,       0.00,     9356.1,       1.66,       1.34
    0,     4,     9,     112.63,     131.05,       0.00,    10621.2,       1.73,       1.38
    0,     4,    10,      95.08,     138.02,       0.00,     4078.5,       1.78,       1.26
    0,     4,    11,     101.84,     163.90,       0.00,     5340.0,       1.67,       1.35
    0,     5,     1,       9.06,      14.72,       0.00,     2125.4,       1.61,       1.31
    0,     5,     2,      29.28,      30.91,       0.00,    14268.8,       1.78,       1.31
    0,     5,     3,      68.42,      72.74,       0.00,     7105.3,       1.70,       1.37
    0,     5,     4,      43.77,      72.99,       0.00,     5221.0,       1.75,       1.30
    0,     5,     5,      86.14,      73.83,       0.00,     7088.3,       1.66,       1.31
    0,     5,     6,     136.57,      74.86,       0.00,    10076.5,       1.65,       1.33
    0,     5,     7,     103.51,      78.30,       0.00,     6168.1,       1.74,       1.33
    0,     5,     8,      69.90,     111.18,       0.00,     9170.2,       1.73,       1.31
    0,     5,     9,     112.59,     131.05,       0.00,    10554.7,       1.80,       1.35
    0,     5,    10,      95.15,     137.99,       0.00,     4153.0,       1.75,       1.29
    0,     5,    11,     101.80,     163.93,       0.00,     5197.1,       1.68,       1.32
    0,     6,     1,       8.95,      14.69,       0.00,     2083.5,       1.62,       1.33
    0,     6,     2,      29.22,      30.89,       0.00,    14157.1,       1.79,       1.32
    0,     6,     3,      68.43,      72.71,       0.00,     7234.3,       1.72,       1.32
    0,     6,     4,      43.75,      72.93,       0.00,     5157.4,       1.68,       1.30
    0,     6,     5,      86.09,      73.85,       0.00,     7109.2,       1.71,       1.33
    0,     6,     6,     136.58,      74.82,       0.00,    10523.8,       1.71,       1.35
    0,     6,     7,     103.52,      78.31,       0.00,     5894.4,       1.67,       1.36
    0,     6,     8,      69.90,     111.16,       0.00,     9130.4,       1.69,       1.34
    0,     6,     9,     112.65,     131.08,       0.00,    11012.2,       1.77,       1.34
    0,     6,    10,      95.06,     138.05,       0.00,     4078.8,       1.72,       1.30
    0,     6,    11,     101.82,     163.96,       0.00,     5259.5,       1.76,       1.34
    0,     7,     1,       8.98,      14.65,       0.00,     2129.9,       1.63,       1.33
    0,     7,     2,      29.29,      30.92,       0.00,    13910.3,       1.82,       1.33
    0,     7,     3,      68.44,      72.70,       0.00,     7082.4,       1.69,       1.31
    0,     7,     4,      43.74,      72.94,       0.00,     5234.4,       1.73,       1.28
    0,     7,     5,      86.10,      73.82,       0.00,     6930.7,       1.66,       1.27
    0,     7,     6,     136.61,      74.85,       0.00,    10381.1,       1.71,       1.37
    0,     7,     7,     103.45,      78.31,       0.00,     5991.2,       1.72,       1.42
    0,     7,     8,      69.96,     111.11,       0.00,     8998.6,       1.67,       1.32
    0,     7,     9,     112.64,     131.05,       0.00,    10342.4,       1.72,       1.35
    0,     7,    10,      95.09,     138.00,       0.00,     4120.9,       1.77,       1.32
    0,     7,    11,     101.81,     163.92,       0.00,     5302.0,       1.70,       1.36
    0,     8,     1,       9.00,      14.68,       0.00,     2149.8,       1.64,       1.33
    0,     8,     2,      29.24,      30.91,       0.00,    14079.6,       1.84,       1.33
    0,     8,     3,      68.42,      72.71,       0.00,     6918.6,       1.66,       1.35
    0,     8,     4,      43.75,      72.99,       0.00,     5196.3,       1.73,       1.31
    0,     8,     5,      86.15,      73.83,       0.00,     6762.9,       1.64,       1.29
    0,     8,     6,     136.61,      74.83,       0.00,    10194.1,       1.66,       1.39
    0,     8,     7,     103.49,      78.31,       0.00,     5916.2,       1.68,       1.32
    0,     8,     8,      69.94,     111.15,       0.00,     9035.8,       1.71,       1.29
    0,     8,     9,     112.63,     131.07,       0.00,    10385.4,       1.81,       1.32
    0,     8,    10,      95.11,     138.05,       0.00,     4247.1,       1.77,       1.28
    0,     8,    11,     101.80,     163.93,       0.00,     5298.2,       1.74,       1.37
    0,     9,     1,       9.01,      14.64,       0.00,     2234.7,       1.62,       1.28
    0,     9,     2,      29.25,      30.90,       0.00,    14054.7,       1.78,       1.31
    0,     9,     3,      43.78,      72.92,       0.00,     4964.4,       1.67,       1.31
    0,     9,     4,      68.37,      72.72,       0.00,     6883.2,       1.70,       1.35
    0,     9,     5,      86.16,      73.83,       0.00,     6982.4,       1.63,       1.30
    0,     9,     6,     136.56,      74.82,       0.00,    10044.0,       1.69,       1.33
    0,     9,     7,     103.56,      78.31,       0.00,     5805.2,       1.66,       1.36
    0,     9,     8,      69.96,     111.10,       0.00,     9042.5,       1.67,       1.31
    0,     9,     9,     112.59,     131.06,       0.00,    10394.4,       1.76,       1.38
    0,     9,    10,      95.18,     138.03,       0.00,     4158.0,       1.68,       1.27
    0,     9,    11,     101.85,     163.90,       0.00,     5393.3,       1.74,       1.39
    0,    10,     1,       9.02,      14.62,       0.00,     2181.0,       1.61,       1.29
    0,    10,     2,      29.25,      30.90,       0.00,    14214.8,       1.81,       1.32
    0,    10,     3,      68.42,      72.73,       0.00,     6833.6,       1.65,       1.34
    0,    10,     4,      43.74,      72.91,       0.00,     4911.7,       1.66,       1.29
    0,    10,     5,      86.09,      73.85,       0.00,     6762.5,       1.62,       1.33
    0,    10,     6,     136.59,      74.83,       0.00,    10561.7,       1.66,       1.38
    0,    10,     7,     103.48,      78.34,       0.00,     5960.4,       1.71,       1.37
    0,    10,     8,      69.93,     111.14,       0.00,     9323.8,       1.69,       1.32
    0,    10,     9,     112.61,     131.04,       0.00,    10081.3,       1.76,       1.34
    0,    10,    10,      95.14,     138.03,       0.00,     4257.9,       1.70,       1.27
    0,    10,    11,     101.79,     163.90,       0.00,     5464.4,       1.78,       1.36
    0,    11,     1,       9.05,      14.69,       0.00,     2139.8,       1.64,       1.29
    0,    11,     2,      29.26,      30.90,       0.00,    14102.5,       1.78,       1.33
    0,    11,     3,      68.37,      72.74,       0.00,     6923.3,       1.70,       1.37
    0,    11,     4,      43.76,      72.98,       0.00,     4799.4,       1.71,       1.34
    0,    11,     5,      86.17,      73.82,       0.00,     7068.4,       1.68,       1.33
    0,    11,     6,     136.60,      74.81,       0.00,    10217.4,       1.68,       1.33
    0,    11,     7,     103.44,      78.30,       0.00,     5641.3,       1.68,       1.34
    0,    11,     8,      69.93,     111.16,       0.00,     9316.9,       1.73,       1.30
    0,    11,     9,     112.64,     131.08,       0.00,    10154.7,       1.73,       1.36
    0,    11,    10,      95.10,     138.06,       0.00,     4290.7,       1.72,       1.29
    0,    11,    11,     101.84,     163.91,       0.00,     5223.7,       1.72,       1.38
    0,    12,     1,       9.09,      14.60,       0.00,     2134.9,       1.57,       1.35
    0,    12,     2,      29.28,      30.90,       0.00,    13978.0,       1.76,       1.32
    0,    12,     3,      43.75,      72.94,       0.00,     5133.6,       1.67,       1.28
    0,    12,     4,      68.38,      72.74,       0.00,     7142.0,       1.66,       1.34
    0,    12,     5,      86.10,      73.86,       0.00,     6977.2,       1.67,       1.30
    0,    12,     6,     136.52,      74.81,       0.00,    10265.7,       1.67,       1.34
    0,    12,     7,     103.51,      78.29,       0.00,     5449.5,       1.63,       1.34
    0,    12,     8,      69.97,     111.15,       0.00,     9308.1,       1.69,       1.30
    0,    12,     9,     112.63,     131.07,       0.00,    10168.5,       1.77,       1.32
    0,    12,    10,      95.09,     138.06,       0.00,     4203.8,       1.71,       1.34
    0,    12,    11,     101.85,     163.90,       0.00,     5210.2,       1.75,       1.34
    0,    13,     1,       9.17,      14.72,       0.00,     2194.4,       1.68,       1.36
    0,    13,     2,      29.24,      30.91,       0.00,    14172.4,       1.81,       1.34
    0,    13,     3,      68.43,      72.74,       0.00,     7077.2,       1.66,       1.36
    0,    13,     4,      43.82,      72.95,       0.00,     4983.1,       1.61,       1.30
    0,    13,     5,      86.06,      73.78,       0.00,     6560.4,       1.59,       1.29
    0,    13,     6,     136.58,      74.83,       0.00,    10228.1,       1.68,       1.33
    0,    13,     7,     103.57,      78.30,       0.00,     5928.9,       1.68,       1.38
    0,    13,     8,      69.96,     111.15,       0.00,     9278.3,       1.71,       1.36
    0,    13,     9,     112.61,     131.03,       0.00,    10184.1,       1.75,       1.36
    0,    13,    10,      95.14,     138.04,       0.00,     4220.0,       1.77,       1.29
    0,    13,    11,     101.86,     163.94,       0.00,     5325.2,       1.69,       1.36
    0,    14,     1,       9.10,      14.68,       0.00,     2155.9,       1.58,       1.30
    0,    14,     2,      29.31,      30.88,       0.00,    13788.9,       1.79,       1.31
    0,    14,     3,      68.41,      72.71,       0.00,     6781.0,       1.65,       1.33
    0,    14,     4,      43.73,      72.98,       0.00,     4953.4,       1.68,       1.30
    0,    14,     5,      86.09,      73.78,       0.00,     6839.8,       1.69,       1.28
    0,    14,     6,     136.57,      74.84,       0.00,    10603.2,       1.71,       1.37
    0,    14,     7,     103.52,      78.31,       0.00,     5911.6,       1.55,       1.35
    0,    14,     8,      69.89,     111.13,       0.00,     9554.4,       1.71,       1.37
    0,    14,     9,     112.62,     131.07,       0.00,    10341.8,       1.80,       1.35
    0,    14,    10,      95.13,     138.04,       0.00,     4183.7,       1.76,       1.33
    0,    14,    11,     101.86,     163.90,       0.00,     5334.2,       1.71,       1.32
    0,    15,     1,       9.00,      14.61,       0.00,     2151.0,       1.59,       1.34
    0,    15,     2,      29.27,      30.90,       0.00,    13656.2,       1.77,       1.32
    0,    15,     3,      68.38,      72.74,       0.00,     6963.5,       1.71,       1.34
    0,    15,     4,      43.74,      72.95,       0.00,     5062.2,       1.67,       1.26
    0,    15,     5,      86.10,      73.83,       0.00,     7059.1,       1.64,       1.30
    0,    15,     6,     136.56,      74.83,       0.00,    10349.6,       1.68,       1.37
    0,    15,     7,     103.55,      78.30,       0.00,     5780.3,       1.67,       1.36
    0,    15,     8,      69.89,     111.13,       0.00,     9093.8,       1.66,       1.31
    0,    15,     9,     112.65,     131.08,       0.00,    10381.8,       1.75,       1.35
    0,    15,    10,      95.17,     137.99,       0.00,     4206.2,       1.83,       1.33
    0,    15,    11,     101.85,     163.89,       0.00,     5108.2,       1.71,       1.33
    0,    16,     1,       9.07,      14.66,       0.00,     2152.9,       1.59,       1.35
    0,    16,     2,      29.26,      30.89,       0.00,    13716.8,       1.77,       1.33
    0,    16,     3,      43.78,      72.99,       0.00,     5132.2,       1.70,       1.32
    0,    16,     4,      68.44,      72.73,       0.00,     6689.0,       1.65,       1.32
    0,    16,     5,      86.11,      73.80,       0.00,     6664.4,       1.63,       1.27
    0,    16,     6,     136.60,      74.82,       0.00,    10270.8,       1.69,       1.35
    0,    16,     7,     103.51,      78.29,       0.00,     6023.0,       1.66,       1.32
    0,    16,     8,      69.99,     111.09,       0.00,     9054.4,       1.71,       1.33
    0,    16,     9,     112.63,     131.06,       0.00,    10223.7,       1.77,       1.36
    0,    16,    10,      95.13,     138.01,       0.00,     4087.8,       1.74,       1.24
    0,    16,    11,     101.83,     163.92,       0.00,     5098.6,       1.72,       1.34
    0,    17,     1,       9.01,      14.72,       0.00,     2165.2,       1.65,       1.40
    0,    17,     2,      29.27,      30.90,       0.00,    13985.1,       1.80,       1.33
    0,    17,     3,      43.76,      72.92,       0.00,     4918.2,       1.62,       1.34
    0,    17,     4,      68.37,      72.74,       0.00,     7019.0,       1.77,       1.36
    0,    17,     5,      86.15,      73.81,       0.00,     6822.7,       1.66,       1.27
    0,    17,     6,     136.55,      74.83,       0.00,    10375.1,       1.70,       1.38
    0,    17,     7,     103.51,      78.33,       0.00,     5852.0,       1.64,       1.38
    0,    17,     8,      69.92,     111.14,       0.00,     9212.8,       1.73,       1.30
    0,    17,     9,     112.64,     131.04,       0.00,    10227.4,       1.71,       1.34
    0,    17,    10,      95.14,     138.04,       0.00,     4182.9,       1.77,       1.34
    0,    17,    11,     101.80,     163.91,       0.00,     5169.8,       1.71,       1.32
    0,    18,     1,       9.13,      14.65,       0.00,     2128.7,       1.67,       1.32
    0,    18,     2,      29.27,      30.90,       0.00,    13769.5,       1.80,       1.32
    0,    18,     3,      43.82,      72.95,       0.00,     5082.0,       1.67,       1.32
    0,    18,     4,      68.38,      72.73,       0.00,     6764.6,       1.71,       1.36
    0,    18,     5,      86.11,      73.84,       0.00,     7042.9,       1.66,       1.30
    0,    18,     6,     136.59,      74.81,       0.00,    10241.5,       1.70,       1.34
    0,    18,     7,     103.49,      78.29,       0.00,     5797.6,       1.61,       1.33
    0,    18,     8,      69.95,     111.12,       0.00,     8907.8,       1.68,       1.34
    0,    18,     9,     112.68,     131.05,       0.00,    10423.0,       1.72,       1.33
    0,    18,    10,      95.15,     138.04,       0.00,     4079.9,       1.73,       1.29
    0,    18,    11,     101.81,     163.86,       0.00,     5220.0,       1.73,       1.29
    0,    19,     1,       8.98,      14.73,       0.00,     2170.3,       1.63,       1.29
    0,    19,     2,      29.27,      30.89,       0.00,    13913.2,       1.79,       1.31
    0,    19,     3,      43.71,      72.98,       0.00,     5194.3,       1.73,       1.38
    0,    19,     4,      68.42,      72.74,       0.00,     6659.4,       1.66,       1.32
    0,    19,     5,      86.10,      73.85,       0.00,     6779.2,       1.60,       1.33
    0,    19,     6,     136.60,      74.83,       0.00,    10156.1,       1.71,       1.35
    0,    19,     7,     103.55,      78.31,       0.00,     5733.5,       1.61,       1.36
    0,    19,     8,      69.95,     111.10,       0.00,     9000.1,       1.66,       1.31
    0,    19,     9,     112.61,     131.07,       0.00,    10482.0,       1.74,       1.35
    0,    19,    10,      95.17,     138.02,       0.00,     4203.5,       1.78,       1.31
    0,    19,    11,     101.77,     163.90,       0.00,     5411.6,       1.79,       1.34
    0,    20,     1,       9.04,      14.67,       0.00,     2161.5,       1.59,       1.27
    0,    20,     2,      29.28,      30.90,       0.00,    14187.4,       1.79,       1.32
    0,    20,     3,      43.75,      72.94,       0.00,     5036.9,       1.71,       1.34
    0,    20,     4,      68.41,      72.73,       0.00,     6971.9,       1.74,       1.33
    0,    20,     5,      86.11,      73.85,       0.00,     6904.5,       1.68,       1.32
    0,    20,     6,     136.60,      74.81,       0.00,    10078.6,       1.68,       1.37
    0,    20,     7,     103.48,      78.25,       0.00,     5645.8,       1.69,       1.36
    0,    20,     8,      69.96,     111.13,       0.00,     8900.8,       1.70,       1.30
    0,    20,     9,     112.63,     131.06,       0.00,    10425.2,       1.77,       1.34
    0,    20,    10,      95.11,     138.04,       0.00,     4240.6,       1.77,       1.32
    0,    20,    11,     101.79,     163.88,       0.00,     5171.2,       1.77,       1.30
    0,    21,     1,       9.14,      14.66,       0.00,     2007.4,       1.58,       1.32
    0,    21,     2,      29.29,      30.87,       0.00,    13912.0,       1.76,       1.32
    0,    21,     3,      43.72,      72.99,       0.00,     4948.9,       1.71,       1.34
    0,    21,     4,      68.46,      72.71,       0.00,     6619.8,       1.66,       1.32
    0,    21,     5,      86.12,      73.84,       0.00,     6906.9,       1.63,       1.31
    0,    21,     6,     136.57,      74.82,       0.00,    10067.2,       1.66,       1.36
    0,    21,     7,     103.48,      78.32,       0.00,     5637.1,       1.63,       1.35
    0,    21,     8,      69.95,     111.13,       0.00,     8766.0,       1.68,       1.31
    0,    21,     9,     112.64,     131.07,       0.00,    10181.6,       1.73,       1.35
    0,    21,    10,      95.17,     138.06,       0.00,     4057.5,       1.72,       1.30
    0,    21,    11,     101.84,     163.91,       0.00,     5326.9,       1.70,       1.35
    0,    22,     1,       9.17,      14.65,       0.00,     2196.2,       1.69,       1.37
    0,    22,     2,      29.28,      30.91,       0.00,    13922.0,       1.78,       1.34
    0,    22,     3,      43.75,      72.96,       0.00,     4870.7,       1.69,       1.31
    0,    22,     4,      68.38,      72.69,       0.00,     6643.1,       1.68,       1.32
    0,    22,     5,      86.14,      73.82,       0.00,     6994.3,       1.67,       1.33
    0,    22,     6,     136.59,      74.82,       0.00,    10093.1,       1.73,       1.35
    0,    22,     7,     103.51,      78.31,       0.00,     5722.2,       1.65,       1.35
    0,    22,     8,      69.90,     111.12,       0.00,     8749.0,       1.72,       1.31
    0,    22,     9,     112.60,     131.03,       0.00,    10343.0,       1.75,       1.36
    0,    22,    10,      95.16,     138.04,       0.00,     4024.6,       1.77,       1.35
    0,    22,    11,     101.83,     163.94,       0.00,     5329.0,       1.72,       1.34
    0,    23,     1,       9.12,      14.67,       0.00,     2185.8,       1.65,       1.31
    0,    23,     2,      29.32,      30.89,       0.00,    13691.9,       1.78,       1.32
    0,    23,     3,      68.40,      72.71,       0.00,     6628.7,       1.65,       1.32
    0,    23,     4,      43.77,      72.95,       0.00,     4923.0,       1.70,       1.33
    0,    23,     5,      86.11,      73.81,       0.00,     6936.9,       1.61,       1.31
    0,    23,     6,     136.57,      74.83,       0.00,    10281.2,       1.72,       1.38
    0,    23,     7,     103.47,      78.29,       0.00,     5826.6,       1.76,       1.36
    0,    23,     8,      69.97,     111.13,       0.00,     8991.9,       1.68,       1.31
    0,    23,     9,     112.56,     131.06,       0.00,    10415.3,       1.79,       1.35
    0,    23,    10,      95.15,     138.02,       0.00,     3970.0,       1.74,       1.34
    0,    23,    11,     101.79,     163.93,       0.00,     5270.8,       1.70,       1.32
    0,    24,     1,       9.08,      14.57,       0.00,     2087.5,       1.58,       1.32
    0,    24,     2,      29.31,      30.90,       0.00,    13651.7,       1.79,       1.35
    0,    24,     3,      68.35,      72.74,       0.00,     6703.7,       1.69,       1.36
    0,    24,     4,      43.78,      72.94,       0.00,     4746.9,       1.64,       1.30
    0,    24,     5,      86.10,      73.80,       0.00,     6930.6,       1.62,       1.31
    0,    24,     6,     136.53,      74.84,       0.00,    10258.0,       1.65,       1.35
    0,    24,     7,     103.51,      78.30,       0.00,     5772.7,       1.63,       1.37
    0,    24,     8,      69.91,     111.14,       0.00,     8931.1,       1.71,       1.30
    0,    24,     9,     112.61,     131.08,       0.00,    10502.6,       1.77,       1.39
    0,    24,    10,      95.14,     138.03,       0.00,     4123.8,       1.71,       1.31
    0,    24,    11,     101.84,     163.93,       0.00,     4993.6,       1.70,       1.27
    0,    25,     1,       9.08,      14.63,       0.00,     2231.3,       1.69,       1.35
    0,    25,     2,      29.28,      30.89,       0.00,    13792.4,       1.81,       1.30
    0,    25,     3,      43.75,      72.94,       0.00,     5033.3,       1.73,       1.31
    0,    25,     4,      68.40,      72.75,       0.00,     6622.3,       1.74,       1.35
    0,    25,     5,      86.07,      73.83,       0.00,     7023.7,       1.69,       1.28
    0,    25,     6,     136.56,      74.78,       0.00,    10267.3,       1.68,       1.37
    0,    25,     7,     103.48,      78.38,       0.00,     5795.7,       1.63,       1.43
    0,    25,     8,      69.97,     111.11,       0.00,     8761.3,       1.70,       1.31
    0,    25,     9,     112.67,     131.01,       0.00,    10159.1,       1.75,       1.35
    0,    25,    10,      95.15,     138.00,       0.00,     4010.4,       1.75,       1.34
    0,    25,    11,     101.86,     163.92,       0.00,     5204.8,       1.71,       1.35
    0,    26,     1,       9.11,      14.58,       0.00,     1958.4,       1.52,       1.39
    0,    26,     2,      29.27,      30.89,       0.00,    13873.8,       1.82,       1.33
    0,    26,     3,      43.79,      73.00,       0.00,     5289.7,       1.66,       1.35
    0,    26,     4,      68.39,      72.72,       0.00,     6573.9,       1.65,       1.33
    0,    26,     5,      86.11,      73.81,       0.00,     7023.8,       1.61,       1.35
    0,    26,     6,     136.55,      74.81,       0.00,    10179.5,       1.65,       1.34
    0,    26,     7,     103.54,      78.30,       0.00,     5702.4,       1.65,       1.39
    0,    26,     8,      69.97,     111.12,       0.00,     9006.3,       1.66,       1.32
    0,    26,     9,     112.63,     131.06,       0.00,    10311.8,       1.72,       1.35
    0,    26,    10,      95.14,     138.04,       0.00,     3898.8,       1.67,       1.35
    0,    26,    11,     101.76,     163.90,       0.00,     5264.9,       1.71,       1.35
    0,    27,     1,       8.98,      14.66,       0.00,     2222.7,       1.73,       1.29
    0,    27,     2,      29.28,      30.89,       0.00,    13955.4,       1.80,       1.32
    0,    27,     3,      68.43,      72.75,       0.00,     6294.9,       1.63,       1.35
    0,    27,     4,      86.08,      73.81,       0.00,     6917.6,       1.58,       1.30
    0,    27,     5,      43.69,      72.97,       0.00,     4920.4,       1.65,       1.24
    0,    27,     6,     136.59,      74.81,       0.00,    10227.2,       1.67,       1.37
    0,    27,     7,     103.53,      78.31,       0.00,     5663.8,       1.63,       1.34
    0,    27,     8,      69.96,     111.12,       0.00,     9058.5,       1.74,       1.32
    0,    27,     9,     112.64,     131.01,       0.00,    10218.5,       1.75,       1.30
    0,    27,    10,      95.07,     138.04,       0.00,     4098.4,       1.78,       1.31
    0,    27,    11,     101.85,     163.90,       0.00,     5296.4,       1.77,       1.33
    0,    28,     1,       9.01,      14.69,       0.00,     2111.9,       1.68,       1.37
    0,    28,     2,      29.26,      30.90,       0.00,    13883.6,       1.79,       1.33
    0,    28,     3,      43.76,      72.96,       0.00,     5113.1,       1.69,       1.32
    0,    28,     4,      68.42,      72.75,       0.00,     6575.5,       1.75,       1.33
    0,    28,     5,      86.08,      73.80,       0.00,     7038.5,       1.70,       1.35
    0,    28,     6,     136.56,      74.86,       0.00,    10429.1,       1.73,       1.40
    0,    28,     7,     103.54,      78.29,       0.00,     5615.5,       1.65,       1.39
    0,    28,     8,      69.99,     111.14,       0.00,     8881.4,       1.71,       1.30
    0,    28,     9,     112.66,     131.07,       0.00,    10694.1,       1.72,       1.38
    0,    28,    10,      95.20,     137.99,       0.00,     3937.3,       1.60,       1.32
    0,    28,    11,     101.79,     163.95,       0.00,     5003.9,       1.73,       1.32
    0,    29,     1,       9.10,      14.68,       0.00,     2316.1,       1.69,       1.36
    0,    29,     2,      29.28,      30.90,       0.00,    14083.5,       1.80,       1.35
    0,    29,     3,      68.42,      72.73,       0.00,     6427.0,       1.69,       1.36
    0,    29,     4,      43.76,      73.02,       0.00,     5218.0,       1.71,       1.34
    0,    29,     5,      86.10,      73.82,       0.00,     6735.1,       1.64,       1.27
    0,    29,     6,     136.58,      74.83,       0.00,    10264.7,       1.66,       1.37
    0,    29,     7,     103.47,      78.31,       0.00,     5784.2,       1.62,       1.37
    0,    29,     8,      69.98,     111.11,       0.00,     8881.2,       1.69,       1.31
    0,    29,     9,     112.63,     131.04,       0.00,    10275.3,       1.72,       1.35
    0,    29,    10,      95.09,     138.02,       0.00,     4199.1,       1.76,       1.33
    0,    29,    11,     101.88,     163.93,       0.00,     5206.0,       1.68,       1.36
    0,    30,     1,       9.09,      14.62,       0.00,     2062.9,       1.69,       1.32
    0,    30,     2,      29.26,      30.90,       0.00,    13930.6,       1.81,       1.31
    0,    30,     3,      43.72,      72.94,       0.00,     5074.8,       1.66,       1.32
    0,    30,     4,      68.42,      72.73,       0.00,     6853.4,       1.69,       1.33
    0,    30,     5,      86.11,      73.80,       0.00,     7009.0,       1.63,       1.35
    0,    30,     6,     136.54,      74.86,       0.00,    10005.4,       1.66,       1.38
    0,    30,     7,     103.52,      78.31,       0.00,     5711.6,       1.69,       1.36
    0,    30,     8,      69.96,     111.11,       0.00,     8706.9,       1.66,       1.33
    0,    30,     9,     112.64,     131.06,       0.00,    10277.8,       1.77,       1.37
    0,    30,    10,      95.13,     138.02,       0.00,     4133.1,       1.77,       1.35
    0,    30,    11,     101.78,     163.88,       0.00,     5245.3,       1.73,       1.36
    0,    31,     1,       9.01,      14.61,       0.00,     2121.3,       1.67,       1.28
    0,    31,     2,      29.28,      30.89,       0.00,    13948.2,       1.77,       1.30
    0,    31,     3,      43.74,      72.95,       0.00,     5185.3,       1.72,       1.32
    0,    31,     4,      68.39,      72.73,       0.00,     6761.5,       1.66,       1.32
    0,    31,     5,      86.08,      73.83,       0.00,     7114.3,       1.63,       1.35
    0,    31,     6,     136.58,      74.85,       0.00,    10276.1,       1.70,       1.36
    0,    31,     7,     103.41,      78.32,       0.00,     5720.5,       1.68,       1.36
    0,    31,     8,      69.96,     111.11,       0.00,     9119.0,       1.69,       1.31
    0,    31,     9,     112.62,     131.05,       0.00,    10720.4,       1.78,       1.37
    0,    31,    10,      95.11,     137.98,       0.00,     4021.6,       1.68,       1.27
    0,    31,    11,     101.81,     163.89,       0.00,     5283.0,       1.78,       1.36
    0,    32,     1,       9.10,      14.68,       0.00,     2155.3,       1.66,       1.33
    0,    32,     2,      29.29,      30.87,       0.00,    13680.6,       1.75,       1.32
    0,    32,     3,      68.39,      72.72,       0.00,     6774.0,       1.64,       1.35
    0,    32,     4,      43.74,      72.97,       0.00,     5103.7,       1.69,       1.34
    0,    32,     5,      86.05,      73.83,       0.00,     7102.0,       1.68,       1.31
    0,    32,     6,     136.57,      74.85,       0.00,    10318.2,       1.69,       1.36
    0,    32,     7,     103.46,      78.38,       0.00,     5734.2,       1.64,       1.39
    0,    32,     8,      69.94,     111.16,       0.00,     8835.4,       1.68,       1.30
    0,    32,     9,     112.62,     131.04,       0.00,    10507.4,       1.73,       1.36
    0,    32,    10,      95.07,     138.04,       0.00,     4028.2,       1.71,       1.36
    0,    32,    11,     101.82,     163.91,       0.00,     5147.0,       1.73,       1.29
    0,    33,     1,       9.07,      14.53,       0.00,     2206.6,       1.59,       1.32
    0,    33,     2,      29.28,      30.89,       0.00,    13758.7,       1.82,       1.30
    0,    33,     3,      68.42,      72.72,       0.00,     6905.3,       1.64,       1.40
    0,    33,     4,      43.76,      72.95,       0.00,     5127.9,       1.67,       1.33
    0,    33,     5,      86.12,      73.82,       0.00,     6840.2,       1.59,       1.30
    0,    33,     6,     136.56,      74.82,       0.00,    10368.6,       1.72,       1.38
    0,    33,     7,     103.49,      78.33,       0.00,     5658.8,       1.65,       1.31
    0,    33,     8,      69.96,     111.13,       0.00,     8923.2,       1.65,       1.31
    0,    33,     9,     112.61,     131.07,       0.00,    10153.0,       1.76,       1.32
    0,    33,    10,      95.11,     137.95,       0.00,     4010.4,       1.77,       1.30
    0,    33,    11,     101.73,     163.91,       0.00,     5136.5,       1.77,       1.34
    0,    34,     1,       9.07,      14.69,       0.00,     2313.5,       1.62,       1.39
    0,    34,     2,      29.26,      30.89,       0.00,    13647.8,       1.79,       1.31
    0,    34,     3,      68.39,      72.72,       0.00,     7034.4,       1.69,       1.35
    0,    34,     4,      43.71,      73.05,       0.00,     5255.5,       1.75,       1.36
    0,    34,     5,      86.10,      73.81,       0.00,     7009.6,       1.67,       1.30
    0,    34,     6,     136.60,      74.86,       0.00,    10034.1,       1.70,       1.37
    0,    34,     7,     103.48,      78.33,       0.00,     5939.0,       1.71,       1.38
    0,    34,     8,      69.97,     111.10,       0.00,     9075.4,       1.68,       1.31
    0,    34,     9,     112.63,     131.03,       0.00,    10301.7,       1.78,       1.36
    0,    34,    10,      95.11,     138.00,       0.00,     3986.9,       1.66,       1.26
    0,    34,    11,     101.83,     163.92,       0.00,     4944.4,       1.69,       1.37
    0,    35,     1,       9.04,      14.67,       0.00,     2085.7,       1.61,       1.30
    0,    35,     2,      29.27,      30.91,       0.00,    13650.3,       1.82,       1.31
    0,    35,     3,      68.40,      72.71,       0.00,     6873.3,       1.67,       1.32
    0,    35,     4,      43.70,      73.00,       0.00,     5084.8,       1.72,       1.32
    0,    35,     5,      86.08,      73.83,       0.00,     6841.4,       1.64,       1.28
    0,    35,     6,     136.58,      74.84,       0.00,    10278.3,       1.72,       1.36
    0,    35,     7,     103.48,      78.30,       0.00,     5633.0,       1.67,       1.32
    0,    35,     8,      69.93,     111.11,       0.00,     8922.1,       1.68,       1.31
    0,    35,     9,     112.60,     131.08,       0.00,    10159.3,       1.75,       1.33
    0,    35,    10,      95.11,     137.99,       0.00,     4144.0,       1.80,       1.29
    0,    35,    11,     101.84,     163.89,       0.00,     5036.0,       1.75,       1.34
    0,    36,     1,       9.08,      14.63,       0.00,     2279.9,       1.61,       1.34
    0,    36,     2,      29.22,      30.92,       0.00,    13939.3,       1.80,       1.34
    0,    36,     3,      68.42,      72.73,       0.00,     6988.4,       1.69,       1.36
    0,    36,     4,      43.76,      72.97,       0.00,     5145.4,       1.61,       1.36
    0,    36,     5,      86.03,      73.85,       0.00,     7129.5,       1.64,       1.35
    0,    36,     6,     136.56,      74.84,       0.00,    10067.8,       1.68,       1.38
    0,    36,     7,     103.48,      78.34,       0.00,     5600.6,       1.64,       1.38
    0,    36,     8,      69.99,     111.11,       0.00,     8940.3,       1.69,       1.32
    0,    36,     9,     112.65,     131.06,       0.00,    10103.8,       1.71,       1.35
    0,    36,    10,      95.15,     137.95,       0.00,     4120.1,       1.77,       1.27
    0,    36,    11,     101.82,     163.93,       0.00,     5127.3,       1.74,       1.33
    0,    37,     1,       9.05,      14.62,       0.00,     2074.8,       1.61,       1.38
    0,    37,     2,      29.25,      30.89,       0.00,    13909.8,       1.76,       1.35
    0,    37,     3,      68.42,      72.69,       0.00,     6824.6,       1.67,       1.28
    0,    37,     4,      43.75,      72.96,       0.00,     5037.4,       1.67,       1.38
    0,    37,     5,      86.14,      73.84,       0.00,     6999.0,       1.63,       1.30
    0,    37,     6,     136.55,      74.82,       0.00,     9922.8,       1.70,       1.33
    0,    37,     7,     103.46,      78.31,       0.00,     5653.5,       1.62,       1.36
    0,    37,     8,      69.94,     111.14,       0.00,     8991.2,       1.75,       1.30
    0,    37,     9,     112.62,     131.04,       0.00,    10430.4,       1.77,       1.38
    0,    37,    10,      95.13,     138.04,       0.00,     4181.9,       1.65,       1.32
    0,    37,    11,     101.82,     163.92,       0.00,     5058.0,       1.69,       1.35
    0,    38,     1,       9.06,      14.67,       0.00,     2215.9,       1.64,       1.29
    0,    38,     2,      29.29,      30.90,       0.00,    13634.0,       1.76,       1.32
    0,    38,     3,      43.72,      73.00,       0.00,     5283.9,       1.76,       1.35
    0,    38,     4,      68.41,      72.71,       0.00,     6647.4,       1.68,       1.32
    0,    38,     5,      86.10,      73.82,       0.00,     7341.4,       1.64,       1.30
    0,    38,     6,     136.59,      74.83,       0.00,    10156.4,       1.67,       1.38
    0,    38,     7,     103.50,      78.35,       0.00,     5624.9,       1.64,       1.41
    0,    38,     8,      69.96,     111.11,       0.00,     8678.5,       1.64,       1.27
    0,    38,     9,     112.60,     131.05,       0.00,    10524.1,       1.82,       1.37
    0,    38,    10,      95.16,     138.00,       0.00,     4170.2,       1.71,       1.35
    0,    38,    11,     101.80,     163.89,       0.00,     5116.3,       1.79,       1.32
    0,    39,     1,       9.04,      14.60,       0.00,     2103.3,       1.64,       1.34
    0,    39,     2,      29.27,      30.90,       0.00,    13630.7,       1.76,       1.34
    0,    39,     3,      68.42,      72.71,       0.00,     6906.3,       1.68,       1.36
    0,    39,     4,      43.77,      72.97,       0.00,     5111.7,       1.64,       1.31
    0,    39,     5,      86.09,      73.83,       0.00,     6804.6,       1.64,       1.27
    0,    39,     6,     136.56,      74.81,       0.00,    10142.2,       1.70,       1.38
    0,    39,     7,     103.46,      78.29,       0.00,     5759.0,       1.65,       1.36
    0,    39,     8,      69.95,     111.11,       0.00,     9092.5,       1.76,       1.36
    0,    39,     9,     112.59,     131.02,       0.00,    10370.6,       1.74,       1.34
    0,    39,    10,      95.15,     137.99,       0.00,     4214.4,       1.74,       1.31
    0,    39,    11,     101.83,     163.93,       0.00,     5023.5,       1.73,       1.32
    0,    40,     1,       9.04,      14.66,       0.00,     2295.8,       1.64,       1.43
    0,    40,     2,      29.28,      30.91,       0.00,    13691.8,       1.77,       1.33
    0,    40,     3,      68.40,      72.67,       0.00,     7315.5,       1.67,       1.35
    0,    40,     4,      43.75,      72.94,       0.00,     5431.4,       1.68,       1.39
    0,    40,     5,      86.08,      73.82,       0.00,     6730.1,       1.62,       1.30
    0,    40,     6,     136.57,      74.85,       0.00,    10067.0,       1.64,       1.36
    0,    40,     7,     103.52,      78.28,       0.00,     5562.0,       1.61,       1.34
    0,    40,     8,      69.93,     111.09,       0.00,     8721.4,       1.71,       1.32
    0,    40,     9,     112.63,     131.08,       0.00,    10144.9,       1.71,       1.34
    0,    40,    10,      95.13,     138.01,       0.00,     4327.5,       1.81,       1.32
    0,    40,    11,     101.82,     163.94,       0.00,     5033.8,       1.70,       1.29
