#stackID(UINT32), frameID(UINT32), eventID(UINT32), x0(float), y0(float), z0(float), photon_count0(float), sigmaX0(float), sigmaY0(float) 
    0,     0,     1,       9.07,      14.52,       0.00,     4113.9,       1.39,       1.89
    0,     0,     2,      29.36,      30.87,       0.00,    22179.1,       1.55,       1.86
    0,     0,     3,      68.49,      72.60,       0.00,    12188.4,       1.39,       1.92
    0,     0,     4,      43.87,      72.86,       0.00,     9460.9,       1.38,       1.76
    0,     0,     5,      86.23,      73.65,       0.00,     8032.3,       1.38,       1.76
    0,     0,     6,     136.66,      74.72,       0.00,    16656.4,       1.39,       1.91
    0,     0,     7,     103.60,      78.31,       0.00,     8932.9,       1.39,       1.87
    0,     0,     8,      70.09,     111.00,       0.00,    13154.6,       1.34,       1.76
    0,     0,     9,     112.74,     130.98,       0.00,    15374.2,       1.46,       1.80
    0,     0,    10,      95.14,     138.03,       0.00,     6817.3,       1.45,       1.70
    0,     0,    11,     101.96,     163.82,       0.00,     8001.8,       1.46,       1.83
    0,     1,     1,       9.13,      14.57,       0.00,     3812.0,       1.37,       1.74
    0,     1,     2,      29.35,      30.87,       0.00,    22111.6,       1.55,       1.85
    0,     1,     3,      68.46,      72.69,       0.00,    11840.0,       1.37,       1.84
    0,     1,     4,      43.88,      72.87,       0.00,     9521.5,       1.37,       1.86
    0,     1,     5,      86.22,      73.69,       0.00,     8109.5,       1.44,       1.80
    0,     1,     6,     136.67,      74.72,       0.00,    16774.6,       1.40,       1.90
    0,     1,     7,     103.63,      78.29,       0.00,     8766.1,       1.38,       1.93
    0,     1,     8,      70.07,     111.02,       0.00,    13517.5,       1.41,       1.81
    0,     1,     9,     112.72,     131.01,       0.00,    15313.6,       1.46,       1.85
    0,     1,    10,      95.13,     138.03,       0.00,     6570.8,       1.40,       1.68
    0,     1,    11,     101.91,     163.81,       0.00,     8062.6,       1.45,       1.85
    0,     2,     1,       9.14,      14.58,       0.00,     3816.8,       1.36,       1.92
    0,     2,     2,      29.35,      30.87,       0.00,    22031.8,       1.56,       1.86
    0,     2,     3,      68.43,      72.65,       0.00,    11855.5,       1.40,       1.84
    0,     2,     4,      43.87,      72.87,       0.00,     9270.3,       1.37,       1.74
    0,     2,     5,      86.21,      73.64,       0.00,     8205.3,       1.40,       1.84
    0,     2,     6,     136.65,      74.73,       0.00,    17283.5,       1.39,       1.90
    0,     2,     7,     103.63,      78.26,       0.00,     9084.6,       1.35,       1.88
    0,     2,     8,      70.08,     110.98,       0.00,    12996.0,       1.39,       1.74
    0,     2,     9,     112.72,     130.94,       0.00,    14821.8,       1.43,       1.75
    0,     2,    10,      95.16,     138.04,       0.00,     6457.8,       1.43,       1.76
    0,     2,    11,     101.94,     163.80,       0.00,     7814.5,       1.43,       1.72
    0,     3,     1,       9.09,      14.47,       0.00,     3796.8,       1.30,       1.78
    0,     3,     2,      29.35,      30.87,       0.00,    21846.9,       1.54,       1.86
    0,     3,     3,      68.47,      72.65,       0.00,    11995.1,       1.39,       1.87
    0,     3,     4,      43.87,      72.86,       0.00,     9562.9,       1.40,       1.86
    0,     3,     5,      86.19,      73.71,       0.00,     8427.0,       1.39,       1.85
    0,     3,     6,     136.64,      74.72,       0.00,    17306.5,       1.39,       1.96
    0,     3,     7,     103.64,      78.22,       0.00,     8862.9,       1.38,       1.87
    0,     3,     8,      70.09,     110.99,       0.00,    12878.1,       1.38,       1.69
    0,     3,     9,     112.73,     130.94,       0.00,    15370.2,       1.44,       1.83
    0,     3,    10,      95.11,     138.05,       0.00,     6480.5,       1.41,       1.70
    0,     3,    11,     101.95,     163.86,       0.00,     7676.3,       1.42,       1.78
    0,     4,     1,       9.14,      14.50,       0.00,     3749.8,       1.31,       1.88
    0,     4,     2,      29.33,      30.87,       0.00,    21578.0,       1.55,       1.84
    0,     4,     3,      43.85,      72.81,       0.00,     9202.8,       1.39,       1.82
    0,     4,     4,      68.45,      72.65,       0.00,    12033.3,       1.39,       1.87
    0,     4,     5,      86.15,      73.68,       0.00,     8088.1,       1.39,       1.79
    0,     4,     6,     136.65,      74.70,       0.00,    17052.5,       1.41,       1.88
    0,     4,     7,     103.61,      78.31,       0.00,     8860.1,       1.35,       1.90
    0,     4,     8,      70.09,     111.06,       0.00,    12953.0,       1.36,       1.73
    0,     4,     9,     112.71,     130.96,       0.00,    15041.6,       1.46,       1.79
    0,     4,    10,      95.11,     138.05,       0.00,     6825.1,       1.46,       1.74
    0,     4,    11,     101.92,     163.81,       0.00,     7411.6,       1.42,       1.75
    0,     5,     1,       9.13,      14.55,       0.00,     3934.9,       1.37,       1.85
    0,     5,     2,      29.37,      30.84,       0.00,    21827.7,       1.53,       1.85
    0,     5,     3,      68.46,      72.61,       0.00,    11814.5,       1.40,       1.86
    0,     5,     4,      43.87,      72.86,       0.00,     9132.8,       1.33,       1.82
    0,     5,     5,      86.21,      73.66,       0.00,     7959.8,       1.38,       1.82
    0,     5,     6,     136.66,      74.72,       0.00,    16835.1,       1.39,       1.92
    0,     5,     7,     103.60,      78.20,       0.00,     8829.7,       1.42,       1.91
    0,     5,     8,      70.08,     111.03,       0.00,    13158.9,       1.40,       1.77
    0,     5,     9,     112.70,     130.96,       0.00,    14983.9,       1.45,       1.79
    0,     5,    10,      95.11,     138.06,       0.00,     6663.2,       1.40,       1.79
    0,     5,    11,     101.95,     163.82,       0.00,     7674.9,       1.45,       1.83
    0,     6,     1,       9.11,      14.51,       0.00,     3859.0,       1.32,       1.77
    0,     6,     2,      29.36,      30.88,       0.00,    21877.8,       1.54,       1.86
    0,     6,     3,      68.46,      72.58,       0.00,    11845.4,       1.42,       1.90
    0,     6,     4,      43.84,      72.89,       0.00,     9516.6,       1.40,       1.87
    0,     6,     5,      86.20,      73.68,       0.00,     8225.0,       1.42,       1.86
    0,     6,     6,     136.62,      74.72,       0.00,    16325.9,       1.36,       1.89
    0,     6,     7,     103.60,      78.20,       0.00,     8669.7,       1.37,       1.96
    0,     6,     8,      70.04,     111.07,       0.00,    12897.5,       1.38,       1.78
    0,     6,     9,     112.73,     130.92,       0.00,    15392.9,       1.44,       1.83
    0,     6,    10,      95.19,     138.02,       0.00,     6857.4,       1.43,       1.71
    0,     6,    11,     101.99,     163.78,       0.00,     7699.7,       1.47,       1.79
    0,     7,     1,       9.09,      14.61,       0.00,     3728.6,       1.33,       1.81
    0,     7,     2,      29.35,      30.88,       0.00,    21670.6,       1.54,       1.84
    0,     7,     3,      68.49,      72.61,       0.00,    11645.7,       1.44,       1.85
    0,     7,     4,      43.89,      72.84,       0.00,     9057.2,       1.39,       1.85
    0,     7,     5,      86.16,      73.65,       0.00,     7953.6,       1.36,       1.81
    0,     7,     6,     136.67,      74.71,       0.00,    16209.8,       1.37,       1.87
    0,     7,     7,     103.59,      78.27,       0.00,     9072.2,       1.42,       1.91
    0,     7,     8,      70.08,     111.02,       0.00,    12548.2,       1.36,       1.75
    0,     7,     9,     112.70,     130.97,       0.00,    15539.8,       1.48,       1.76
    0,     7,    10,      95.16,     138.04,       0.00,     7143.6,       1.45,       1.78
    0,     7,    11,     101.97,     163.81,       0.00,     7314.3,       1.39,       1.76
    0,     8,     1,       9.08,      14.51,       0.00,     3682.6,       1.31,       1.80
    0,     8,     2,      29.37,      30.86,       0.00,    21541.3,       1.54,       1.83
    0,     8,     3,      43.88,      72.87,       0.00,     9226.2,       1.36,       1.82
    0,     8,     4,      68.50,      72.63,       0.00,    11487.1,       1.41,       1.91
    0,     8,     5,      86.19,      73.66,       0.00,     8210.2,       1.42,       1.85
    0,     8,     6,     136.63,      74.74,       0.00,    16484.2,       1.41,       1.94
    0,     8,     7,     103.62,      78.26,       0.00,     8563.3,       1.37,       1.82
    0,     8,     8,      70.10,     111.00,       0.00,    12570.0,       1.38,       1.75
    0,     8,     9,     112.69,     130.95,       0.00,    15090.2,       1.47,       1.80
    0,     8,    10,      95.14,     138.01,       0.00,     6822.3,       1.39,       1.78
    0,     8,    11,     101.93,     163.78,       0.00,     7609.1,       1.47,       1.79
    0,     9,     1,       9.19,      14.58,       0.00,     3712.8,       1.30,       1.86
    0,     9,     2,      29.36,      30.86,       0.00,    20795.9,       1.52,       1.82
    0,     9,     3,      43.90,      72.88,       0.00,     9287.7,       1.35,       1.78
    0,     9,     4,      68.47,      72.67,       0.00,    11445.7,       1.39,       1.87
    0,     9,     5,      86.20,      73.65,       0.00,     8127.3,       1.39,       1.81
    0,     9,     6,     136.64,      74.69,       0.00,    16683.8,       1.40,       1.92
    0,     9,     7,     103.63,      78.25,       0.00,     8698.5,       1.37,       1.90
    0,     9,     8,      70.06,     111.00,       0.00,    12639.9,       1.36,       1.70
    0,     9,     9,     112.69,     130.98,       0.00,    14641.0,       1.43,       1.78
    0,     9,    10,      95.11,     138.00,       0.00,     6769.1,       1.44,       1.73
    0,     9,    11,     101.91,     163.84,       0.00,     7627.8,       1.47,       1.85
    0,    10,     1,       9.04,      14.50,       0.00,     3759.4,       1.37,       1.85
    0,    10,     2,      29.35,      30.86,       0.00,    21424.9,       1.54,       1.83
    0,    10,     3,      43.88,      72.91,       0.00,     9216.2,       1.43,       1.86
    0,    10,     4,      68.45,      72.65,       0.00,    11426.3,       1.37,       1.86
    0,    10,     5,      86.22,      73.67,       0.00,     7711.8,       1.39,       1.80
    0,    10,     6,     136.64,      74.71,       0.00,    16619.2,       1.41,       1.89
    0,    10,     7,     103.63,      78.25,       0.00,     8699.2,       1.35,       1.96
    0,    10,     8,      70.08,     111.06,       0.00,    12828.6,       1.40,       1.77
    0,    10,     9,     112.70,     130.95,       0.00,    14787.6,       1.44,       1.78
    0,    10,    10,      95.17,     138.09,       0.00,     6584.7,       1.39,       1.70
    0,    10,    11,     101.89,     163.82,       0.00,     7450.6,       1.48,       1.74
    0,    11,     1,       9.07,      14.53,       0.00,     3701.6,       1.28,       1.78
    0,    11,     2,      29.36,      30.89,       0.00,    21137.1,       1.52,       1.81
    0,    11,     3,      68.42,      72.62,       0.00,    11038.8,       1.40,       1.79
    0,    11,     4,      43.87,      72.86,       0.00,     9071.6,       1.41,       1.82
    0,    11,     5,      86.17,      73.75,       0.00,     8197.8,       1.38,       1.78
    0,    11,     6,     136.63,      74.70,       0.00,    16459.8,       1.40,       1.90
    0,    11,     7,     103.60,      78.29,       0.00,     8821.2,       1.38,       1.88
    0,    11,     8,      70.07,     111.01,       0.00,    12457.5,       1.37,       1.73
    0,    11,     9,     112.68,     130.97,       0.00,    15509.7,       1.47,       1.78
    0,    11,    10,      95.17,     138.09,       0.00,     6772.8,       1.43,       1.70
    0,    11,    11,     101.93,     163.82,       0.00,     7357.1,       1.45,       1.76
    0,    12,     1,       9.13,      14.44,       0.00,     3958.9,       1.34,       1.86
    0,    12,     2,      29.36,      30.88,       0.00,    21561.0,       1.54,       1.85
    0,    12,     3,      68.46,      72.65,       0.00,    11878.6,       1.43,       1.88
    0,    12,     4,      43.84,      72.93,       0.00,     9199.9,       1.40,       1.87
    0,    12,     5,      86.18,      73.75,       0.00,     8379.4,       1.40,       1.81
    0,    12,     6,     136.63,      74.75,       0.00,    16820.9,       1.41,       1.87
    0,    12,     7,     103.58,      78.26,       0.00,     8558.3,       1.40,       1.90
    0,    12,     8,      70.08,     111.01,       0.00,    12564.8,       1.39,       1.70
    0,    12,     9,     112.67,     130.98,       0.00,    14853.3,       1.43,       1.79
    0,    12,    10,      95.19,     138.03,       0.00,     6658.3,       1.50,       1.68
    0,    12,    11,     101.92,     163.82,       0.00,     7247.2,       1.43,       1.76
    0,    13,     1,       9.11,      14.50,       0.00,     3822.7,       1.37,       1.80
    0,    13,     2,      29.35,      30.88,       0.00,    21419.2,       1.54,       1.82
    0,    13,     3,      68.41,      72.66,       0.00,    11574.6,       1.41,       1.88
    0,    13,     4,      43.88,      72.90,       0.00,     9181.2,       1.44,       1.80
    0,    13,     5,      86.20,      73.70,       0.00,     8144.0,       1.40,       1.82
    0,    13,     6,     136.65,      74.71,       0.00,    17166.3,       1.41,       1.94
    0,    13,     7,     103.61,      78.24,       0.00,     8386.1,       1.37,       1.85
    0,    13,     8,      70.04,     111.03,       0.00,    12654.3,       1.41,       1.72
    0,    13,     9,     112.70,     130.96,       0.00,    14853.9,       1.47,       1.77
    0,    13,    10,      95.15,     138.03,       0.00,     6640.1,       1.42,       1.71
    0,    13,    11,     101.91,     163.85,       0.00,     7341.5,       1.48,       1.73
    0,    14,     1,       9.08,      14.59,       0.00,     3580.2,       1.28,       1.78
    0,    14,     2,      29.36,      30.90,       0.00,    21668.6,       1.56,       1.81
    0,    14,     3,      68.47,      72.65,       0.00,    11549.5,       1.40,       1.84
    0,    14,     4,      43.87,      72.87,       0.00,     8919.8,       1.41,       1.76
    0,    14,     5,      86.23,      73.73,       0.00,     7816.3,       1.35,       1.73
    0,    14,     6,     136.64,      74.78,       0.00,    16039.0,       1.40,       1.87
    0,    14,     7,     103.61,      78.33,       0.00,     8312.5,       1.40,       1.84
    0,    14,     8,      70.09,     111.03,       0.00,    12442.7,       1.39,       1.71
    0,    14,     9,     112.68,     130.96,       0.00,    14635.8,       1.46,       1.73
    0,    14,    10,      95.17,     138.03,       0.00,     6676.4,       1.45,       1.68
    0,    14,    11,     101.92,     163.83,       0.00,     7398.1,       1.47,       1.73
    0,    15,     1,       9.10,      14.49,       0.00,     3629.6,       1.30,       1.78
    0,    15,     2,      29.33,      30.90,       0.00,    21198.6,       1.55,       1.79
    0,    15,     3,      43.85,      72.89,       0.00,     8805.2,       1.38,       1.83
    0,    15,     4,      68.44,      72.66,       0.00,    11757.9,       1.40,       1.84
    0,    15,     5,      86.19,      73.65,       0.00,     7800.5,       1.44,       1.78
    0,    15,     6,     136.66,      74.72,       0.00,    16639.6,       1.40,       1.88
    0,    15,     7,     103.62,      78.25,       0.00,     8877.0,       1.39,       1.91
    0,    15,     8,      70.06,     111.02,       0.00,    12834.5,       1.41,       1.74
    0,    15,     9,     112.71,     130.96,       0.00,    14776.5,       1.44,       1.81
    0,    15,    10,      95.16,     138.03,       0.00,     6873.3,       1.43,       1.78
    0,    15,    11,     101.97,     163.84,       0.00,     7399.4,       1.46,       1.71
    0,    16,     1,       9.13,      14.60,       0.00,     3632.6,       1.34,       1.77
    0,    16,     2,      29.35,      30.89,       0.00,    21343.0,       1.54,       1.81
    0,    16,     3,      68.42,      72.61,       0.00,    11208.5,       1.40,       1.81
    0,    16,     4,      43.87,      72.84,       0.00,     8728.3,       1.33,       1.75
    0,    16,     5,      86.20,      73.61,       0.00,     7771.2,       1.38,       1.76
    0,    16,     6,     136.63,      74.73,       0.00,    16386.8,       1.40,       1.85
    0,    16,     7,     103.54,      78.29,       0.00,     8252.1,       1.38,       1.88
    0,    16,     8,      70.07,     111.01,       0.00,    12604.1,       1.39,       1.72
    0,    16,     9,     112.70,     130.97,       0.00,    14810.6,       1.47,       1.79
    0,    16,    10,      95.12,     138.05,       0.00,     6697.8,       1.44,       1.68
    0,    16,    11,     101.85,     163.82,       0.00,     7080.6,       1.43,       1.78
    0,    17,     1,       9.14,      14.56,       0.00,     3630.6,       1.32,       1.79
    0,    17,     2,      29.36,      30.87,       0.00,    21120.2,       1.55,       1.80
    0,    17,     3,      43.86,      72.90,       0.00,     8857.2,       1.42,       1.78
    0,    17,     4,      68.42,      72.63,       0.00,    11343.8,       1.41,       1.78
    0,    17,     5,      86.17,      73.71,       0.00,     7933.9,       1.38,       1.72
    0,    17,     6,     136.59,      74.72,       0.00,    16445.3,       1.40,       1.82
    0,    17,     7,     103.56,      78.30,       0.00,     8437.9,       1.41,       1.84
    0,    17,     8,      70.06,     111.02,       0.00,    12081.4,       1.39,       1.66
    0,    17,     9,     112.71,     130.99,       0.00,    14382.3,       1.44,       1.77
    0,    17,    10,      95.08,     138.05,       0.00,     6616.2,       1.45,       1.70
    0,    17,    11,     101.92,     163.81,       0.00,     7305.1,       1.40,       1.74
    0,    18,     1,       9.07,      14.52,       0.00,     3509.1,       1.36,       1.62
    0,    18,     2,      29.33,      30.88,       0.00,    21181.2,       1.54,       1.82
    0,    18,     3,      43.86,      72.90,       0.00,     8968.9,       1.39,       1.83
    0,    18,     4,      68.43,      72.67,       0.00,    11495.1,       1.43,       1.82
    0,    18,     5,      86.19,      73.67,       0.00,     8185.4,       1.42,       1.85
    0,    18,     6,     136.63,      74.75,       0.00,    16626.4,       1.42,       1.89
    0,    18,     7,     103.55,      78.27,       0.00,     8044.6,       1.40,       1.85
    0,    18,     8,      70.07,     111.03,       0.00,    12687.6,       1.42,       1.74
    0,    18,     9,     112.73,     130.98,       0.00,    14766.7,       1.47,       1.80
    0,    18,    10,      95.13,     138.07,       0.00,     6601.8,       1.43,       1.65
    0,    18,    11,     101.88,     163.84,       0.00,     7210.3,       1.41,       1.82
    0,    19,     1,       9.08,      14.57,       0.00,     3474.8,       1.32,       1.65
    0,    19,     2,      29.35,      30.90,       0.00,    21220.0,       1.54,       1.80
    0,    19,     3,      43.86,      72.93,       0.00,     9132.0,       1.42,       1.74
    0,    19,     4,      68.46,      72.67,       0.00,    11558.2,       1.42,       1.88
    0,    19,     5,      86.20,      73.66,       0.00,     7986.4,       1.45,       1.81
    0,    19,     6,     136.63,      74.73,       0.00,    16743.9,       1.41,       1.84
    0,    19,     7,     103.56,      78.24,       0.00,     8189.4,       1.43,       1.96
    0,    19,     8,      70.09,     111.00,       0.00,    12764.0,       1.41,       1.74
    0,    19,     9,     112.68,     130.95,       0.00,    14459.4,       1.47,       1.78
    0,    19,    10,      95.12,     138.03,       0.00,     6408.3,       1.44,       1.67
    0,    19,    11,     101.94,     163.86,       0.00,     7354.6,       1.48,       1.80
    0,    20,     1,       9.13,      14.49,       0.00,     3630.7,       1.36,       1.78
    0,    20,     2,      29.38,      30.89,       0.00,    21173.2,       1.55,       1.78
    0,    20,     3,      68.46,      72.65,       0.00,    10926.4,       1.39,       1.83
    0,    20,     4,      43.91,      72.90,       0.00,     9380.5,       1.42,       1.89
    0,    20,     5,      86.20,      73.66,       0.00,     7656.5,       1.38,       1.77
    0,    20,     6,     136.63,      74.71,       0.00,    16637.5,       1.39,       1.86
    0,    20,     7,     103.54,      78.23,       0.00,     8272.9,       1.44,       1.83
    0,    20,     8,      70.04,     111.03,       0.00,    12526.2,       1.42,       1.73
    0,    20,     9,     112.72,     130.95,       0.00,    14611.9,       1.44,       1.79
    0,    20,    10,      95.12,     138.01,       0.00,     6524.3,       1.40,       1.70
    0,    20,    11,     101.91,     163.82,       0.00,     7525.7,       1.50,       1.76
    0,    21,     1,       9.07,      14.51,       0.00,     3642.5,       1.36,       1.84
    0,    21,     2,      29.35,      30.85,       0.00,    21017.1,       1.52,       1.81
    0,    21,     3,      68.47,      72.64,       0.00,    10675.0,       1.44,       1.76
    0,    21,     4,      43.85,      72.87,       0.00,     8871.6,       1.38,       1.75
    0,    21,     5,      86.22,      73.65,       0.00,     7869.2,       1.43,       1.81
    0,    21,     6,     136.62,      74.77,       0.00,    16527.5,       1.41,       1.87
    0,    21,     7,     103.58,      78.34,       0.00,     8381.7,       1.45,       1.92
    0,    21,     8,      70.06,     111.04,       0.00,    12724.0,       1.38,       1.74
    0,    21,     9,     112.70,     130.97,       0.00,    14912.7,       1.47,       1.77
    0,    21,    10,      95.13,     138.00,       0.00,     6551.5,       1.44,       1.63
    0,    21,    11,     101.92,     163.84,       0.00,     7539.1,       1.48,       1.75
    0,    22,     1,       9.06,      14.53,       0.00,     3805.0,       1.35,       1.83
    0,    22,     2,      29.33,      30.88,       0.00,    20606.1,       1.54,       1.78
    0,    22,     3,      43.84,      72.85,       0.00,     9143.6,       1.41,       1.84
    0,    22,     4,      68.46,      72.62,       0.00,    10683.4,       1.42,       1.83
    0,    22,     5,      86.19,      73.66,       0.00,     7645.2,       1.40,       1.73
    0,    22,     6,     136.62,      74.74,       0.00,    16660.7,       1.41,       1.85
    0,    22,     7,     103.56,      78.30,       0.00,     8283.0,       1.42,       1.89
    0,    22,     8,      70.08,     111.01,       0.00,    12430.4,       1.43,       1.71
    0,    22,     9,     112.71,     130.95,       0.00,    15070.4,       1.48,       1.83
    0,    22,    10,      95.15,     137.98,       0.00,     6783.8,       1.39,       1.74
    0,    22,    11,     101.90,     163.81,       0.00,     7154.6,       1.45,       1.70
    0,    23,     1,       9.13,      14.60,       0.00,     3719.7,       1.36,       1.77
    0,    23,     2,      29.35,      30.90,       0.00,    20937.3,       1.54,       1.80
    0,    23,     3,      68.47,      72.63,       0.00,    10730.1,       1.44,       1.84
    0,    23,     4,      43.83,      72.89,       0.00,     9156.9,       1.39,       1.87
    0,    23,     5,      86.20,      73.71,       0.00,     7606.7,       1.46,       1.80
    0,    23,     6,     136.63,      74.74,       0.00,    16858.2,       1.39,       1.86
    0,    23,     7,     103.57,      78.24,       0.00,     8505.3,       1.41,       1.87
    0,    23,     8,      70.06,     111.04,       0.00,    12723.0,       1.42,       1.73
    0,    23,     9,     112.69,     131.03,       0.00,    14705.7,       1.45,       1.79
    0,    23,    10,      95.14,     137.98,       0.00,     6605.7,       1.40,       1.70
    0,    23,    11,     101.97,     163.81,       0.00,     7440.2,       1.45,       1.81
    0,    24,     1,       9.13,      14.54,       0.00,     3452.8,       1.31,       1.66
    0,    24,     2,      29.34,      30.87,       0.00,    20865.2,       1.52,       1.81
    0,    24,     3,      43.84,      72.87,       0.00,     8742.1,       1.37,       1.77
    0,    24,     4,      68.47,      72.69,       0.00,    11067.1,       1.41,       1.86
    0,    24,     5,      86.22,      73.66,       0.00,     7831.4,       1.45,       1.76
    0,    24,     6,     136.66,      74.74,       0.00,    16730.3,       1.40,       1.87
    0,    24,     7,     103.56,      78.33,       0.00,     8210.3,       1.41,       1.92
    0,    24,     8,      70.06,     111.01,       0.00,    12562.0,       1.40,       1.72
    0,    24,     9,     112.70,     130.98,       0.00,    14896.3,       1.47,       1.78
    0,    24,    10,      95.13,     138.00,       0.00,     6728.4,       1.45,       1.68
    0,    24,    11,     101.92,     163.79,       0.00,     7405.0,       1.47,       1.70
    0,    25,     1,       9.10,      14.56,       0.00,     3657.9,       1.33,       1.81
    0,    25,     2,      29.36,      30.86,       0.00,    20495.1,       1.53,       1.77
    0,    25,     3,      43.84,      72.88,       0.00,     8745.5,       1.38,       1.80
    0,    25,     4,      68.47,      72.65,       0.00,    10607.7,       1.41,       1.85
    0,    25,     5,      86.21,      73.67,       0.00,     7600.4,       1.41,       1.74
    0,    25,     6,     136.63,      74.74,       0.00,    16637.3,       1.40,       1.90
    0,    25,     7,     103.60,      78.30,       0.00,     8012.9,       1.36,       1.88
    0,    25,     8,      70.05,     111.01,       0.00,    12407.4,       1.41,       1.76
    0,    25,     9,     112.70,     130.96,       0.00,    14791.4,       1.48,       1.79
    0,    25,    10,      95.15,     138.05,       0.00,     6741.8,       1.40,       1.72
    0,    25,    11,     101.92,     163.81,       0.00,     7144.6,       1.49,       1.73
    0,    26,     1,       9.12,      14.53,       0.00,     3544.8,       1.31,       1.78
    0,    26,     2,      29.36,      30.87,       0.00,    20657.0,       1.54,       1.80
    0,    26,     3,      43.83,      72.87,       0.00,     8726.9,       1.36,       1.80
    0,    26,     4,      68.45,      72.61,       0.00,    10874.5,       1.40,       1.85
    0,    26,     5,      86.16,      73.66,       0.00,     7819.2,       1.43,       1.74
    0,    26,     6,     136.59,      74.71,       0.00,    16516.8,       1.37,       1.88
    0,    26,     7,     103.59,      78.28,       0.00,     8269.6,       1.40,       1.88
    0,    26,     8,      70.05,     111.04,       0.00,    12095.0,       1.37,       1.66
    0,    26,     9,     112.72,     130.96,       0.00,    14510.6,       1.47,       1.75
    0,    26,    10,      95.22,     138.00,       0.00,     6609.5,       1.42,       1.62
    0,    26,    11,     101.91,     163.77,       0.00,     7246.3,       1.47,       1.69
    0,    27,     1,       9.17,      14.50,       0.00,     3627.0,       1.37,       1.73
    0,    27,     2,      29.36,      30.88,       0.00,    20524.6,       1.52,       1.79
    0,    27,     3,      43.87,      72.91,       0.00,     8732.7,       1.40,       1.77
    0,    27,     4,      68.47,      72.65,       0.00,    10954.9,       1.41,       1.89
    0,    27,     5,      86.20,      73.64,       0.00,     7615.6,       1.42,       1.85
    0,    27,     6,     136.61,      74.74,       0.00,    16242.4,       1.39,       1.84
    0,    27,     7,     103.55,      78.23,       0.00,     7917.7,       1.43,       1.85
    0,    27,     8,      70.06,     111.02,       0.00,    12823.3,       1.40,       1.72
    0,    27,     9,     112.73,     130.97,       0.00,    14725.7,       1.47,       1.79
    0,    27,    10,      95.20,     137.98,       0.00,     6359.2,       1.39,       1.63
    0,    27,    11,     101.87,     163.78,       0.00,     7313.8,       1.44,       1.77
    0,    28,     1,       9.18,      14.60,       0.00,     3471.9,       1.33,       1.64
    0,    28,     2,      29.33,      30.90,       0.00,    21377.8,       1.54,       1.83
    0,    28,     3,      68.46,      72.58,       0.00,    10912.2,       1.43,       1.87
    0,    28,     4,      43.88,      72.90,       0.00,     8922.5,       1.38,       1.73
    0,    28,     5,      86.18,      73.66,       0.00,     7836.1,       1.45,       1.84
    0,    28,     6,     136.65,      74.72,       0.00,    16095.7,       1.39,       1.84
    0,    28,     7,     103.57,      78.22,       0.00,     8382.2,       1.42,       1.94
    0,    28,     8,      70.08,     111.01,       0.00,    12274.2,       1.36,       1.71
    0,    28,     9,     112.73,     130.97,       0.00,    15151.6,       1.50,       1.81
    0,    28,    10,      95.16,     137.99,       0.00,     6269.4,       1.37,       1.62
    0,    28,    11,     101.94,     163.80,       0.00,     7501.7,       1.43,       1.77
    0,    29,     1,       9.11,      14.53,       0.00,     3628.2,       1.33,       1.78
    0,    29,     2,      29.33,      30.87,       0.00,    20360.2,       1.53,       1.77
    0,    29,     3,      68.47,      72.63,       0.00,    10621.0,       1.43,       1.73
    0,    29,     4,      43.86,      72.86,       0.00,     9140.7,       1.39,       1.86
    0,    29,     5,      86.17,      73.66,       0.00,     7641.0,       1.39,       1.81
    0,    29,     6,     136.63,      74.74,       0.00,    16488.8,       1.41,       1.86
    0,    29,     7,     103.56,      78.32,       0.00,     8130.0,       1.37,       1.90
    0,    29,     8,      70.06,     111.00,       0.00,    12266.9,       1.36,       1.71
    0,    29,     9,     112.72,     130.96,       0.00,    14710.4,       1.45,       1.77
    0,    29,    10,      95.13,     137.97,       0.00,     6613.9,       1.40,       1.74
    0,    29,    11,     101.88,     163.80,       0.00,     7317.1,       1.44,       1.72
    0,    30,     1,       9.08,      14.53,       0.00,     3536.6,       1.39,       1.77
    0,    30,     2,      29.35,      30.88,       0.00,    20875.2,       1.52,       1.82
    0,    30,     3,      68.46,      72.66,       0.00,    10789.2,       1.43,       1.82
    0,    30,     4,      43.82,      72.85,       0.00,     8946.7,       1.41,       1.76
    0,    30,     5,      86.20,      73.68,       0.00,     7612.4,       1.39,       1.77
    0,    30,     6,     136.59,      74.75,       0.00,    16620.8,       1.44,       1.89
    0,    30,     7,     103.57,      78.29,       0.00,     7897.9,       1.44,       1.92
    0,    30,     8,      70.07,     111.02,       0.00,    12701.8,       1.42,       1.74
    0,    30,     9,     112.69,     130.99,       0.00,    14955.3,       1.49,       1.80
    0,    30,    10,      95.16,     138.02,       0.00,     6620.7,       1.47,       1.65
    0,    30,    11,     101.90,     163.79,       0.00,     7365.2,       1.45,       1.75
    0,    31,     1,       9.11,      14.53,       0.00,     3522.2,       1.32,       1.78
    0,    31,     2,      29.32,      30.89,       0.00,    20505.3,       1.53,       1.78
    0,    31,     3,      43.81,      72.89,       0.00,     9075.2,       1.38,       1.79
    0,    31,     4,      68.48,      72.65,       0.00,    10735.8,       1.44,       1.86
    0,    31,     5,      86.22,      73.72,       0.00,     7721.3,       1.37,       1.82
    0,    31,     6,     136.64,      74.74,       0.00,    16390.3,       1.38,       1.86
    0,    31,     7,     103.53,      78.32,       0.00,     7612.6,       1.43,       1.91
    0,    31,     8,      70.10,     111.02,       0.00,    12000.2,       1.36,       1.71
    0,    31,     9,     112.72,     130.95,       0.00,    14653.7,       1.46,       1.75
    0,    31,    10,      95.17,     137.98,       0.00,     6665.0,       1.40,       1.70
    0,    31,    11,     101.88,     163.79,       0.00,     7488.6,       1.46,       1.81
    0,    32,     1,       9.12,      14.65,       0.00,     3683.2,       1.33,       1.81
    0,    32,     2,      29.35,      30.87,       0.00,    20204.5,       1.50,       1.78
    0,    32,     3,      68.46,      72.66,       0.00,    10528.8,       1.40,       1.86
    0,    32,     4,      43.86,      72.87,       0.00,     8946.1,       1.44,       1.77
    0,    32,     5,      86.21,      73.73,       0.00,     7530.6,       1.40,       1.77
    0,    32,     6,     136.63,      74.78,       0.00,    16745.5,       1.43,       1.89
    0,    32,     7,     103.53,      78.32,       0.00,     7499.3,       1.40,       1.86
    0,    32,     8,      70.04,     111.04,       0.00,    12702.1,       1.38,       1.75
    0,    32,     9,     112.71,     130.99,       0.00,    14389.7,       1.50,       1.82
    0,    32,    10,      95.14,     138.04,       0.00,     6382.3,       1.41,       1.63
    0,    32,    11,     101.94,     163.83,       0.00,     7403.7,       1.47,       1.72
    0,    33,     1,       9.06,      14.51,       0.00,     3603.4,       1.31,       1.74
    0,    33,     2,      29.34,      30.88,       0.00,    20753.2,       1.55,       1.78
    0,    33,     3,      68.47,      72.65,       0.00,    10657.9,       1.43,       1.84
    0,    33,     4,      43.85,      72.91,       0.00,     8971.7,       1.40,       1.80
    0,    33,     5,      86.16,      73.64,       0.00,     7275.5,       1.34,       1.77
    0,    33,     6,     136.63,      74.77,       0.00,    16496.9,       1.41,       1.82
    0,    33,     7,     103.52,      78.31,       0.00,     7087.5,       1.42,       1.87
    0,    33,     8,      70.05,     111.05,       0.00,    12592.8,       1.41,       1.69
    0,    33,     9,     112.71,     131.00,       0.00,    14093.1,       1.51,       1.77
    0,    33,    10,      95.13,     137.96,       0.00,     6583.2,       1.45,       1.63
    0,    33,    11,     101.88,     163.83,       0.00,     7381.5,       1.45,       1.76
    0,    34,     1,       9.07,      14.54,       0.00,     3371.4,       1.34,       1.66
    0,    34,     2,      29.33,      30.88,       0.00,    20758.2,       1.54,       1.78
    0,    34,     3,      43.87,      72.88,       0.00,     8846.3,       1.41,       1.74
    0,    34,     4,      68.48,      72.66,       0.00,    10193.3,       1.39,       1.79
    0,    34,     5,      86.20,      73.71,       0.00,     7411.4,       1.43,       1.73
    0,    34,     6,     136.60,      74.74,       0.00,    16539.5,       1.42,       1.85
    0,    34,     7,     103.50,      78.32,       0.00,     7639.7,       1.43,       1.89
    0,    34,     8,      70.05,     111.03,       0.00,    12821.5,       1.41,       1.71
    0,    34,     9,     112.72,     130.99,       0.00,    14080.2,       1.48,       1.79
    0,    34,    10,      95.12,     138.00,       0.00,     6459.2,       1.44,       1.64
    0,    34,    11,     101.93,     163.86,       0.00,     7155.6,       1.47,       1.71
    0,    35,     1,       9.05,      14.54,       0.00,     3718.7,       1.34,       1.84
    0,    35,     2,      29.35,      30.89,       0.00,    20700.1,       1.53,       1.77
    0,    35,     3,      43.85,      72.88,       0.00,     8869.3,       1.40,       1.75
    0,    35,     4,      68.45,      72.64,       0.00,    10636.0,       1.42,       1.85
    0,    35,     5,      86.18,      73.66,       0.00,     7353.0,       1.39,       1.75
    0,    35,     6,     136.63,      74.75,       0.00,    16325.7,       1.42,       1.85
    0,    35,     7,     103.53,      78.34,       0.00,     7493.9,       1.38,       1.84
    0,    35,     8,      70.05,     111.04,       0.00,    12856.7,       1.39,       1.74
    0,    35,     9,     112.70,     130.98,       0.00,    14068.9,       1.46,       1.76
    0,    35,    10,      95.17,     138.01,       0.00,     6476.0,       1.38,       1.66
    0,    35,    11,     101.92,     163.83,       0.00,     7420.1,       1.46,       1.76
    0,    36,     1,       9.17,      14.58,       0.00,     3457.0,       1.34,       1.78
    0,    36,     2,      29.33,      30.88,       0.00,    20707.1,       1.55,       1.75
    0,    36,     3,      43.89,      72.85,       0.00,     9192.2,       1.41,       1.79
    0,    36,     4,      68.44,      72.66,       0.00,    10370.0,       1.42,       1.77
    0,    36,     5,      86.22,      73.68,       0.00,     7657.9,       1.41,       1.75
    0,    36,     6,     136.61,      74.73,       0.00,    16209.6,       1.41,       1.84
    0,    36,     7,     103.54,      78.30,       0.00,     7745.4,       1.45,       1.87
    0,    36,     8,      70.05,     111.05,       0.00,    12338.8,       1.44,       1.69
    0,    36,     9,     112.70,     130.98,       0.00,    13749.9,       1.46,       1.78
    0,    36,    10,      95.12,     138.02,       0.00,     6468.8,       1.39,       1.68
    0,    36,    11,     101.88,     163.86,       0.00,     7583.7,       1.45,       1.73
    0,    37,     1,       9.11,      14.53,       0.00,     3598.0,       1.34,       1.89
    0,    37,     2,      29.35,      30.87,       0.00,    20555.9,       1.52,       1.79
    0,    37,     3,      68.46,      72.62,       0.00,    10414.0,       1.39,       1.80
    0,    37,     4,      43.83,      72.92,       0.00,     9107.5,       1.38,       1.83
    0,    37,     5,      86.19,      73.71,       0.00,     8039.5,       1.40,       1.78
    0,    37,     6,     136.61,      74.77,       0.00,    16306.9,       1.40,       1.84
    0,    37,     7,     103.51,      78.29,       0.00,     7212.1,       1.44,       1.90
    0,    37,     8,      70.06,     111.04,       0.00,    12678.0,       1.40,       1.74
    0,    37,     9,     112.71,     130.97,       0.00,    14374.4,       1.46,       1.76
    0,    37,    10,      95.20,     137.97,       0.00,     6601.7,       1.44,       1.65
    0,    37,    11,     101.91,     163.83,       0.00,     7353.4,       1.42,       1.79
    0,    38,     1,       9.14,      14.50,       0.00,     3381.6,       1.26,       1.75
    0,    38,     2,      29.31,      30.91,       0.00,    20612.4,       1.54,       1.77
    0,    38,     3,      43.86,      72.90,       0.00,     9139.1,       1.42,       1.81
    0,    38,     4,      68.47,      72.62,       0.00,    10534.2,       1.39,       1.75
    0,    38,     5,      86.27,      73.70,       0.00,     8217.9,       1.43,       1.75
    0,    38,     6,     136.61,      74.76,       0.00,    16134.3,       1.40,       1.85
    0,    38,     7,     103.57,      78.31,       0.00,     6859.9,       1.47,       1.86
    0,    38,     8,      70.05,     111.05,       0.00,    12429.6,       1.40,       1.70
    0,    38,     9,     112.69,     130.99,       0.00,    14262.1,       1.49,       1.71
    0,    38,    10,      95.19,     137.97,       0.00,     6683.9,       1.45,       1.72
    0,    38,    11,     101.86,     163.83,       0.00,     7065.7,       1.41,       1.70
    0,    39,     1,       9.12,      14.55,       0.00,     3617.4,       1.34,       1.75
    0,    39,     2,      29.34,      30.87,       0.00,    20914.7,       1.56,       1.79
    0,    39,     3,      43.85,      72.84,       0.00,     8958.5,       1.43,       1.78
    0,    39,     4,      68.47,      72.67,       0.00,    10797.9,       1.44,       1.80
    0,    39,     5,      86.22,      73.75,       0.00,     8212.1,       1.38,       1.74
    0,    39,     6,     136.60,      74.78,       0.00,    16221.5,       1.41,       1.84
    0,    39,     7,     103.50,      78.37,       0.00,     6938.7,       1.49,       1.94
    0,    39,     8,      70.05,     111.05,       0.00,    12888.3,       1.45,       1.70
    0,    39,     9,     112.66,     130.96,       0.00,    14481.8,       1.48,       1.78
    0,    39,    10,      95.16,     138.03,       0.00,     6556.6,       1.43,       1.67
    0,    39,    11,     101.92,     163.79,       0.00,     7415.8,       1.55,       1.70
    0,    40,     1,       9.07,      14.52,       0.00,     3475.2,       1.36,       1.79
    0,    40,     2,      29.34,      30.89,       0.00,    20506.7,       1.55,       1.76
    0,    40,     3,      43.88,      72.88,       0.00,     9165.6,       1.45,       1.75
    0,    40,     4,      68.49,      72.64,       0.00,    10572.8,       1.43,       1.87
    0,    40,     5,      86.18,      73.72,       0.00,     8298.7,       1.44,       1.73
    0,    40,     6,     136.59,      74.75,       0.00,    15987.8,       1.42,       1.80
    0,    40,     7,     103.52,      78.29,       0.00,     6843.4,       1.40,       1.91
    0,    40,     8,      70.08,     111.04,       0.00,    12566.0,       1.40,       1.68
    0,    40,     9,     112.65,     131.00,       0.00,    14774.8,       1.52,       1.79
    0,    40,    10,      95.12,     138.02,       0.00,     6595.2,       1.42,       1.62
    0,    40,    11,     101.86,     163.80,       0.00,     7260.7,       1.49,       1.71
