#stackID(UINT32), frameID(UINT32), eventID(UINT32), x0(float), y0(float), z0(float), photon_count0(float), sigmaX0(float), sigmaY0(float) 
    0,     0,     1,       9.10,      14.30,       0.00,     6125.9,       1.21,       2.27
    0,     0,     2,      29.37,      30.75,       0.00,    31652.3,       1.54,       2.49
    0,     0,     3,      68.46,      72.54,       0.00,    14050.0,       1.29,       2.20
    0,     0,     4,      43.86,      72.76,       0.00,    11341.1,       1.31,       2.24
    0,     0,     5,      86.21,      73.45,       0.00,    11819.5,       1.29,       2.14
    0,     0,     6,     136.62,      74.57,       0.00,    20388.0,       1.31,       2.33
    0,     0,     7,     103.64,      78.13,       0.00,    10639.4,       1.34,       2.30
    0,     0,     8,      70.08,     110.93,       0.00,    18642.6,       1.31,       2.19
    0,     0,     9,     112.77,     130.90,       0.00,    22402.4,       1.38,       2.27
    0,     0,    10,      95.10,     137.90,       0.00,     8412.7,       1.27,       2.10
    0,     0,    11,     101.92,     163.68,       0.00,    11429.9,       1.28,       2.14
    0,     1,     1,       9.14,      14.38,       0.00,     5976.5,       1.23,       2.17
    0,     1,     2,      29.36,      30.77,       0.00,    31260.5,       1.54,       2.48
    0,     1,     3,      43.85,      72.79,       0.00,    10865.4,       1.29,       2.20
    0,     1,     4,      68.45,      72.62,       0.00,    14149.1,       1.34,       2.27
    0,     1,     5,      86.20,      73.48,       0.00,    11652.3,       1.30,       2.18
    0,     1,     6,     136.63,      74.57,       0.00,    20046.9,       1.31,       2.34
    0,     1,     7,     103.65,      78.15,       0.00,    10769.6,       1.30,       2.25
    0,     1,     8,      70.07,     110.94,       0.00,    18089.4,       1.31,       2.18
    0,     1,     9,     112.73,     130.91,       0.00,    21492.8,       1.37,       2.25
    0,     1,    10,      95.13,     137.96,       0.00,     8380.1,       1.28,       2.09
    0,     1,    11,     101.92,     163.67,       0.00,    11544.8,       1.33,       2.17
    0,     2,     1,       9.13,      14.40,       0.00,     5896.5,       1.25,       2.27
    0,     2,     2,      29.35,      30.80,       0.00,    30949.6,       1.53,       2.46
    0,     2,     3,      43.89,      72.82,       0.00,    10882.5,       1.35,       2.29
    0,     2,     4,      68.44,      72.63,       0.00,    14426.6,       1.33,       2.24
    0,     2,     5,      86.20,      73.54,       0.00,    11380.4,       1.27,       2.13
    0,     2,     6,     136.62,      74.53,       0.00,    19659.6,       1.30,       2.32
    0,     2,     7,     103.62,      78.16,       0.00,    11005.4,       1.31,       2.33
    0,     2,     8,      70.09,     110.88,       0.00,    17639.3,       1.30,       2.15
    0,     2,     9,     112.77,     130.93,       0.00,    21827.3,       1.35,       2.27
    0,     2,    10,      95.12,     137.89,       0.00,     8512.5,       1.26,       2.05
    0,     2,    11,     101.92,     163.71,       0.00,    11212.1,       1.28,       2.21
    0,     3,     1,       9.13,      14.34,       0.00,     5680.2,       1.23,       2.24
    0,     3,     2,      29.35,      30.77,       0.00,    31194.3,       1.55,       2.44
    0,     3,     3,      68.43,      72.59,       0.00,    14046.1,       1.32,       2.23
    0,     3,     4,      43.85,      72.80,       0.00,    10420.2,       1.27,       2.20
    0,     3,     5,      86.20,      73.44,       0.00,    11297.9,       1.25,       2.14
    0,     3,     6,     136.63,      74.55,       0.00,    19743.5,       1.30,       2.32
    0,     3,     7,     103.61,      78.15,       0.00,    10464.7,       1.31,       2.29
    0,     3,     8,      70.11,     110.98,       0.00,    18137.1,       1.32,       2.22
    0,     3,     9,     112.73,     130.94,       0.00,    21446.4,       1.35,       2.27
    0,     3,    10,      95.13,     137.93,       0.00,     8375.8,       1.30,       2.11
    0,     3,    11,     101.95,     163.69,       0.00,    11317.7,       1.33,       2.12
    0,     4,     1,       9.11,      14.39,       0.00,     5590.6,       1.20,       2.18
    0,     4,     2,      29.35,      30.76,       0.00,    30570.0,       1.52,       2.46
    0,     4,     3,      43.82,      72.77,       0.00,    10443.4,       1.28,       2.24
    0,     4,     4,      68.43,      72.62,       0.00,    14012.5,       1.30,       2.25
    0,     4,     5,      86.16,      73.49,       0.00,    11454.6,       1.28,       2.17
    0,     4,     6,     136.64,      74.60,       0.00,    19159.4,       1.31,       2.30
    0,     4,     7,     103.63,      78.15,       0.00,    10469.9,       1.32,       2.30
    0,     4,     8,      70.08,     110.97,       0.00,    17438.8,       1.32,       2.16
    0,     4,     9,     112.76,     130.90,       0.00,    21205.5,       1.37,       2.22
    0,     4,    10,      95.08,     138.00,       0.00,     8564.1,       1.33,       2.12
    0,     4,    11,     101.91,     163.69,       0.00,    11021.0,       1.30,       2.10
    0,     5,     1,       9.10,      14.38,       0.00,     5782.0,       1.28,       2.24
    0,     5,     2,      29.35,      30.79,       0.00,    31059.9,       1.53,       2.47
    0,     5,     3,      68.47,      72.64,       0.00,    13385.7,       1.31,       2.25
    0,     5,     4,      43.89,      72.77,       0.00,    10531.2,       1.28,       2.22
    0,     5,     5,      86.20,      73.45,       0.00,    11339.7,       1.28,       2.11
    0,     5,     6,     136.64,      74.59,       0.00,    19712.7,       1.30,       2.36
    0,     5,     7,     103.62,      78.18,       0.00,    10411.1,       1.30,       2.23
    0,     5,     8,      70.06,     110.95,       0.00,    17872.2,       1.30,       2.21
    0,     5,     9,     112.75,     130.95,       0.00,    21534.1,       1.36,       2.26
    0,     5,    10,      95.09,     137.95,       0.00,     8410.1,       1.33,       2.14
    0,     5,    11,     101.90,     163.65,       0.00,    10959.0,       1.30,       2.13
    0,     6,     1,       9.07,      14.41,       0.00,     5670.9,       1.22,       2.21
    0,     6,     2,      29.36,      30.80,       0.00,    31255.4,       1.55,       2.46
    0,     6,     3,      43.85,      72.81,       0.00,    10811.8,       1.30,       2.27
    0,     6,     4,      68.44,      72.62,       0.00,    13751.8,       1.32,       2.21
    0,     6,     5,      86.20,      73.49,       0.00,    11404.1,       1.30,       2.14
    0,     6,     6,     136.62,      74.63,       0.00,    19856.3,       1.32,       2.34
    0,     6,     7,     103.64,      78.19,       0.00,    10752.6,       1.30,       2.28
    0,     6,     8,      70.10,     110.93,       0.00,    17392.6,       1.28,       2.20
    0,     6,     9,     112.76,     130.95,       0.00,    21673.4,       1.38,       2.26
    0,     6,    10,      95.11,     137.93,       0.00,     8722.7,       1.33,       2.13
    0,     6,    11,     101.92,     163.70,       0.00,    10914.7,       1.33,       2.16
    0,     7,     1,       9.10,      14.34,       0.00,     5601.9,       1.24,       2.17
    0,     7,     2,      29.34,      30.77,       0.00,    30062.3,       1.53,       2.42
    0,     7,     3,      43.85,      72.75,       0.00,    10705.8,       1.26,       2.25
    0,     7,     4,      68.47,      72.58,       0.00,    13015.7,       1.33,       2.19
    0,     7,     5,      86.21,      73.55,       0.00,    11496.5,       1.29,       2.19
    0,     7,     6,     136.64,      74.59,       0.00,    19313.0,       1.27,       2.33
    0,     7,     7,     103.64,      78.18,       0.00,    10813.0,       1.31,       2.32
    0,     7,     8,      70.08,     110.97,       0.00,    16881.7,       1.31,       2.18
    0,     7,     9,     112.74,     130.97,       0.00,    22043.3,       1.39,       2.28
    0,     7,    10,      95.14,     137.91,       0.00,     8965.1,       1.28,       2.09
    0,     7,    11,     101.92,     163.74,       0.00,    11103.1,       1.34,       2.20
    0,     8,     1,       9.09,      14.33,       0.00,     5802.7,       1.28,       2.26
    0,     8,     2,      29.35,      30.78,       0.00,    30400.1,       1.53,       2.45
    0,     8,     3,      68.45,      72.59,       0.00,    13042.7,       1.31,       2.22
    0,     8,     4,      43.87,      72.79,       0.00,    10670.6,       1.29,       2.21
    0,     8,     5,      86.15,      73.54,       0.00,    11711.7,       1.28,       2.15
    0,     8,     6,     136.61,      74.61,       0.00,    19477.9,       1.29,       2.35
    0,     8,     7,     103.63,      78.15,       0.00,    10369.9,       1.26,       2.29
    0,     8,     8,      70.10,     110.99,       0.00,    16347.4,       1.30,       2.16
    0,     8,     9,     112.73,     130.93,       0.00,    21420.6,       1.37,       2.20
    0,     8,    10,      95.09,     137.93,       0.00,     8280.1,       1.31,       2.04
    0,     8,    11,     101.92,     163.64,       0.00,    11072.3,       1.30,       2.15
    0,     9,     1,       9.13,      14.37,       0.00,     5687.7,       1.22,       2.17
    0,     9,     2,      29.33,      30.79,       0.00,    30411.5,       1.54,       2.43
    0,     9,     3,      43.84,      72.82,       0.00,    10851.1,       1.28,       2.19
    0,     9,     4,      68.44,      72.64,       0.00,    12691.6,       1.29,       2.22
    0,     9,     5,      86.21,      73.52,       0.00,    11475.7,       1.28,       2.13
    0,     9,     6,     136.64,      74.61,       0.00,    19238.0,       1.30,       2.29
    0,     9,     7,     103.62,      78.22,       0.00,    11053.0,       1.36,       2.33
    0,     9,     8,      70.10,     110.99,       0.00,    16277.6,       1.30,       2.18
    0,     9,     9,     112.73,     130.92,       0.00,    21476.5,       1.37,       2.24
    0,     9,    10,      95.07,     137.95,       0.00,     8363.7,       1.31,       2.02
    0,     9,    11,     101.90,     163.65,       0.00,    10931.2,       1.34,       2.14
    0,    10,     1,       9.13,      14.39,       0.00,     5614.4,       1.19,       2.17
    0,    10,     2,      29.33,      30.78,       0.00,    30453.4,       1.54,       2.43
    0,    10,     3,      43.86,      72.75,       0.00,    10534.7,       1.27,       2.23
    0,    10,     4,      68.45,      72.66,       0.00,    12319.7,       1.31,       2.18
    0,    10,     5,      86.20,      73.48,       0.00,    11399.4,       1.30,       2.19
    0,    10,     6,     136.64,      74.56,       0.00,    18821.2,       1.30,       2.31
    0,    10,     7,     103.62,      78.17,       0.00,    10706.2,       1.31,       2.28
    0,    10,     8,      70.11,     110.94,       0.00,    16202.3,       1.31,       2.15
    0,    10,     9,     112.75,     130.93,       0.00,    22116.0,       1.37,       2.28
    0,    10,    10,      95.12,     137.94,       0.00,     8613.1,       1.28,       2.05
    0,    10,    11,     101.94,     163.69,       0.00,    10920.3,       1.30,       2.13
    0,    11,     1,       9.09,      14.39,       0.00,     5765.6,       1.25,       2.13
    0,    11,     2,      29.34,      30.78,       0.00,    29861.0,       1.53,       2.40
    0,    11,     3,      43.82,      72.82,       0.00,    10247.4,       1.27,       2.19
    0,    11,     4,      68.45,      72.64,       0.00,    12512.5,       1.34,       2.16
    0,    11,     5,      86.21,      73.53,       0.00,    11297.3,       1.31,       2.08
    0,    11,     6,     136.61,      74.57,       0.00,    19473.8,       1.31,       2.31
    0,    11,     7,     103.64,      78.18,       0.00,    10798.4,       1.33,       2.23
    0,    11,     8,      70.10,     110.96,       0.00,    15591.7,       1.31,       2.12
    0,    11,     9,     112.73,     130.94,       0.00,    21624.2,       1.40,       2.25
    0,    11,    10,      95.11,     137.92,       0.00,     8383.6,       1.32,       2.05
    0,    11,    11,     101.94,     163.71,       0.00,    10857.1,       1.30,       2.10
    0,    12,     1,       9.12,      14.39,       0.00,     5703.0,       1.23,       2.23
    0,    12,     2,      29.34,      30.78,       0.00,    30115.4,       1.54,       2.40
    0,    12,     3,      68.41,      72.66,       0.00,    12352.2,       1.31,       2.22
    0,    12,     4,      43.86,      72.81,       0.00,    10017.1,       1.30,       2.18
    0,    12,     5,      86.21,      73.54,       0.00,    11622.2,       1.29,       2.13
    0,    12,     6,     136.62,      74.59,       0.00,    18560.9,       1.29,       2.24
    0,    12,     7,     103.63,      78.20,       0.00,    10283.6,       1.33,       2.29
    0,    12,     8,      70.10,     110.97,       0.00,    15708.8,       1.29,       2.12
    0,    12,     9,     112.73,     130.95,       0.00,    21492.4,       1.40,       2.22
    0,    12,    10,      95.09,     137.97,       0.00,     8315.3,       1.25,       2.07
    0,    12,    11,     101.91,     163.67,       0.00,    10849.5,       1.33,       2.12
    0,    13,     1,       9.12,      14.36,       0.00,     5584.3,       1.25,       2.13
    0,    13,     2,      29.33,      30.76,       0.00,    29363.2,       1.52,       2.38
    0,    13,     3,      43.85,      72.78,       0.00,    10203.2,       1.31,       2.16
    0,    13,     4,      68.44,      72.63,       0.00,    11882.7,       1.27,       2.10
    0,    13,     5,      86.20,      73.51,       0.00,    11441.8,       1.31,       2.12
    0,    13,     6,     136.61,      74.57,       0.00,    18546.2,       1.31,       2.26
    0,    13,     7,     103.63,      78.18,       0.00,    10542.4,       1.33,       2.26
    0,    13,     8,      70.10,     110.97,       0.00,    15828.3,       1.32,       2.17
    0,    13,     9,     112.73,     130.92,       0.00,    21750.2,       1.38,       2.25
    0,    13,    10,      95.04,     137.98,       0.00,     8292.7,       1.33,       2.09
    0,    13,    11,     101.93,     163.68,       0.00,    10552.9,       1.31,       2.03
    0,    14,     1,       9.11,      14.38,       0.00,     5449.0,       1.18,       2.11
    0,    14,     2,      29.34,      30.83,       0.00,    29325.2,       1.52,       2.38
    0,    14,     3,      43.83,      72.78,       0.00,    10095.2,       1.30,       2.19
    0,    14,     4,      68.43,      72.63,       0.00,    12103.3,       1.30,       2.18
    0,    14,     5,      86.17,      73.57,       0.00,    11314.5,       1.28,       2.14
    0,    14,     6,     136.59,      74.60,       0.00,    18851.5,       1.30,       2.27
    0,    14,     7,     103.63,      78.19,       0.00,    10374.0,       1.35,       2.25
    0,    14,     8,      70.08,     110.96,       0.00,    15478.4,       1.30,       2.15
    0,    14,     9,     112.73,     130.94,       0.00,    21372.0,       1.39,       2.22
    0,    14,    10,      95.10,     138.02,       0.00,     7855.4,       1.27,       2.03
    0,    14,    11,     101.92,     163.75,       0.00,    11158.4,       1.32,       2.11
    0,    15,     1,       9.14,      14.41,       0.00,     5806.7,       1.25,       2.16
    0,    15,     2,      29.34,      30.81,       0.00,    29278.9,       1.51,       2.40
    0,    15,     3,      68.42,      72.68,       0.00,    12120.1,       1.34,       2.16
    0,    15,     4,      43.86,      72.77,       0.00,    10251.1,       1.31,       2.13
    0,    15,     5,      86.20,      73.52,       0.00,    11200.7,       1.32,       2.11
    0,    15,     6,     136.60,      74.59,       0.00,    18326.2,       1.29,       2.26
    0,    15,     7,     103.60,      78.15,       0.00,    10692.2,       1.32,       2.29
    0,    15,     8,      70.06,     110.92,       0.00,    15481.7,       1.30,       2.12
    0,    15,     9,     112.72,     130.94,       0.00,    21220.0,       1.38,       2.22
    0,    15,    10,      95.09,     138.07,       0.00,     8201.2,       1.32,       2.06
    0,    15,    11,     101.88,     163.75,       0.00,    10977.0,       1.30,       2.15
    0,    16,     1,       9.13,      14.40,       0.00,     5662.8,       1.25,       2.13
    0,    16,     2,      29.32,      30.80,       0.00,    29373.8,       1.54,       2.36
    0,    16,     3,      43.87,      72.78,       0.00,    10584.7,       1.30,       2.18
    0,    16,     4,      68.43,      72.67,       0.00,    12783.7,       1.36,       2.22
    0,    16,     5,      86.18,      73.53,       0.00,    11354.0,       1.29,       2.16
    0,    16,     6,     136.60,      74.60,       0.00,    18825.4,       1.30,       2.29
    0,    16,     7,     103.60,      78.23,       0.00,    10112.7,       1.33,       2.24
    0,    16,     8,      70.09,     110.93,       0.00,    15807.2,       1.31,       2.11
    0,    16,     9,     112.72,     130.95,       0.00,    21797.1,       1.40,       2.20
    0,    16,    10,      95.06,     137.96,       0.00,     8130.9,       1.32,       2.05
    0,    16,    11,     101.91,     163.71,       0.00,    10870.7,       1.31,       2.15
    0,    17,     1,       9.12,      14.40,       0.00,     5825.2,       1.27,       2.21
    0,    17,     2,      29.33,      30.80,       0.00,    29649.5,       1.53,       2.38
    0,    17,     3,      68.43,      72.64,       0.00,    12300.0,       1.32,       2.21
    0,    17,     4,      43.86,      72.81,       0.00,    10394.2,       1.31,       2.16
    0,    17,     5,      86.17,      73.52,       0.00,    11288.7,       1.28,       2.09
    0,    17,     6,     136.63,      74.58,       0.00,    18724.9,       1.31,       2.30
    0,    17,     7,     103.60,      78.18,       0.00,    10645.5,       1.30,       2.21
    0,    17,     8,      70.10,     110.96,       0.00,    15711.7,       1.30,       2.16
    0,    17,     9,     112.73,     130.91,       0.00,    21194.9,       1.39,       2.20
    0,    17,    10,      95.07,     137.94,       0.00,     8039.0,       1.30,       2.05
    0,    17,    11,     101.90,     163.67,       0.00,    10985.5,       1.33,       2.11
    0,    18,     1,       9.07,      14.37,       0.00,     5538.4,       1.20,       2.14
    0,    18,     2,      29.31,      30.82,       0.00,    29670.6,       1.55,       2.37
    0,    18,     3,      43.81,      72.80,       0.00,    10413.3,       1.30,       2.19
    0,    18,     4,      68.41,      72.66,       0.00,    12660.6,       1.34,       2.16
    0,    18,     5,      86.16,      73.49,       0.00,    11203.4,       1.33,       2.11
    0,    18,     6,     136.62,      74.59,       0.00,    18579.7,       1.30,       2.27
    0,    18,     7,     103.61,      78.19,       0.00,    10406.3,       1.31,       2.29
    0,    18,     8,      70.08,     110.99,       0.00,    15316.0,       1.28,       2.11
    0,    18,     9,     112.72,     130.89,       0.00,    21072.4,       1.38,       2.20
    0,    18,    10,      95.14,     138.00,       0.00,     8318.2,       1.31,       2.09
    0,    18,    11,     101.86,     163.70,       0.00,    10748.9,       1.31,       2.10
    0,    19,     1,       9.14,      14.41,       0.00,     5543.2,       1.23,       2.17
    0,    19,     2,      29.31,      30.82,       0.00,    29093.8,       1.51,       2.36
    0,    19,     3,      68.45,      72.65,       0.00,    12787.9,       1.33,       2.22
    0,    19,     4,      43.86,      72.80,       0.00,    10576.4,       1.32,       2.20
    0,    19,     5,      86.20,      73.51,       0.00,    11044.5,       1.29,       2.10
    0,    19,     6,     136.59,      74.60,       0.00,    18572.9,       1.29,       2.26
    0,    19,     7,     103.61,      78.24,       0.00,    10037.0,       1.31,       2.25
    0,    19,     8,      70.10,     110.97,       0.00,    15518.0,       1.32,       2.12
    0,    19,     9,     112.72,     130.96,       0.00,    21028.1,       1.37,       2.19
    0,    19,    10,      95.08,     137.94,       0.00,     8143.3,       1.30,       2.06
    0,    19,    11,     101.90,     163.75,       0.00,    10776.3,       1.30,       2.07
    0,    20,     1,       9.12,      14.38,       0.00,     5324.2,       1.19,       2.13
    0,    20,     2,      29.32,      30.79,       0.00,    29174.4,       1.50,       2.39
    0,    20,     3,      68.43,      72.67,       0.00,    12864.8,       1.33,       2.17
    0,    20,     4,      43.84,      72.76,       0.00,    10484.9,       1.32,       2.12
    0,    20,     5,      86.16,      73.50,       0.00,    11090.5,       1.28,       2.09
    0,    20,     6,     136.62,      74.62,       0.00,    18625.2,       1.30,       2.30
    0,    20,     7,     103.59,      78.18,       0.00,    10325.6,       1.32,       2.21
    0,    20,     8,      70.11,     110.98,       0.00,    15414.7,       1.28,       2.16
    0,    20,     9,     112.72,     130.92,       0.00,    20795.6,       1.37,       2.21
    0,    20,    10,      95.08,     137.94,       0.00,     8549.4,       1.32,       2.05
    0,    20,    11,     101.89,     163.71,       0.00,    11029.7,       1.33,       2.13
    0,    21,     1,       9.10,      14.34,       0.00,     5706.8,       1.25,       2.19
    0,    21,     2,      29.31,      30.79,       0.00,    29891.2,       1.53,       2.40
    0,    21,     3,      43.85,      72.84,       0.00,    10542.7,       1.31,       2.16
    0,    21,     4,      68.45,      72.66,       0.00,    12248.6,       1.30,       2.14
    0,    21,     5,      86.17,      73.55,       0.00,    11369.7,       1.27,       2.15
    0,    21,     6,     136.61,      74.58,       0.00,    17851.5,       1.32,       2.28
    0,    21,     7,     103.64,      78.16,       0.00,    10106.8,       1.28,       2.26
    0,    21,     8,      70.12,     110.97,       0.00,    15741.9,       1.29,       2.16
    0,    21,     9,     112.72,     130.94,       0.00,    21583.3,       1.38,       2.24
    0,    21,    10,      95.11,     137.90,       0.00,     8275.2,       1.32,       2.02
    0,    21,    11,     101.90,     163.73,       0.00,    11004.8,       1.36,       2.20
    0,    22,     1,       9.13,      14.39,       0.00,     5744.8,       1.25,       2.21
    0,    22,     2,      29.32,      30.80,       0.00,    29490.4,       1.53,       2.38
    0,    22,     3,      43.86,      72.81,       0.00,    10740.0,       1.31,       2.18
    0,    22,     4,      68.44,      72.64,       0.00,    12090.6,       1.30,       2.12
    0,    22,     5,      86.18,      73.56,       0.00,    11252.6,       1.34,       2.15
    0,    22,     6,     136.64,      74.55,       0.00,    17290.4,       1.28,       2.24
    0,    22,     7,     103.61,      78.25,       0.00,    10748.3,       1.35,       2.31
    0,    22,     8,      70.09,     110.96,       0.00,    15380.0,       1.30,       2.13
    0,    22,     9,     112.72,     130.94,       0.00,    21305.1,       1.39,       2.19
    0,    22,    10,      95.08,     137.94,       0.00,     8177.5,       1.30,       2.05
    0,    22,    11,     101.90,     163.74,       0.00,    10903.5,       1.32,       2.14
    0,    23,     1,       9.07,      14.38,       0.00,     5632.0,       1.25,       2.09
    0,    23,     2,      29.33,      30.81,       0.00,    29031.0,       1.52,       2.35
    0,    23,     3,      68.42,      72.64,       0.00,    12594.4,       1.30,       2.15
    0,    23,     4,      43.85,      72.82,       0.00,    10782.3,       1.32,       2.16
    0,    23,     5,      86.19,      73.51,       0.00,    10930.4,       1.31,       2.11
    0,    23,     6,     136.62,      74.59,       0.00,    16762.5,       1.30,       2.19
    0,    23,     7,     103.62,      78.17,       0.00,    10349.5,       1.33,       2.28
    0,    23,     8,      70.08,     110.97,       0.00,    15278.4,       1.29,       2.16
    0,    23,     9,     112.72,     130.97,       0.00,    21449.3,       1.40,       2.19
    0,    23,    10,      95.10,     137.97,       0.00,     8493.6,       1.33,       2.02
    0,    23,    11,     101.90,     163.68,       0.00,    10949.2,       1.32,       2.10
    0,    24,     1,       9.11,      14.35,       0.00,     5647.5,       1.25,       2.22
    0,    24,     2,      29.32,      30.81,       0.00,    28982.3,       1.52,       2.37
    0,    24,     3,      43.82,      72.76,       0.00,    11165.7,       1.29,       2.20
    0,    24,     4,      68.43,      72.63,       0.00,    12794.4,       1.32,       2.20
    0,    24,     5,      86.20,      73.60,       0.00,    11066.5,       1.29,       2.13
    0,    24,     6,     136.63,      74.58,       0.00,    16838.1,       1.29,       2.23
    0,    24,     7,     103.62,      78.17,       0.00,    10102.9,       1.32,       2.22
    0,    24,     8,      70.10,     110.99,       0.00,    15219.4,       1.32,       2.13
    0,    24,     9,     112.73,     130.93,       0.00,    21244.6,       1.40,       2.24
    0,    24,    10,      95.14,     138.00,       0.00,     8974.3,       1.32,       2.06
    0,    24,    11,     101.91,     163.72,       0.00,    10666.7,       1.28,       2.11
    0,    25,     1,       9.10,      14.50,       0.00,     5576.8,       1.28,       2.20
    0,    25,     2,      29.31,      30.78,       0.00,    29069.0,       1.51,       2.36
    0,    25,     3,      43.84,      72.73,       0.00,    11337.4,       1.30,       2.22
    0,    25,     4,      68.45,      72.69,       0.00,    12573.9,       1.32,       2.19
    0,    25,     5,      86.19,      73.53,       0.00,    10933.4,       1.30,       2.11
    0,    25,     6,     136.64,      74.63,       0.00,    16936.7,       1.31,       2.27
    0,    25,     7,     103.58,      78.14,       0.00,    10806.3,       1.32,       2.26
    0,    25,     8,      70.08,     110.99,       0.00,    15236.2,       1.30,       2.17
    0,    25,     9,     112.73,     130.92,       0.00,    20866.1,       1.38,       2.21
    0,    25,    10,      95.13,     138.01,       0.00,     8834.2,       1.32,       2.11
    0,    25,    11,     101.88,     163.70,       0.00,    10792.0,       1.31,       2.15
    0,    26,     1,       9.08,      14.34,       0.00,     5555.4,       1.23,       2.16
    0,    26,     2,      29.31,      30.80,       0.00,    29482.1,       1.53,       2.37
    0,    26,     3,      43.85,      72.76,       0.00,    10535.2,       1.30,       2.19
    0,    26,     4,      68.40,      72.65,       0.00,    12813.2,       1.31,       2.18
    0,    26,     5,      86.18,      73.52,       0.00,    10851.6,       1.28,       2.06
    0,    26,     6,     136.61,      74.60,       0.00,    16665.9,       1.28,       2.22
    0,    26,     7,     103.63,      78.22,       0.00,    10409.5,       1.30,       2.29
    0,    26,     8,      70.12,     111.03,       0.00,    14895.0,       1.30,       2.13
    0,    26,     9,     112.72,     130.92,       0.00,    21207.3,       1.39,       2.19
    0,    26,    10,      95.10,     137.99,       0.00,     8746.8,       1.28,       2.03
    0,    26,    11,     101.91,     163.76,       0.00,    10959.7,       1.31,       2.11
    0,    27,     1,       9.06,      14.47,       0.00,     5513.9,       1.25,       2.16
    0,    27,     2,      29.32,      30.81,       0.00,    28648.8,       1.52,       2.35
    0,    27,     3,      43.86,      72.80,       0.00,    10383.5,       1.27,       2.20
    0,    27,     4,      68.46,      72.68,       0.00,    11812.9,       1.33,       2.15
    0,    27,     5,      86.16,      73.53,       0.00,    11072.8,       1.31,       2.08
    0,    27,     6,     136.61,      74.58,       0.00,    16831.5,       1.29,       2.29
    0,    27,     7,     103.60,      78.19,       0.00,    10819.5,       1.34,       2.26
    0,    27,     8,      70.12,     110.96,       0.00,    14527.4,       1.29,       2.15
    0,    27,     9,     112.74,     130.96,       0.00,    21041.3,       1.38,       2.21
    0,    27,    10,      95.10,     137.92,       0.00,     8755.4,       1.29,       2.10
    0,    27,    11,     101.91,     163.68,       0.00,    10624.3,       1.33,       2.10
    0,    28,     1,       9.07,      14.36,       0.00,     5515.0,       1.18,       2.20
    0,    28,     2,      29.32,      30.81,       0.00,    28584.1,       1.53,       2.35
    0,    28,     3,      43.86,      72.83,       0.00,    10431.0,       1.30,       2.25
    0,    28,     4,      68.43,      72.69,       0.00,    11903.0,       1.34,       2.21
    0,    28,     5,      86.15,      73.51,       0.00,    10708.4,       1.28,       2.10
    0,    28,     6,     136.61,      74.61,       0.00,    16457.4,       1.29,       2.23
    0,    28,     7,     103.59,      78.21,       0.00,    10469.4,       1.33,       2.21
    0,    28,     8,      70.12,     111.05,       0.00,    14405.0,       1.30,       2.15
    0,    28,     9,     112.72,     131.00,       0.00,    20947.8,       1.39,       2.21
    0,    28,    10,      95.10,     137.93,       0.00,     8663.2,       1.31,       2.03
    0,    28,    11,     101.89,     163.69,       0.00,    10716.4,       1.32,       2.10
    0,    29,     1,       9.13,      14.45,       0.00,     5611.6,       1.26,       2.15
    0,    29,     2,      29.31,      30.79,       0.00,    29047.5,       1.53,       2.36
    0,    29,     3,      68.45,      72.66,       0.00,    11986.5,       1.34,       2.18
    0,    29,     4,      43.84,      72.82,       0.00,    10400.6,       1.30,       2.18
    0,    29,     5,      86.20,      73.55,       0.00,    11241.1,       1.32,       2.16
    0,    29,     6,     136.61,      74.59,       0.00,    16389.0,       1.30,       2.23
    0,    29,     7,     103.62,      78.26,       0.00,    10313.5,       1.33,       2.19
    0,    29,     8,      70.12,     111.00,       0.00,    14832.1,       1.31,       2.14
    0,    29,     9,     112.71,     130.94,       0.00,    21133.5,       1.40,       2.15
    0,    29,    10,      95.13,     137.94,       0.00,     8663.5,       1.31,       2.03
    0,    29,    11,     101.87,     163.70,       0.00,    10562.4,       1.30,       2.04
    0,    30,     1,       9.11,      14.41,       0.00,     5653.0,       1.24,       2.13
    0,    30,     2,      29.32,      30.80,       0.00,    29001.0,       1.54,       2.35
    0,    30,     3,      68.48,      72.67,       0.00,    12152.4,       1.33,       2.20
    0,    30,     4,      43.85,      72.77,       0.00,    10209.6,       1.30,       2.13
    0,    30,     5,      86.20,      73.56,       0.00,    10808.7,       1.29,       2.13
    0,    30,     6,     136.62,      74.60,       0.00,    16856.1,       1.32,       2.23
    0,    30,     7,     103.61,      78.24,       0.00,    10721.1,       1.33,       2.20
    0,    30,     8,      70.08,     110.98,       0.00,    14635.8,       1.31,       2.12
    0,    30,     9,     112.72,     130.94,       0.00,    20783.5,       1.37,       2.21
    0,    30,    10,      95.10,     137.95,       0.00,     8658.2,       1.34,       2.09
    0,    30,    11,     101.88,     163.73,       0.00,    10573.3,       1.29,       2.08
    0,    31,     1,       9.09,      14.38,       0.00,     5599.8,       1.22,       2.16
    0,    31,     2,      29.31,      30.81,       0.00,    29153.9,       1.53,       2.36
    0,    31,     3,      68.45,      72.65,       0.00,    11720.4,       1.33,       2.09
    0,    31,     4,      43.84,      72.80,       0.00,    10406.9,       1.33,       2.26
    0,    31,     5,      86.20,      73.58,       0.00,    11695.0,       1.33,       2.11
    0,    31,     6,     136.63,      74.60,       0.00,    16820.5,       1.33,       2.26
    0,    31,     7,     103.61,      78.20,       0.00,    10715.2,       1.37,       2.25
    0,    31,     8,      70.08,     110.95,       0.00,    14311.3,       1.29,       2.04
    0,    31,     9,     112.69,     130.97,       0.00,    21040.0,       1.40,       2.23
    0,    31,    10,      95.10,     137.95,       0.00,     8344.1,       1.32,       2.04
    0,    31,    11,     101.90,     163.67,       0.00,    10719.3,       1.32,       2.07
    0,    32,     1,       9.11,      14.36,       0.00,     5411.2,       1.21,       2.15
    0,    32,     2,      29.29,      30.80,       0.00,    29355.4,       1.52,       2.37
    0,    32,     3,      68.46,      72.66,       0.00,    11973.4,       1.31,       2.14
    0,    32,     4,      43.86,      72.81,       0.00,    10466.9,       1.31,       2.16
    0,    32,     5,      86.20,      73.51,       0.00,    11096.3,       1.29,       2.08
    0,    32,     6,     136.60,      74.58,       0.00,    16439.7,       1.32,       2.22
    0,    32,     7,     103.62,      78.26,       0.00,    10766.6,       1.34,       2.16
    0,    32,     8,      70.09,     111.00,       0.00,    14334.9,       1.29,       2.08
    0,    32,     9,     112.74,     130.97,       0.00,    20410.3,       1.36,       2.20
    0,    32,    10,      95.07,     137.95,       0.00,     8357.0,       1.29,       2.09
    0,    32,    11,     101.87,     163.69,       0.00,    11000.6,       1.33,       2.10
    0,    33,     1,       9.10,      14.43,       0.00,     5582.9,       1.23,       2.15
    0,    33,     2,      29.30,      30.79,       0.00,    28427.3,       1.52,       2.32
    0,    33,     3,      43.83,      72.82,       0.00,    11054.0,       1.33,       2.18
    0,    33,     4,      68.48,      72.69,       0.00,    11996.0,       1.33,       2.12
    0,    33,     5,      86.22,      73.56,       0.00,    11379.9,       1.31,       2.09
    0,    33,     6,     136.58,      74.60,       0.00,    17302.7,       1.32,       2.21
    0,    33,     7,     103.62,      78.16,       0.00,    10729.1,       1.35,       2.19
    0,    33,     8,      70.09,     110.98,       0.00,    14394.7,       1.30,       2.07
    0,    33,     9,     112.72,     130.94,       0.00,    20999.4,       1.37,       2.21
    0,    33,    10,      95.11,     137.99,       0.00,     8536.9,       1.30,       2.03
    0,    33,    11,     101.90,     163.69,       0.00,    10785.8,       1.35,       2.17
    0,    34,     1,       9.10,      14.39,       0.00,     5445.1,       1.22,       2.07
    0,    34,     2,      29.31,      30.79,       0.00,    28743.6,       1.52,       2.36
    0,    34,     3,      43.82,      72.81,       0.00,    10798.9,       1.30,       2.20
    0,    34,     4,      68.46,      72.67,       0.00,    12343.6,       1.33,       2.18
    0,    34,     5,      86.18,      73.56,       0.00,    10667.1,       1.25,       1.99
    0,    34,     6,     136.60,      74.57,       0.00,    17283.9,       1.30,       2.20
    0,    34,     7,     103.63,      78.19,       0.00,    10646.0,       1.31,       2.27
    0,    34,     8,      70.09,     110.99,       0.00,    14679.9,       1.32,       2.15
    0,    34,     9,     112.72,     130.96,       0.00,    20562.7,       1.39,       2.19
    0,    34,    10,      95.12,     137.99,       0.00,     8040.4,       1.28,       1.99
    0,    34,    11,     101.93,     163.75,       0.00,    10890.1,       1.32,       2.11
    0,    35,     1,       9.08,      14.48,       0.00,     5833.1,       1.29,       2.14
    0,    35,     2,      29.30,      30.84,       0.00,    28522.8,       1.51,       2.35
    0,    35,     3,      68.42,      72.60,       0.00,    11516.6,       1.31,       2.13
    0,    35,     4,      43.82,      72.82,       0.00,    11016.3,       1.26,       2.17
    0,    35,     5,      86.19,      73.53,       0.00,    10761.5,       1.29,       2.08
    0,    35,     6,     136.60,      74.62,       0.00,    17374.3,       1.31,       2.21
    0,    35,     7,     103.61,      78.18,       0.00,    10568.9,       1.32,       2.26
    0,    35,     8,      70.10,     111.00,       0.00,    14227.1,       1.31,       2.06
    0,    35,     9,     112.68,     130.95,       0.00,    20953.0,       1.41,       2.18
    0,    35,    10,      95.12,     137.93,       0.00,     8068.6,       1.32,       2.00
    0,    35,    11,     101.91,     163.68,       0.00,    10801.6,       1.32,       2.09
    0,    36,     1,       9.03,      14.37,       0.00,     5673.3,       1.23,       2.15
    0,    36,     2,      29.30,      30.81,       0.00,    29360.3,       1.53,       2.37
    0,    36,     3,      43.86,      72.82,       0.00,    10859.1,       1.31,       2.19
    0,    36,     4,      68.43,      72.63,       0.00,    12219.2,       1.35,       2.17
    0,    36,     5,      86.16,      73.56,       0.00,    10824.6,       1.29,       2.06
    0,    36,     6,     136.58,      74.62,       0.00,    17562.4,       1.31,       2.24
    0,    36,     7,     103.62,      78.26,       0.00,    10588.9,       1.33,       2.27
    0,    36,     8,      70.11,     110.98,       0.00,    14513.3,       1.30,       2.13
    0,    36,     9,     112.70,     130.98,       0.00,    21431.6,       1.40,       2.18
    0,    36,    10,      95.08,     137.99,       0.00,     8096.6,       1.28,       2.01
    0,    36,    11,     101.91,     163.72,       0.00,    10843.1,       1.34,       2.07
    0,    37,     1,       9.10,      14.40,       0.00,     5645.4,       1.25,       2.17
    0,    37,     2,      29.32,      30.80,       0.00,    29453.7,       1.54,       2.36
    0,    37,     3,      68.45,      72.61,       0.00,    12327.7,       1.31,       2.18
    0,    37,     4,      43.85,      72.77,       0.00,    10744.9,       1.30,       2.21
    0,    37,     5,      86.17,      73.58,       0.00,    11388.4,       1.31,       2.15
    0,    37,     6,     136.59,      74.61,       0.00,    17229.9,       1.32,       2.20
    0,    37,     7,     103.64,      78.23,       0.00,    10365.5,       1.32,       2.24
    0,    37,     8,      70.08,     111.02,       0.00,    14211.9,       1.33,       2.11
    0,    37,     9,     112.71,     130.91,       0.00,    21002.7,       1.38,       2.16
    0,    37,    10,      95.07,     137.93,       0.00,     8156.2,       1.30,       2.06
    0,    37,    11,     101.90,     163.69,       0.00,    10665.8,       1.30,       2.10
    0,    38,     1,       9.08,      14.42,       0.00,     5484.4,       1.23,       2.05
    0,    38,     2,      29.32,      30.83,       0.00,    28964.2,       1.52,       2.37
    0,    38,     3,      43.81,      72.81,       0.00,    10998.2,       1.35,       2.17
    0,    38,     4,      68.44,      72.63,       0.00,    11842.3,       1.32,       2.11
    0,    38,     5,      86.19,      73.51,       0.00,    11044.4,       1.29,       2.04
    0,    38,     6,     136.57,      74.62,       0.00,    17357.5,       1.33,       2.20
    0,    38,     7,     103.60,      78.26,       0.00,    10032.0,       1.32,       2.18
    0,    38,     8,      70.12,     110.95,       0.00,    13995.7,       1.29,       2.12
    0,    38,     9,     112.71,     130.93,       0.00,    20109.3,       1.37,       2.17
    0,    38,    10,      95.07,     138.01,       0.00,     8116.6,       1.36,       1.98
    0,    38,    11,     101.91,     163.75,       0.00,    10586.4,       1.31,       2.08
    0,    39,     1,       9.10,      14.40,       0.00,     5637.0,       1.25,       2.16
    0,    39,     2,      29.29,      30.83,       0.00,    28406.7,       1.51,       2.34
    0,    39,     3,      68.46,      72.62,       0.00,    11906.4,       1.30,       2.20
    0,    39,     4,      43.85,      72.75,       0.00,    10784.0,       1.30,       2.20
    0,    39,     5,      86.17,      73.53,       0.00,    10696.8,       1.27,       2.12
    0,    39,     6,     136.62,      74.62,       0.00,    17328.0,       1.33,       2.25
    0,    39,     7,     103.58,      78.24,       0.00,    10155.2,       1.30,       2.24
    0,    39,     8,      70.07,     111.02,       0.00,    13587.0,       1.31,       2.12
    0,    39,     9,     112.73,     130.93,       0.00,    20601.6,       1.37,       2.19
    0,    39,    10,      95.08,     137.99,       0.00,     8230.8,       1.33,       2.07
    0,    39,    11,     101.91,     163.73,       0.00,    10260.5,       1.30,       2.05
    0,    40,     1,       9.08,      14.47,       0.00,     5547.4,       1.24,       2.11
    0,    40,     2,      29.30,      30.81,       0.00,    28695.4,       1.54,       2.33
    0,    40,     3,      43.84,      72.84,       0.00,    10653.7,       1.30,       2.17
    0,    40,     4,      68.44,      72.65,       0.00,    12226.2,       1.34,       2.17
    0,    40,     5,      86.18,      73.53,       0.00,    11176.0,       1.30,       2.06
    0,    40,     6,     136.59,      74.64,       0.00,    17007.0,       1.29,       2.20
    0,    40,     7,     103.59,      78.23,       0.00,    10778.7,       1.35,       2.23
    0,    40,     8,      70.10,     111.00,       0.00,    13734.2,       1.31,       2.07
    0,    40,     9,     112.72,     130.93,       0.00,    20704.6,       1.39,       2.22
    0,    40,    10,      95.06,     137.99,       0.00,     8268.9,       1.39,       2.05
    0,    40,    11,     101.86,     163.75,       0.00,    10665.2,       1.33,       2.08
    0,    41,     1,       9.10,      14.36,       0.00,     5339.4,       1.24,       2.04
    0,    41,     2,      29.30,      30.84,       0.00,    28733.6,       1.53,       2.32
    0,    41,     3,      43.83,      72.85,       0.00,    10952.2,       1.31,       2.24
    0,    41,     4,      68.42,      72.64,       0.00,    12138.0,       1.30,       2.19
    0,    41,     5,      86.18,      73.58,       0.00,    10674.6,       1.32,       2.07
    0,    41,     6,     136.59,      74.69,       0.00,    16981.2,       1.33,       2.22
    0,    41,     7,     103.58,      78.25,       0.00,    10196.0,       1.33,       2.18
    0,    41,     8,      70.09,     110.99,       0.00,    13634.6,       1.30,       2.12
    0,    41,     9,     112.70,     130.93,       0.00,    19659.1,       1.36,       2.16
    0,    41,    10,      95.06,     138.00,       0.00,     8077.3,       1.34,       2.03
    0,    41,    11,     101.91,     163.74,       0.00,    10836.3,       1.31,       2.11
    0,    42,     1,       9.06,      14.40,       0.00,     5406.8,       1.25,       2.18
    0,    42,     2,      29.32,      30.82,       0.00,    28784.9,       1.55,       2.32
    0,    42,     3,      43.84,      72.84,       0.00,    11054.0,       1.39,       2.23
    0,    42,     4,      68.44,      72.66,       0.00,    12158.6,       1.32,       2.11
    0,    42,     5,      86.19,      73.56,       0.00,    11090.8,       1.29,       2.05
    0,    42,     6,     136.60,      74.68,       0.00,    16873.2,       1.33,       2.20
    0,    42,     7,     103.62,      78.23,       0.00,    10133.4,       1.35,       2.17
    0,    42,     8,      70.07,     111.01,       0.00,    13931.5,       1.30,       2.12
    0,    42,     9,     112.69,     130.94,       0.00,    19768.6,       1.37,       2.14
    0,    42,    10,      95.06,     138.07,       0.00,     8096.6,       1.28,       2.07
    0,    42,    11,     101.90,     163.74,       0.00,    10742.4,       1.32,       2.11
    0,    43,     1,       9.10,      14.43,       0.00,     5184.2,       1.25,       2.08
    0,    43,     2,      29.28,      30.82,       0.00,    28579.5,       1.54,       2.32
    0,    43,     3,      43.83,      72.82,       0.00,    11000.4,       1.35,       2.25
    0,    43,     4,      68.42,      72.65,       0.00,    11782.0,       1.31,       2.09
    0,    43,     5,      86.17,      73.54,       0.00,    10905.3,       1.31,       2.07
    0,    43,     6,     136.57,      74.64,       0.00,    17028.5,       1.31,       2.22
    0,    43,     7,     103.61,      78.21,       0.00,    10373.5,       1.33,       2.28
    0,    43,     8,      70.09,     110.99,       0.00,    13531.4,       1.31,       2.04
    0,    43,     9,     112.72,     130.91,       0.00,    19935.7,       1.38,       2.16
    0,    43,    10,      95.09,     138.05,       0.00,     7762.2,       1.28,       1.92
    0,    43,    11,     101.91,     163.70,       0.00,    10352.8,       1.33,       2.02
    0,    44,     1,       9.12,      14.46,       0.00,     5378.2,       1.25,       2.16
    0,    44,     2,      29.31,      30.82,       0.00,    28394.6,       1.52,       2.33
    0,    44,     3,      43.81,      72.83,       0.00,    10620.2,       1.29,       2.17
    0,    44,     4,      68.42,      72.66,       0.00,    11844.1,       1.31,       2.08
    0,    44,     5,      86.14,      73.50,       0.00,    10919.6,       1.31,       2.10
    0,    44,     6,     136.60,      74.66,       0.00,    17073.7,       1.28,       2.25
    0,    44,     7,     103.62,      78.20,       0.00,    10079.6,       1.33,       2.25
    0,    44,     8,      70.05,     110.99,       0.00,    14044.0,       1.35,       2.12
    0,    44,     9,     112.72,     130.98,       0.00,    20624.5,       1.38,       2.19
    0,    44,    10,      95.08,     138.04,       0.00,     8116.4,       1.33,       2.04
    0,    44,    11,     101.89,     163.71,       0.00,    10451.6,       1.32,       2.05
