#stackID(UINT32), frameID(UINT32), eventID(UINT32), x0(float), y0(float), z0(float), photon_count0(float), sigmaX0(float), sigmaY0(float) 
    0,     0,     1,       8.64,      14.86,       0.00,     3693.0,       2.18,       1.17
    0,     0,     2,      28.78,      31.13,       0.00,    20949.2,       2.55,       1.31
    0,     0,     3,      43.27,      73.17,       0.00,     8258.6,       2.22,       1.16
    0,     0,     4,      67.95,      72.92,       0.00,     9684.1,       2.28,       1.21
    0,     0,     5,      85.78,      74.05,       0.00,     9707.8,       2.19,       1.17
    0,     0,     6,     136.13,      75.01,       0.00,    15497.3,       2.30,       1.22
    0,     0,     7,     103.09,      78.47,       0.00,     8896.2,       2.17,       1.16
    0,     0,     8,      69.59,     111.34,       0.00,    13586.1,       2.20,       1.17
    0,     0,     9,     112.15,     131.25,       0.00,    13680.0,       2.30,       1.21
    0,     0,    10,      94.79,     138.13,       0.00,     7088.4,       2.31,       1.13
    0,     0,    11,     101.35,     164.16,       0.00,     9585.2,       2.26,       1.19
    0,     1,     1,       8.67,      14.90,       0.00,     3752.1,       2.32,       1.14
    0,     1,     2,      28.80,      31.11,       0.00,    20978.9,       2.52,       1.31
    0,     1,     3,      43.26,      73.19,       0.00,     8394.4,       2.22,       1.17
    0,     1,     4,      68.02,      72.90,       0.00,    10105.4,       2.30,       1.17
    0,     1,     5,      85.76,      74.05,       0.00,     9862.9,       2.22,       1.17
    0,     1,     6,     136.11,      74.99,       0.00,    15302.3,       2.33,       1.21
    0,     1,     7,     103.13,      78.44,       0.00,     8459.3,       2.21,       1.11
    0,     1,     8,      69.55,     111.36,       0.00,    13310.2,       2.21,       1.18
    0,     1,     9,     112.16,     131.26,       0.00,    13503.1,       2.29,       1.20
    0,     1,    10,      94.75,     138.17,       0.00,     6721.5,       2.18,       1.18
    0,     1,    11,     101.35,     164.15,       0.00,     9207.1,       2.26,       1.19
    0,     2,     1,       8.71,      14.84,       0.00,     3518.2,       2.11,       1.10
    0,     2,     2,      28.81,      31.12,       0.00,    20963.7,       2.54,       1.32
    0,     2,     3,      43.26,      73.17,       0.00,     8327.0,       2.26,       1.19
    0,     2,     4,      67.97,      72.89,       0.00,    10169.8,       2.25,       1.20
    0,     2,     5,      85.74,      74.07,       0.00,     9454.5,       2.23,       1.16
    0,     2,     6,     136.15,      74.99,       0.00,    15182.8,       2.25,       1.20
    0,     2,     7,     103.15,      78.48,       0.00,     8533.6,       2.25,       1.18
    0,     2,     8,      69.63,     111.31,       0.00,    13278.8,       2.21,       1.17
    0,     2,     9,     112.18,     131.24,       0.00,    13421.1,       2.22,       1.22
    0,     2,    10,      94.78,     138.17,       0.00,     6978.3,       2.31,       1.17
    0,     2,    11,     101.38,     164.15,       0.00,     8904.8,       2.24,       1.16
    0,     3,     1,       8.66,      14.89,       0.00,     3241.1,       2.05,       1.08
    0,     3,     2,      28.79,      31.13,       0.00,    20402.7,       2.52,       1.31
    0,     3,     3,      43.32,      73.18,       0.00,     8121.9,       2.18,       1.15
    0,     3,     4,      67.90,      72.89,       0.00,     9991.6,       2.19,       1.18
    0,     3,     5,      85.81,      74.06,       0.00,     9664.2,       2.19,       1.18
    0,     3,     6,     136.18,      74.99,       0.00,    15330.5,       2.24,       1.22
    0,     3,     7,     103.11,      78.47,       0.00,     8432.7,       2.14,       1.16
    0,     3,     8,      69.62,     111.36,       0.00,    12837.3,       2.15,       1.15
    0,     3,     9,     112.17,     131.27,       0.00,    13474.8,       2.25,       1.22
    0,     3,    10,      94.72,     138.15,       0.00,     6836.7,       2.23,       1.17
    0,     3,    11,     101.33,     164.14,       0.00,     8851.9,       2.15,       1.19
    0,     4,     1,       8.67,      14.91,       0.00,     3643.5,       2.33,       1.14
    0,     4,     2,      28.85,      31.12,       0.00,    20250.1,       2.51,       1.29
    0,     4,     3,      43.33,      73.19,       0.00,     8163.3,       2.20,       1.16
    0,     4,     4,      67.99,      72.90,       0.00,     9957.1,       2.27,       1.18
    0,     4,     5,      85.73,      74.04,       0.00,     9450.4,       2.20,       1.18
    0,     4,     6,     136.13,      74.99,       0.00,    15218.3,       2.28,       1.20
    0,     4,     7,     103.13,      78.45,       0.00,     8275.8,       2.10,       1.17
    0,     4,     8,      69.62,     111.34,       0.00,    12726.5,       2.18,       1.15
    0,     4,     9,     112.13,     131.26,       0.00,    13488.6,       2.27,       1.20
    0,     4,    10,      94.68,     138.18,       0.00,     7062.1,       2.30,       1.19
    0,     4,    11,     101.33,     164.15,       0.00,     8755.1,       2.21,       1.17
    0,     5,     1,       8.69,      14.89,       0.00,     3400.1,       2.21,       1.12
    0,     5,     2,      28.82,      31.13,       0.00,    20128.3,       2.49,       1.30
    0,     5,     3,      43.26,      73.17,       0.00,     8302.3,       2.26,       1.18
    0,     5,     4,      67.93,      72.90,       0.00,    10035.6,       2.26,       1.18
    0,     5,     5,      85.77,      74.06,       0.00,     9484.1,       2.19,       1.17
    0,     5,     6,     136.14,      75.01,       0.00,    15133.6,       2.25,       1.21
    0,     5,     7,     103.13,      78.46,       0.00,     8137.5,       2.18,       1.16
    0,     5,     8,      69.61,     111.33,       0.00,    12925.1,       2.18,       1.19
    0,     5,     9,     112.16,     131.26,       0.00,    13567.1,       2.29,       1.19
    0,     5,    10,      94.74,     138.12,       0.00,     6724.4,       2.26,       1.15
    0,     5,    11,     101.33,     164.14,       0.00,     8766.8,       2.24,       1.16
    0,     6,     1,       8.77,      14.86,       0.00,     3501.7,       2.14,       1.14
    0,     6,     2,      28.81,      31.11,       0.00,    20126.1,       2.47,       1.31
    0,     6,     3,      43.25,      73.16,       0.00,     8352.4,       2.29,       1.16
    0,     6,     4,      67.90,      72.95,       0.00,     9726.5,       2.23,       1.16
    0,     6,     5,      85.81,      74.06,       0.00,     9645.1,       2.24,       1.18
    0,     6,     6,     136.18,      74.96,       0.00,    15293.3,       2.25,       1.20
    0,     6,     7,     103.09,      78.47,       0.00,     8040.2,       2.13,       1.14
    0,     6,     8,      69.65,     111.33,       0.00,    12243.8,       2.16,       1.16
    0,     6,     9,     112.17,     131.25,       0.00,    13582.6,       2.30,       1.20
    0,     6,    10,      94.76,     138.17,       0.00,     6505.5,       2.23,       1.14
    0,     6,    11,     101.36,     164.15,       0.00,     8985.1,       2.16,       1.17
    0,     7,     1,       8.59,      14.87,       0.00,     3351.3,       2.13,       1.16
    0,     7,     2,      28.82,      31.12,       0.00,    20353.4,       2.50,       1.31
    0,     7,     3,      43.26,      73.19,       0.00,     8049.9,       2.21,       1.15
    0,     7,     4,      67.95,      72.92,       0.00,     9851.0,       2.24,       1.18
    0,     7,     5,      85.75,      74.07,       0.00,     9361.6,       2.19,       1.18
    0,     7,     6,     136.13,      74.99,       0.00,    15042.7,       2.27,       1.21
    0,     7,     7,     103.11,      78.44,       0.00,     8007.9,       2.19,       1.14
    0,     7,     8,      69.59,     111.32,       0.00,    12752.0,       2.22,       1.15
    0,     7,     9,     112.25,     131.21,       0.00,    13668.4,       2.31,       1.20
    0,     7,    10,      94.70,     138.16,       0.00,     6604.7,       2.25,       1.16
    0,     7,    11,     101.29,     164.18,       0.00,     8826.4,       2.20,       1.19
    0,     8,     1,       8.69,      14.90,       0.00,     3261.7,       2.18,       1.13
    0,     8,     2,      28.83,      31.11,       0.00,    19845.6,       2.50,       1.29
    0,     8,     3,      43.29,      73.16,       0.00,     8075.3,       2.20,       1.15
    0,     8,     4,      67.93,      72.91,       0.00,     9756.3,       2.25,       1.18
    0,     8,     5,      85.77,      74.05,       0.00,     9635.0,       2.30,       1.17
    0,     8,     6,     136.15,      74.99,       0.00,    14926.8,       2.28,       1.19
    0,     8,     7,     103.05,      78.51,       0.00,     7650.9,       2.10,       1.17
    0,     8,     8,      69.63,     111.33,       0.00,    12556.2,       2.22,       1.15
    0,     8,     9,     112.23,     131.24,       0.00,    13578.3,       2.25,       1.20
    0,     8,    10,      94.74,     138.16,       0.00,     6546.4,       2.26,       1.12
    0,     8,    11,     101.37,     164.15,       0.00,     8611.9,       2.17,       1.13
    0,     9,     1,       8.69,      14.85,       0.00,     3246.5,       2.11,       1.13
    0,     9,     2,      28.83,      31.11,       0.00,    20187.4,       2.48,       1.29
    0,     9,     3,      43.29,      73.14,       0.00,     8022.9,       2.16,       1.14
    0,     9,     4,      67.91,      72.94,       0.00,     9739.6,       2.17,       1.18
    0,     9,     5,      85.74,      74.05,       0.00,     9367.3,       2.18,       1.18
    0,     9,     6,     136.15,      75.00,       0.00,    14952.1,       2.23,       1.22
    0,     9,     7,     103.04,      78.49,       0.00,     8294.4,       2.24,       1.17
    0,     9,     8,      69.61,     111.33,       0.00,    12383.3,       2.20,       1.15
    0,     9,     9,     112.13,     131.26,       0.00,    13722.6,       2.28,       1.20
    0,     9,    10,      94.80,     138.13,       0.00,     7003.9,       2.27,       1.22
    0,     9,    11,     101.36,     164.17,       0.00,     8886.0,       2.24,       1.19
    0,    10,     1,       8.60,      14.85,       0.00,     3335.4,       2.17,       1.14
    0,    10,     2,      28.82,      31.12,       0.00,    20089.8,       2.50,       1.30
    0,    10,     3,      43.26,      73.19,       0.00,     8044.4,       2.18,       1.17
    0,    10,     4,      67.94,      72.91,       0.00,     9836.7,       2.23,       1.16
    0,    10,     5,      85.78,      74.05,       0.00,     9476.0,       2.24,       1.14
    0,    10,     6,     136.14,      74.98,       0.00,    15169.7,       2.26,       1.20
    0,    10,     7,     103.00,      78.48,       0.00,     7694.1,       2.13,       1.15
    0,    10,     8,      69.60,     111.31,       0.00,    12454.6,       2.17,       1.16
    0,    10,     9,     112.19,     131.26,       0.00,    13682.1,       2.28,       1.20
    0,    10,    10,      94.75,     138.16,       0.00,     6454.2,       2.23,       1.12
    0,    10,    11,     101.39,     164.14,       0.00,     8843.7,       2.20,       1.17
    0,    11,     1,       8.74,      14.85,       0.00,     3475.3,       2.18,       1.15
    0,    11,     2,      28.86,      31.10,       0.00,    19924.6,       2.48,       1.29
    0,    11,     3,      43.22,      73.13,       0.00,     7861.9,       2.23,       1.18
    0,    11,     4,      68.01,      72.90,       0.00,     9669.4,       2.22,       1.22
    0,    11,     5,      85.74,      74.06,       0.00,     9623.5,       2.21,       1.17
    0,    11,     6,     136.14,      74.98,       0.00,    14874.0,       2.24,       1.21
    0,    11,     7,     103.13,      78.48,       0.00,     8051.8,       2.11,       1.17
    0,    11,     8,      69.62,     111.30,       0.00,    12658.7,       2.17,       1.16
    0,    11,     9,     112.16,     131.26,       0.00,    13103.7,       2.22,       1.20
    0,    11,    10,      94.77,     138.15,       0.00,     6706.6,       2.24,       1.14
    0,    11,    11,     101.36,     164.15,       0.00,     8946.9,       2.24,       1.20
    0,    12,     1,       8.61,      14.89,       0.00,     3234.0,       2.11,       1.14
    0,    12,     2,      28.84,      31.11,       0.00,    19901.0,       2.49,       1.29
    0,    12,     3,      43.29,      73.20,       0.00,     8091.5,       2.21,       1.17
    0,    12,     4,      67.91,      72.94,       0.00,     9618.0,       2.26,       1.23
    0,    12,     5,      85.81,      74.06,       0.00,     9370.0,       2.28,       1.16
    0,    12,     6,     136.16,      74.99,       0.00,    14749.0,       2.26,       1.19
    0,    12,     7,     103.12,      78.47,       0.00,     8269.3,       2.13,       1.17
    0,    12,     8,      69.62,     111.32,       0.00,    11988.4,       2.19,       1.14
    0,    12,     9,     112.17,     131.25,       0.00,    13323.4,       2.28,       1.18
    0,    12,    10,      94.71,     138.15,       0.00,     6444.8,       2.15,       1.16
    0,    12,    11,     101.38,     164.15,       0.00,     8736.5,       2.16,       1.17
    0,    13,     1,       8.66,      14.89,       0.00,     3429.1,       2.20,       1.16
    0,    13,     2,      28.83,      31.11,       0.00,    20164.7,       2.53,       1.30
    0,    13,     3,      43.24,      73.21,       0.00,     8036.7,       2.25,       1.19
    0,    13,     4,      67.96,      72.92,       0.00,     9401.2,       2.25,       1.21
    0,    13,     5,      85.78,      74.04,       0.00,     9254.1,       2.24,       1.15
    0,    13,     6,     136.16,      74.98,       0.00,    14808.1,       2.25,       1.20
    0,    13,     7,     103.04,      78.47,       0.00,     7952.3,       2.20,       1.16
    0,    13,     8,      69.63,     111.32,       0.00,    12883.4,       2.21,       1.18
    0,    13,     9,     112.18,     131.26,       0.00,    12948.5,       2.26,       1.18
    0,    13,    10,      94.66,     138.17,       0.00,     6537.7,       2.23,       1.18
    0,    13,    11,     101.36,     164.14,       0.00,     8689.5,       2.21,       1.19
    0,    14,     1,       8.71,      14.89,       0.00,     3138.5,       2.10,       1.12
    0,    14,     2,      28.86,      31.11,       0.00,    20055.8,       2.50,       1.30
    0,    14,     3,      43.26,      73.16,       0.00,     7974.4,       2.21,       1.16
    0,    14,     4,      67.91,      72.92,       0.00,     9546.5,       2.25,       1.22
    0,    14,     5,      85.75,      74.07,       0.00,     9552.8,       2.22,       1.19
    0,    14,     6,     136.16,      74.99,       0.00,    14841.0,       2.21,       1.21
    0,    14,     7,     103.07,      78.47,       0.00,     8225.6,       2.25,       1.15
    0,    14,     8,      69.65,     111.35,       0.00,    12529.9,       2.14,       1.17
    0,    14,     9,     112.18,     131.25,       0.00,    13146.7,       2.23,       1.21
    0,    14,    10,      94.66,     138.17,       0.00,     6672.5,       2.28,       1.20
    0,    14,    11,     101.29,     164.15,       0.00,     8745.5,       2.17,       1.18
    0,    15,     1,       8.68,      14.86,       0.00,     3439.9,       2.12,       1.17
    0,    15,     2,      28.82,      31.12,       0.00,    19868.5,       2.48,       1.29
    0,    15,     3,      43.27,      73.19,       0.00,     8020.0,       2.20,       1.19
    0,    15,     4,      67.93,      72.89,       0.00,     9759.7,       2.28,       1.20
    0,    15,     5,      85.78,      74.07,       0.00,     9584.2,       2.26,       1.19
    0,    15,     6,     136.13,      75.00,       0.00,    14931.1,       2.22,       1.21
    0,    15,     7,     103.09,      78.45,       0.00,     8122.9,       2.12,       1.15
    0,    15,     8,      69.60,     111.35,       0.00,    12810.3,       2.23,       1.16
    0,    15,     9,     112.18,     131.27,       0.00,    13122.1,       2.28,       1.18
    0,    15,    10,      94.70,     138.11,       0.00,     6605.4,       2.28,       1.18
    0,    15,    11,     101.34,     164.15,       0.00,     8676.0,       2.24,       1.17
    0,    16,     1,       8.69,      14.84,       0.00,     3363.5,       2.15,       1.10
    0,    16,     2,      28.82,      31.13,       0.00,    20259.8,       2.52,       1.30
    0,    16,     3,      43.31,      73.15,       0.00,     8103.0,       2.22,       1.18
    0,    16,     4,      67.97,      72.91,       0.00,     9872.9,       2.24,       1.21
    0,    16,     5,      85.76,      74.04,       0.00,     9426.4,       2.19,       1.15
    0,    16,     6,     136.17,      74.99,       0.00,    15220.1,       2.26,       1.22
    0,    16,     7,     103.07,      78.44,       0.00,     8233.7,       2.15,       1.17
    0,    16,     8,      69.64,     111.32,       0.00,    12761.0,       2.22,       1.14
    0,    16,     9,     112.17,     131.25,       0.00,    12960.7,       2.22,       1.17
    0,    16,    10,      94.71,     138.16,       0.00,     6676.9,       2.17,       1.18
    0,    16,    11,     101.37,     164.15,       0.00,     8506.2,       2.22,       1.18
    0,    17,     1,       8.69,      14.83,       0.00,     3598.7,       2.15,       1.20
    0,    17,     2,      28.81,      31.12,       0.00,    20228.9,       2.52,       1.30
    0,    17,     3,      43.26,      73.19,       0.00,     7901.3,       2.18,       1.16
    0,    17,     4,      67.88,      72.92,       0.00,    10035.0,       2.26,       1.19
    0,    17,     5,      85.76,      74.08,       0.00,     9597.0,       2.21,       1.17
    0,    17,     6,     136.18,      74.98,       0.00,    15238.1,       2.26,       1.22
    0,    17,     7,     103.11,      78.50,       0.00,     8182.4,       2.19,       1.16
    0,    17,     8,      69.60,     111.32,       0.00,    12837.4,       2.23,       1.17
    0,    17,     9,     112.21,     131.25,       0.00,    13044.1,       2.25,       1.19
    0,    17,    10,      94.73,     138.14,       0.00,     6625.1,       2.24,       1.15
    0,    17,    11,     101.34,     164.14,       0.00,     8636.3,       2.18,       1.17
    0,    18,     1,       8.76,      14.86,       0.00,     3317.3,       2.20,       1.16
    0,    18,     2,      28.85,      31.13,       0.00,    19721.7,       2.47,       1.29
    0,    18,     3,      43.27,      73.15,       0.00,     7959.5,       2.14,       1.15
    0,    18,     4,      68.03,      72.93,       0.00,     9876.1,       2.27,       1.20
    0,    18,     5,      85.80,      74.08,       0.00,     9635.4,       2.28,       1.17
    0,    18,     6,     136.16,      75.00,       0.00,    15156.3,       2.30,       1.19
    0,    18,     7,     103.06,      78.46,       0.00,     8611.8,       2.21,       1.14
    0,    18,     8,      69.62,     111.33,       0.00,    12617.1,       2.16,       1.15
    0,    18,     9,     112.24,     131.24,       0.00,    13423.1,       2.28,       1.19
    0,    18,    10,      94.80,     138.15,       0.00,     6800.2,       2.25,       1.14
    0,    18,    11,     101.34,     164.18,       0.00,     8549.7,       2.16,       1.15
    0,    19,     1,       8.65,      14.87,       0.00,     3401.0,       2.11,       1.17
    0,    19,     2,      28.84,      31.11,       0.00,    20084.7,       2.51,       1.28
    0,    19,     3,      43.27,      73.16,       0.00,     8156.8,       2.25,       1.17
    0,    19,     4,      67.93,      72.91,       0.00,    10227.8,       2.25,       1.18
    0,    19,     5,      85.80,      74.04,       0.00,     9290.6,       2.25,       1.15
    0,    19,     6,     136.19,      74.99,       0.00,    14762.3,       2.28,       1.21
    0,    19,     7,     103.10,      78.46,       0.00,     8183.7,       2.10,       1.16
    0,    19,     8,      69.62,     111.36,       0.00,    12731.2,       2.25,       1.17
    0,    19,     9,     112.19,     131.24,       0.00,    13116.0,       2.26,       1.19
    0,    19,    10,      94.85,     138.11,       0.00,     7103.5,       2.31,       1.16
    0,    19,    11,     101.35,     164.19,       0.00,     8581.6,       2.17,       1.17
    0,    20,     1,       8.67,      14.89,       0.00,     3281.2,       2.13,       1.16
    0,    20,     2,      28.80,      31.11,       0.00,    19830.4,       2.49,       1.29
    0,    20,     3,      43.23,      73.18,       0.00,     7869.9,       2.21,       1.19
    0,    20,     4,      67.89,      72.93,       0.00,     9807.7,       2.29,       1.20
    0,    20,     5,      85.78,      74.05,       0.00,     9295.7,       2.20,       1.15
    0,    20,     6,     136.20,      75.01,       0.00,    14868.1,       2.26,       1.19
    0,    20,     7,     103.13,      78.46,       0.00,     7913.1,       2.13,       1.16
    0,    20,     8,      69.63,     111.34,       0.00,    12996.6,       2.21,       1.17
    0,    20,     9,     112.20,     131.27,       0.00,    13120.3,       2.27,       1.19
    0,    20,    10,      94.79,     138.18,       0.00,     7049.7,       2.22,       1.17
    0,    20,    11,     101.41,     164.17,       0.00,     8711.5,       2.19,       1.18
    0,    21,     1,       8.68,      14.89,       0.00,     3299.2,       2.22,       1.15
    0,    21,     2,      28.81,      31.13,       0.00,    19829.1,       2.49,       1.28
    0,    21,     3,      43.21,      73.16,       0.00,     7983.4,       2.23,       1.16
    0,    21,     4,      67.97,      72.91,       0.00,     9899.1,       2.28,       1.20
    0,    21,     5,      85.78,      74.05,       0.00,     9401.2,       2.21,       1.19
    0,    21,     6,     136.18,      75.00,       0.00,    15166.4,       2.27,       1.22
    0,    21,     7,     103.10,      78.46,       0.00,     8074.0,       2.19,       1.18
    0,    21,     8,      69.67,     111.35,       0.00,    12856.0,       2.20,       1.17
    0,    21,     9,     112.18,     131.26,       0.00,    13374.9,       2.25,       1.20
    0,    21,    10,      94.82,     138.15,       0.00,     6793.2,       2.18,       1.12
    0,    21,    11,     101.40,     164.14,       0.00,     8659.6,       2.14,       1.18
    0,    22,     1,       8.68,      14.87,       0.00,     3137.4,       2.17,       1.14
    0,    22,     2,      28.82,      31.11,       0.00,    19983.6,       2.52,       1.28
    0,    22,     3,      43.35,      73.14,       0.00,     7826.5,       2.17,       1.16
    0,    22,     4,      67.94,      72.88,       0.00,     9976.1,       2.32,       1.21
    0,    22,     5,      85.75,      74.03,       0.00,     9462.8,       2.26,       1.19
    0,    22,     6,     136.17,      75.00,       0.00,    15348.3,       2.27,       1.22
    0,    22,     7,     103.14,      78.47,       0.00,     8150.6,       2.18,       1.16
    0,    22,     8,      69.59,     111.34,       0.00,    12875.7,       2.20,       1.17
    0,    22,     9,     112.25,     131.24,       0.00,    12703.4,       2.29,       1.20
    0,    22,    10,      94.80,     138.15,       0.00,     6930.5,       2.23,       1.13
    0,    22,    11,     101.43,     164.16,       0.00,     8432.8,       2.18,       1.16
    0,    23,     1,       8.68,      14.86,       0.00,     3265.1,       2.13,       1.15
    0,    23,     2,      28.82,      31.12,       0.00,    19554.6,       2.45,       1.29
    0,    23,     3,      43.29,      73.17,       0.00,     7757.9,       2.20,       1.15
    0,    23,     4,      67.94,      72.92,       0.00,     9884.9,       2.28,       1.18
    0,    23,     5,      85.79,      74.05,       0.00,     9182.8,       2.25,       1.17
    0,    23,     6,     136.14,      75.01,       0.00,    15191.0,       2.25,       1.22
    0,    23,     7,     103.05,      78.48,       0.00,     8007.4,       2.15,       1.16
    0,    23,     8,      69.66,     111.35,       0.00,    13061.7,       2.21,       1.19
    0,    23,     9,     112.22,     131.25,       0.00,    12481.2,       2.26,       1.19
    0,    23,    10,      94.79,     138.18,       0.00,     6314.6,       2.20,       1.17
    0,    23,    11,     101.35,     164.19,       0.00,     8732.2,       2.26,       1.17
    0,    24,     1,       8.77,      14.88,       0.00,     3385.7,       2.23,       1.15
    0,    24,     2,      28.81,      31.10,       0.00,    20129.2,       2.49,       1.30
    0,    24,     3,      43.30,      73.17,       0.00,     7996.8,       2.20,       1.14
    0,    24,     4,      67.91,      72.89,       0.00,     9940.0,       2.28,       1.16
    0,    24,     5,      85.79,      74.09,       0.00,     9181.8,       2.23,       1.16
    0,    24,     6,     136.15,      74.98,       0.00,    15099.5,       2.26,       1.20
    0,    24,     7,     103.13,      78.48,       0.00,     8187.9,       2.20,       1.17
    0,    24,     8,      69.57,     111.34,       0.00,    12630.4,       2.17,       1.17
    0,    24,     9,     112.25,     131.24,       0.00,    12493.8,       2.29,       1.18
    0,    24,    10,      94.90,     138.13,       0.00,     6403.3,       2.26,       1.18
    0,    24,    11,     101.35,     164.16,       0.00,     8683.2,       2.21,       1.18
    0,    25,     1,       8.68,      14.88,       0.00,     3311.2,       2.17,       1.12
    0,    25,     2,      28.85,      31.10,       0.00,    20092.3,       2.50,       1.30
    0,    25,     3,      43.30,      73.20,       0.00,     7844.0,       2.17,       1.17
    0,    25,     4,      67.92,      72.90,       0.00,     9767.2,       2.21,       1.19
    0,    25,     5,      85.78,      74.06,       0.00,     9383.7,       2.24,       1.16
    0,    25,     6,     136.16,      74.99,       0.00,    15054.3,       2.30,       1.21
    0,    25,     7,     103.03,      78.49,       0.00,     7560.9,       2.20,       1.16
    0,    25,     8,      69.60,     111.35,       0.00,    12843.4,       2.26,       1.19
    0,    25,     9,     112.17,     131.27,       0.00,    12580.0,       2.26,       1.20
    0,    25,    10,      94.77,     138.20,       0.00,     6299.9,       2.24,       1.15
    0,    25,    11,     101.35,     164.13,       0.00,     8618.5,       2.20,       1.16
    0,    26,     1,       8.61,      14.88,       0.00,     3440.8,       2.22,       1.12
    0,    26,     2,      28.79,      31.13,       0.00,    20076.1,       2.50,       1.30
    0,    26,     3,      43.25,      73.17,       0.00,     7899.0,       2.21,       1.16
    0,    26,     4,      67.93,      72.90,       0.00,    10130.5,       2.24,       1.20
    0,    26,     5,      85.74,      74.06,       0.00,     9362.5,       2.23,       1.19
    0,    26,     6,     136.16,      74.98,       0.00,    15260.8,       2.26,       1.21
    0,    26,     7,     103.07,      78.46,       0.00,     8347.3,       2.20,       1.13
    0,    26,     8,      69.59,     111.34,       0.00,    12741.0,       2.21,       1.17
    0,    26,     9,     112.23,     131.26,       0.00,    12636.4,       2.29,       1.17
    0,    26,    10,      94.70,     138.16,       0.00,     6204.6,       2.23,       1.11
    0,    26,    11,     101.44,     164.17,       0.00,     8697.9,       2.22,       1.16
    0,    27,     1,       8.74,      14.85,       0.00,     3401.5,       2.21,       1.13
    0,    27,     2,      28.77,      31.12,       0.00,    19810.4,       2.51,       1.28
    0,    27,     3,      43.26,      73.16,       0.00,     7714.9,       2.23,       1.15
    0,    27,     4,      67.97,      72.91,       0.00,     9614.1,       2.27,       1.20
    0,    27,     5,      85.80,      74.04,       0.00,     9299.6,       2.19,       1.16
    0,    27,     6,     136.13,      74.98,       0.00,    14888.3,       2.28,       1.19
    0,    27,     7,     103.05,      78.49,       0.00,     8116.7,       2.15,       1.14
    0,    27,     8,      69.57,     111.35,       0.00,    12433.1,       2.20,       1.16
    0,    27,     9,     112.20,     131.24,       0.00,    12401.4,       2.28,       1.19
    0,    27,    10,      94.81,     138.15,       0.00,     6331.6,       2.31,       1.16
    0,    27,    11,     101.35,     164.17,       0.00,     8624.6,       2.19,       1.19
    0,    28,     1,       8.77,      14.87,       0.00,     3346.1,       2.05,       1.10
    0,    28,     2,      28.80,      31.13,       0.00,    19981.6,       2.49,       1.31
    0,    28,     3,      43.26,      73.18,       0.00,     7959.3,       2.19,       1.16
    0,    28,     4,      67.97,      72.91,       0.00,     9911.7,       2.33,       1.16
    0,    28,     5,      85.77,      74.04,       0.00,     9484.3,       2.19,       1.17
    0,    28,     6,     136.17,      75.00,       0.00,    15108.0,       2.26,       1.20
    0,    28,     7,     103.06,      78.50,       0.00,     8613.1,       2.16,       1.16
    0,    28,     8,      69.92,     110.50,       0.00,     7500.0,       1.95,       1.29
    0,    28,     9,     112.15,     131.26,       0.00,    12509.1,       2.27,       1.21
    0,    28,    10,      94.79,     138.16,       0.00,     6360.5,       2.23,       1.15
    0,    28,    11,     101.39,     164.16,       0.00,     8613.1,       2.21,       1.13
    0,    29,     1,       8.65,      14.91,       0.00,     3312.9,       2.16,       1.14
    0,    29,     2,      28.84,      31.11,       0.00,    19963.0,       2.48,       1.30
    0,    29,     3,      43.34,      73.16,       0.00,     8013.9,       2.22,       1.16
    0,    29,     4,      67.97,      72.94,       0.00,     9770.0,       2.24,       1.19
    0,    29,     5,      85.77,      74.04,       0.00,     9670.2,       2.25,       1.18
    0,    29,     6,     136.18,      74.99,       0.00,    15073.0,       2.23,       1.20
    0,    29,     7,     103.11,      78.47,       0.00,     8246.9,       2.14,       1.16
    0,    29,     8,      69.61,     111.37,       0.00,    12806.4,       2.18,       1.16
    0,    29,     9,     112.23,     131.22,       0.00,    12473.9,       2.25,       1.22
    0,    29,    10,      94.82,     138.15,       0.00,     6192.5,       2.13,       1.19
    0,    29,    11,     101.34,     164.19,       0.00,     8843.8,       2.19,       1.21
    0,    30,     1,       8.67,      14.88,       0.00,     3251.1,       2.18,       1.16
    0,    30,     2,      28.83,      31.12,       0.00,    19414.8,       2.45,       1.28
    0,    30,     3,      43.27,      73.17,       0.00,     8152.0,       2.25,       1.21
    0,    30,     4,      67.95,      72.91,       0.00,     9811.8,       2.23,       1.19
    0,    30,     5,      85.80,      74.05,       0.00,     9558.9,       2.17,       1.16
    0,    30,     6,     136.17,      74.99,       0.00,    15727.8,       2.29,       1.21
    0,    30,     7,     103.10,      78.47,       0.00,     8230.0,       2.10,       1.16
    0,    30,     8,      69.61,     111.34,       0.00,    12637.3,       2.21,       1.16
    0,    30,     9,     112.21,     131.24,       0.00,    12408.0,       2.27,       1.18
    0,    30,    10,      94.83,     138.16,       0.00,     6463.4,       2.25,       1.19
    0,    30,    11,     101.42,     164.13,       0.00,     8784.6,       2.26,       1.19
    0,    31,     1,       8.63,      14.84,       0.00,     3266.2,       2.14,       1.14
    0,    31,     2,      28.83,      31.12,       0.00,    20017.3,       2.51,       1.29
    0,    31,     3,      43.25,      73.19,       0.00,     7979.0,       2.18,       1.20
    0,    31,     4,      67.99,      72.90,       0.00,     9891.2,       2.26,       1.20
    0,    31,     5,      85.75,      74.06,       0.00,     9796.2,       2.16,       1.18
    0,    31,     6,     136.17,      75.00,       0.00,    15320.6,       2.25,       1.22
    0,    31,     7,     103.06,      78.48,       0.00,     8322.2,       2.26,       1.19
    0,    31,     8,      69.62,     111.36,       0.00,    12617.7,       2.18,       1.17
    0,    31,     9,     112.22,     131.27,       0.00,    12579.7,       2.27,       1.19
    0,    31,    10,      94.76,     138.17,       0.00,     6209.9,       2.24,       1.11
    0,    31,    11,     101.33,     164.16,       0.00,     8633.3,       2.20,       1.18
    0,    32,     1,       8.74,      14.90,       0.00,     3551.6,       2.26,       1.17
    0,    32,     2,      28.81,      31.09,       0.00,    20219.0,       2.50,       1.31
    0,    32,     3,      43.30,      73.19,       0.00,     7952.3,       2.22,       1.17
    0,    32,     4,      67.93,      72.90,       0.00,     9925.5,       2.24,       1.18
    0,    32,     5,      85.73,      74.04,       0.00,     9337.3,       2.18,       1.15
    0,    32,     6,     136.16,      75.02,       0.00,    15030.8,       2.28,       1.22
    0,    32,     7,     103.08,      78.48,       0.00,     8414.2,       2.16,       1.17
    0,    32,     8,      69.63,     111.34,       0.00,    12537.9,       2.20,       1.18
    0,    32,     9,     112.19,     131.26,       0.00,    12895.2,       2.30,       1.19
    0,    32,    10,      94.83,     138.12,       0.00,     6056.2,       2.28,       1.20
    0,    32,    11,     101.39,     164.20,       0.00,     8660.9,       2.22,       1.20
    0,    33,     1,       8.71,      14.86,       0.00,     3236.7,       2.07,       1.12
    0,    33,     2,      28.80,      31.12,       0.00,    19496.4,       2.50,       1.29
    0,    33,     3,      43.29,      73.15,       0.00,     8045.8,       2.25,       1.19
    0,    33,     4,      67.92,      72.92,       0.00,     9986.5,       2.21,       1.18
    0,    33,     5,      85.74,      74.05,       0.00,     9617.3,       2.22,       1.17
    0,    33,     6,     136.18,      74.99,       0.00,    15018.5,       2.27,       1.20
    0,    33,     7,     103.08,      78.48,       0.00,     8096.2,       2.10,       1.14
    0,    33,     8,      69.62,     111.33,       0.00,    12669.0,       2.22,       1.18
    0,    33,     9,     112.23,     131.24,       0.00,    12620.1,       2.30,       1.18
    0,    33,    10,      94.85,     138.15,       0.00,     6204.4,       2.25,       1.19
    0,    33,    11,     101.40,     164.17,       0.00,     8744.4,       2.25,       1.19
    0,    34,     1,       8.76,      14.90,       0.00,     3388.2,       2.30,       1.16
    0,    34,     2,      28.85,      31.10,       0.00,    19497.5,       2.48,       1.27
    0,    34,     3,      43.26,      73.17,       0.00,     7977.7,       2.22,       1.17
    0,    34,     4,      67.97,      72.87,       0.00,    10002.2,       2.22,       1.16
    0,    34,     5,      85.74,      74.04,       0.00,     9399.0,       2.21,       1.16
    0,    34,     6,     136.15,      74.98,       0.00,    14674.0,       2.25,       1.21
    0,    34,     7,     103.10,      78.47,       0.00,     8384.0,       2.20,       1.17
    0,    34,     8,      69.65,     111.33,       0.00,    12417.8,       2.18,       1.16
    0,    34,     9,     112.25,     131.24,       0.00,    12649.2,       2.28,       1.20
    0,    34,    10,      94.82,     138.16,       0.00,     6287.1,       2.19,       1.16
    0,    34,    11,     101.37,     164.13,       0.00,     8434.5,       2.21,       1.16
    0,    35,     1,       8.67,      14.87,       0.00,     3151.7,       2.05,       1.07
    0,    35,     2,      28.85,      31.10,       0.00,    19893.2,       2.48,       1.30
    0,    35,     3,      43.31,      73.16,       0.00,     7878.0,       2.18,       1.16
    0,    35,     4,      68.00,      72.90,       0.00,    10091.4,       2.30,       1.20
    0,    35,     5,      85.81,      74.02,       0.00,     9340.5,       2.18,       1.18
    0,    35,     6,     136.20,      74.98,       0.00,    14663.4,       2.24,       1.20
    0,    35,     7,     103.10,      78.48,       0.00,     7993.1,       2.12,       1.13
    0,    35,     8,      69.62,     111.34,       0.00,    13042.5,       2.20,       1.18
    0,    35,     9,     112.26,     131.27,       0.00,    12508.0,       2.30,       1.19
    0,    35,    10,      94.71,     138.17,       0.00,     6393.4,       2.27,       1.18
    0,    35,    11,     101.42,     164.17,       0.00,     8730.5,       2.18,       1.18
    0,    36,     1,       8.75,      14.87,       0.00,     3406.1,       2.15,       1.17
    0,    36,     2,      28.79,      31.10,       0.00,    19285.9,       2.48,       1.28
    0,    36,     3,      43.30,      73.18,       0.00,     8035.0,       2.23,       1.16
    0,    36,     4,      67.92,      72.91,       0.00,     9441.6,       2.24,       1.18
    0,    36,     5,      85.77,      74.06,       0.00,     9003.4,       2.18,       1.15
    0,    36,     6,     136.19,      75.01,       0.00,    14506.3,       2.22,       1.20
    0,    36,     7,     103.11,      78.47,       0.00,     7625.0,       2.19,       1.16
    0,    36,     8,      69.63,     111.35,       0.00,    12329.6,       2.18,       1.14
    0,    36,     9,     112.27,     131.27,       0.00,    12857.6,       2.28,       1.21
    0,    36,    10,      94.78,     138.11,       0.00,     6069.4,       2.24,       1.15
    0,    36,    11,     101.40,     164.13,       0.00,     8643.0,       2.15,       1.18
    0,    37,     1,       8.76,      14.87,       0.00,     3332.2,       2.11,       1.07
    0,    37,     2,      28.83,      31.12,       0.00,    19253.3,       2.49,       1.27
    0,    37,     3,      43.31,      73.18,       0.00,     8041.1,       2.18,       1.19
    0,    37,     4,      68.02,      72.93,       0.00,     9926.2,       2.29,       1.21
    0,    37,     5,      85.82,      74.04,       0.00,     9131.4,       2.23,       1.18
    0,    37,     6,     136.19,      74.99,       0.00,    14957.9,       2.25,       1.20
    0,    37,     7,     103.09,      78.46,       0.00,     7659.4,       2.21,       1.16
    0,    37,     8,      69.68,     111.35,       0.00,    12671.4,       2.20,       1.16
    0,    37,     9,     112.27,     131.26,       0.00,    12614.5,       2.28,       1.18
    0,    37,    10,      94.76,     138.16,       0.00,     6046.6,       2.23,       1.12
    0,    37,    11,     101.35,     164.19,       0.00,     8428.2,       2.19,       1.14
    0,    38,     1,       8.75,      14.85,       0.00,     3459.8,       2.17,       1.18
    0,    38,     2,      28.81,      31.10,       0.00,    19592.5,       2.50,       1.28
    0,    38,     3,      43.30,      73.20,       0.00,     7706.9,       2.18,       1.14
    0,    38,     4,      67.96,      72.90,       0.00,     9583.9,       2.22,       1.19
    0,    38,     5,      85.76,      74.08,       0.00,     9118.8,       2.20,       1.17
    0,    38,     6,     136.17,      74.98,       0.00,    15034.3,       2.26,       1.21
    0,    38,     7,     103.11,      78.46,       0.00,     7753.2,       2.15,       1.15
    0,    38,     8,      69.64,     111.35,       0.00,    12521.5,       2.25,       1.15
    0,    38,     9,     112.30,     131.26,       0.00,    12777.8,       2.21,       1.19
    0,    38,    10,      94.81,     138.16,       0.00,     5905.9,       2.13,       1.18
    0,    38,    11,     101.36,     164.17,       0.00,     8556.8,       2.21,       1.19
    0,    39,     1,       8.65,      14.88,       0.00,     3258.5,       2.24,       1.13
    0,    39,     2,      28.84,      31.11,       0.00,    19278.1,       2.46,       1.28
    0,    39,     3,      43.32,      73.15,       0.00,     7680.6,       2.20,       1.12
    0,    39,     4,      67.96,      72.89,       0.00,     9748.8,       2.28,       1.20
    0,    39,     5,      85.77,      74.07,       0.00,     8980.5,       2.21,       1.18
    0,    39,     6,     136.24,      74.99,       0.00,    14750.2,       2.22,       1.21
    0,    39,     7,     103.12,      78.51,       0.00,     8433.5,       2.17,       1.14
    0,    39,     8,      69.58,     111.35,       0.00,    12455.6,       2.19,       1.18
    0,    39,     9,     112.29,     131.25,       0.00,    12742.1,       2.31,       1.18
    0,    39,    10,      94.77,     138.18,       0.00,     6137.6,       2.22,       1.18
    0,    39,    11,     101.31,     164.16,       0.00,     8423.2,       2.17,       1.16
    0,    40,     1,       8.62,      14.85,       0.00,     3295.2,       2.20,       1.12
    0,    40,     2,      28.83,      31.12,       0.00,    19518.0,       2.46,       1.29
    0,    40,     3,      43.30,      73.21,       0.00,     7997.7,       2.21,       1.18
    0,    40,     4,      67.96,      72.93,       0.00,     9682.2,       2.26,       1.20
    0,    40,     5,      85.80,      74.07,       0.00,     9280.6,       2.20,       1.19
    0,    40,     6,     136.18,      75.02,       0.00,    15013.9,       2.26,       1.22
    0,    40,     7,     103.17,      78.48,       0.00,     8575.7,       2.17,       1.14
    0,    40,     8,      69.64,     111.35,       0.00,    12809.5,       2.22,       1.15
    0,    40,     9,     112.27,     131.26,       0.00,    12977.1,       2.27,       1.19
    0,    40,    10,      94.75,     138.15,       0.00,     5996.8,       2.29,       1.16
    0,    40,    11,     101.35,     164.14,       0.00,     8798.6,       2.20,       1.20
    0,    41,     1,       8.58,      14.95,       0.00,     3369.6,       2.21,       1.15
    0,    41,     2,      28.82,      31.11,       0.00,    19089.7,       2.47,       1.26
    0,    41,     3,      43.33,      73.18,       0.00,     8173.5,       2.18,       1.16
    0,    41,     4,      67.92,      72.94,       0.00,     9878.1,       2.29,       1.22
    0,    41,     5,      85.79,      74.07,       0.00,     9130.2,       2.25,       1.14
    0,    41,     6,     136.17,      75.00,       0.00,    14581.5,       2.28,       1.20
    0,    41,     7,     103.07,      78.51,       0.00,     8320.8,       2.23,       1.15
    0,    41,     8,      69.60,     111.38,       0.00,    12584.5,       2.17,       1.16
    0,    41,     9,     112.27,     131.23,       0.00,    13203.6,       2.29,       1.20
    0,    41,    10,      94.76,     138.13,       0.00,     6144.9,       2.19,       1.14
    0,    41,    11,     101.40,     164.19,       0.00,     8452.2,       2.24,       1.17
    0,    42,     1,       8.71,      14.89,       0.00,     3296.7,       2.11,       1.14
    0,    42,     2,      28.80,      31.14,       0.00,    18986.1,       2.46,       1.26
    0,    42,     3,      43.27,      73.21,       0.00,     8202.2,       2.28,       1.17
    0,    42,     4,      67.95,      72.90,       0.00,     9673.6,       2.16,       1.18
    0,    42,     5,      85.71,      74.10,       0.00,     9278.3,       2.22,       1.18
    0,    42,     6,     136.20,      75.02,       0.00,    14413.7,       2.24,       1.20
    0,    42,     7,     103.12,      78.49,       0.00,     8410.8,       2.23,       1.16
    0,    42,     8,      69.62,     111.36,       0.00,    12358.4,       2.17,       1.15
    0,    42,     9,     112.23,     131.28,       0.00,    12916.6,       2.35,       1.21
    0,    42,    10,      94.78,     138.19,       0.00,     5938.7,       2.26,       1.16
    0,    42,    11,     101.40,     164.21,       0.00,     8404.4,       2.16,       1.18
    0,    43,     1,       8.62,      14.95,       0.00,     3352.6,       2.25,       1.10
    0,    43,     2,      28.80,      31.13,       0.00,    19542.3,       2.47,       1.29
    0,    43,     3,      43.36,      73.19,       0.00,     8141.2,       2.21,       1.18
    0,    43,     4,      67.95,      72.90,       0.00,     9671.5,       2.23,       1.18
    0,    43,     5,      85.72,      74.11,       0.00,     9360.2,       2.19,       1.17
    0,    43,     6,     136.23,      75.00,       0.00,    14252.1,       2.25,       1.20
    0,    43,     7,     103.07,      78.52,       0.00,     8270.8,       2.18,       1.14
    0,    43,     8,      69.64,     111.37,       0.00,    12798.9,       2.19,       1.16
    0,    43,     9,     112.19,     131.28,       0.00,    12926.7,       2.29,       1.18
    0,    43,    10,      94.74,     138.20,       0.00,     6019.1,       2.26,       1.17
    0,    43,    11,     101.30,     164.20,       0.00,     8732.7,       2.21,       1.18
    0,    44,     1,       8.66,      14.90,       0.00,     3201.1,       2.19,       1.14
    0,    44,     2,      28.79,      31.14,       0.00,    19677.9,       2.49,       1.28
    0,    44,     3,      43.33,      73.17,       0.00,     8107.5,       2.25,       1.16
    0,    44,     4,      67.95,      72.93,       0.00,     9705.4,       2.27,       1.20
    0,    44,     5,      85.74,      74.06,       0.00,     9689.6,       2.22,       1.17
    0,    44,     6,     136.11,      75.02,       0.00,    14706.3,       2.28,       1.20
    0,    44,     7,     103.08,      78.50,       0.00,     8347.8,       2.19,       1.13
    0,    44,     8,      69.61,     111.36,       0.00,    12509.2,       2.16,       1.17
    0,    44,     9,     112.24,     131.29,       0.00,    12918.3,       2.26,       1.18
    0,    44,    10,      94.72,     138.21,       0.00,     5842.0,       2.26,       1.15
    0,    44,    11,     101.34,     164.19,       0.00,     8505.2,       2.24,       1.16
