#stackID(UINT32), frameID(UINT32), eventID(UINT32), x0(float), y0(float), z0(float), photon_count0(float), sigmaX0(float), sigmaY0(float) 
    0,     0,     1,       9.06,      14.33,       0.00,     5937.1,       1.19,       2.59
    0,     0,     2,      29.33,      30.68,       0.00,    30275.8,       1.45,       2.91
    0,     0,     3,      43.81,      72.64,       0.00,    12077.0,       1.21,       2.63
    0,     0,     4,      68.41,      72.45,       0.00,    14213.4,       1.23,       2.65
    0,     0,     5,      86.14,      73.35,       0.00,    11441.7,       1.20,       2.56
    0,     0,     6,     136.95,      74.51,       0.00,    13894.9,       1.40,       2.51
    0,     0,     7,     103.55,      78.13,       0.00,    11061.4,       1.25,       2.75
    0,     0,     8,      70.07,     110.85,       0.00,    16447.2,       1.24,       2.64
    0,     0,     9,     112.69,     130.88,       0.00,    18437.2,       1.29,       2.63
    0,     0,    10,      95.09,     137.85,       0.00,     7782.8,       1.27,       2.61
    0,     0,    11,     101.85,     163.60,       0.00,    10820.0,       1.27,       2.56
    0,     1,     1,       9.05,      14.20,       0.00,     5743.8,       1.17,       2.53
    0,     1,     2,      29.33,      30.70,       0.00,    29071.6,       1.46,       2.85
    0,     1,     3,      43.79,      72.70,       0.00,    11989.9,       1.24,       2.71
    0,     1,     4,      68.41,      72.52,       0.00,    14166.5,       1.24,       2.62
    0,     1,     5,      86.11,      73.41,       0.00,    11307.5,       1.22,       2.54
    0,     1,     6,     136.58,      74.51,       0.00,    16684.3,       1.22,       2.66
    0,     1,     7,     103.56,      78.19,       0.00,    10605.9,       1.21,       2.67
    0,     1,     8,      70.07,     110.89,       0.00,    16246.9,       1.25,       2.60
    0,     1,     9,     112.71,     130.89,       0.00,    18518.5,       1.30,       2.65
    0,     1,    10,      95.07,     137.81,       0.00,     7477.2,       1.25,       2.43
    0,     1,    11,     101.85,     163.60,       0.00,    10518.4,       1.24,       2.52
    0,     2,     1,       9.08,      14.24,       0.00,     5877.4,       1.20,       2.58
    0,     2,     2,      29.33,      30.70,       0.00,    28815.8,       1.44,       2.87
    0,     2,     3,      43.79,      72.62,       0.00,    11579.2,       1.22,       2.59
    0,     2,     4,      68.39,      72.44,       0.00,    14337.7,       1.26,       2.67
    0,     2,     5,      86.16,      73.47,       0.00,    10972.8,       1.27,       2.61
    0,     2,     6,     136.56,      74.45,       0.00,    16751.2,       1.24,       2.66
    0,     2,     7,     103.54,      78.11,       0.00,    10624.6,       1.27,       2.72
    0,     2,     8,      70.04,     110.84,       0.00,    16197.8,       1.26,       2.64
    0,     2,     9,     112.72,     130.91,       0.00,    18462.6,       1.29,       2.62
    0,     2,    10,      95.02,     137.77,       0.00,     7476.5,       1.21,       2.47
    0,     2,    11,     101.85,     163.58,       0.00,    10426.9,       1.26,       2.51
    0,     3,     1,       9.09,      14.26,       0.00,     5834.6,       1.23,       2.68
    0,     3,     2,      29.34,      30.70,       0.00,    29174.4,       1.45,       2.87
    0,     3,     3,      43.81,      72.68,       0.00,    11660.3,       1.26,       2.61
    0,     3,     4,      68.41,      72.48,       0.00,    13755.3,       1.23,       2.70
    0,     3,     5,      86.11,      73.35,       0.00,    10755.8,       1.24,       2.51
    0,     3,     6,     136.58,      74.49,       0.00,    17004.8,       1.24,       2.71
    0,     3,     7,     103.57,      78.20,       0.00,    10028.8,       1.23,       2.67
    0,     3,     8,      70.06,     110.82,       0.00,    15978.9,       1.25,       2.60
    0,     3,     9,     112.68,     130.86,       0.00,    17997.1,       1.31,       2.62
    0,     3,    10,      95.07,     137.79,       0.00,     7499.9,       1.24,       2.55
    0,     3,    11,     101.85,     163.59,       0.00,    10193.8,       1.27,       2.49
    0,     4,     1,       9.08,      14.29,       0.00,     5953.3,       1.22,       2.63
    0,     4,     2,      29.34,      30.72,       0.00,    28898.7,       1.43,       2.87
    0,     4,     3,      43.80,      72.67,       0.00,    11673.0,       1.22,       2.60
    0,     4,     4,      68.43,      72.49,       0.00,    13860.3,       1.26,       2.62
    0,     4,     5,      86.13,      73.36,       0.00,    10862.7,       1.24,       2.57
    0,     4,     6,     136.59,      74.49,       0.00,    16720.3,       1.25,       2.64
    0,     4,     7,     103.57,      78.20,       0.00,    10212.3,       1.25,       2.73
    0,     4,     8,      70.06,     110.91,       0.00,    16400.5,       1.26,       2.64
    0,     4,     9,     112.67,     130.87,       0.00,    18226.6,       1.31,       2.64
    0,     4,    10,      95.05,     137.90,       0.00,     7265.2,       1.21,       2.53
    0,     4,    11,     101.85,     163.63,       0.00,    10662.3,       1.27,       2.58
    0,     5,     1,       9.07,      14.20,       0.00,     5575.6,       1.21,       2.64
    0,     5,     2,      29.32,      30.66,       0.00,    28500.8,       1.44,       2.83
    0,     5,     3,      43.84,      72.59,       0.00,    11660.6,       1.22,       2.68
    0,     5,     4,      68.40,      72.51,       0.00,    14265.4,       1.26,       2.69
    0,     5,     5,      86.13,      73.40,       0.00,    11416.6,       1.22,       2.60
    0,     5,     6,     136.58,      74.50,       0.00,    16456.6,       1.23,       2.63
    0,     5,     7,     103.57,      78.21,       0.00,    10899.9,       1.26,       2.73
    0,     5,     8,      70.05,     110.80,       0.00,    14953.3,       1.24,       2.55
    0,     5,     9,     112.70,     130.81,       0.00,    17843.3,       1.29,       2.68
    0,     5,    10,      95.03,     137.81,       0.00,     7154.2,       1.22,       2.44
    0,     5,    11,     101.85,     163.62,       0.00,    10728.7,       1.26,       2.56
    0,     6,     1,       9.08,      14.20,       0.00,     5756.2,       1.18,       2.65
    0,     6,     2,      29.33,      30.71,       0.00,    28440.5,       1.43,       2.84
    0,     6,     3,      43.81,      72.64,       0.00,    11299.5,       1.21,       2.64
    0,     6,     4,      68.42,      72.50,       0.00,    13905.5,       1.23,       2.65
    0,     6,     5,      86.12,      73.34,       0.00,    10973.3,       1.22,       2.54
    0,     6,     6,     103.56,      78.13,       0.00,    10627.0,       1.24,       2.66
    0,     6,     7,      70.02,     110.86,       0.00,    14791.6,       1.25,       2.58
    0,     6,     8,      95.09,     137.90,       0.00,     7165.5,       1.18,       2.54
    0,     6,     9,     101.85,     163.59,       0.00,    10691.0,       1.25,       2.55
    0,     7,     1,       9.13,      14.14,       0.00,     5774.9,       1.22,       2.64
    0,     7,     2,      29.33,      30.68,       0.00,    28329.3,       1.44,       2.82
    0,     7,     3,      43.82,      72.68,       0.00,    11483.7,       1.20,       2.63
    0,     7,     4,      68.43,      72.47,       0.00,    14180.6,       1.25,       2.68
    0,     7,     5,      86.09,      73.29,       0.00,    10694.2,       1.21,       2.53
    0,     7,     6,     136.60,      74.45,       0.00,    16947.0,       1.23,       2.64
    0,     7,     7,     103.57,      78.16,       0.00,    10534.8,       1.26,       2.74
    0,     7,     8,      70.02,     110.84,       0.00,    14340.6,       1.22,       2.59
    0,     7,     9,     112.67,     130.89,       0.00,    17685.3,       1.30,       2.65
    0,     7,    10,      95.06,     137.82,       0.00,     7269.2,       1.23,       2.54
    0,     7,    11,     101.86,     163.65,       0.00,    10633.5,       1.28,       2.57
    0,     8,     1,       9.13,      14.28,       0.00,     5701.6,       1.21,       2.58
    0,     8,     2,      29.32,      30.68,       0.00,    28511.3,       1.42,       2.86
    0,     8,     3,      43.81,      72.65,       0.00,    11577.2,       1.25,       2.63
    0,     8,     4,      68.42,      72.52,       0.00,    13900.8,       1.21,       2.66
    0,     8,     5,      86.12,      73.33,       0.00,    10295.2,       1.24,       2.55
    0,     8,     6,     136.58,      74.52,       0.00,    17069.2,       1.24,       2.68
    0,     8,     7,     103.58,      78.18,       0.00,    10332.4,       1.25,       2.69
    0,     8,     8,      70.02,     110.87,       0.00,    14404.8,       1.23,       2.58
    0,     8,     9,     112.68,     130.84,       0.00,    17469.9,       1.29,       2.63
    0,     8,    10,      95.05,     137.80,       0.00,     7026.7,       1.20,       2.45
    0,     8,    11,     101.83,     163.57,       0.00,    10471.4,       1.24,       2.48
    0,     9,     1,       9.09,      14.19,       0.00,     5470.2,       1.21,       2.57
    0,     9,     2,      29.33,      30.70,       0.00,    28154.7,       1.42,       2.82
    0,     9,     3,      43.79,      72.64,       0.00,    11610.5,       1.21,       2.64
    0,     9,     4,      68.42,      72.49,       0.00,    14083.8,       1.25,       2.67
    0,     9,     5,      86.14,      73.33,       0.00,    10501.6,       1.24,       2.55
    0,     9,     6,     136.57,      74.47,       0.00,    16245.2,       1.22,       2.63
    0,     9,     7,     103.57,      78.08,       0.00,    10190.1,       1.26,       2.74
    0,     9,     8,      70.00,     110.95,       0.00,    14193.2,       1.24,       2.63
    0,     9,     9,     112.69,     130.91,       0.00,    17109.5,       1.27,       2.57
    0,     9,    10,      95.03,     137.86,       0.00,     7406.7,       1.20,       2.55
    0,     9,    11,     101.85,     163.57,       0.00,    10441.0,       1.26,       2.61
    0,    10,     1,       9.11,      14.24,       0.00,     5591.0,       1.19,       2.62
    0,    10,     2,      29.33,      30.68,       0.00,    27931.4,       1.42,       2.80
    0,    10,     3,      43.82,      72.67,       0.00,    11382.4,       1.20,       2.62
    0,    10,     4,      68.40,      72.50,       0.00,    13872.9,       1.24,       2.68
    0,    10,     5,      86.09,      73.36,       0.00,    10378.8,       1.20,       2.54
    0,    10,     6,     136.56,      74.46,       0.00,    16549.1,       1.22,       2.67
    0,    10,     7,     103.56,      78.06,       0.00,    10215.9,       1.20,       2.65
    0,    10,     8,      70.05,     110.90,       0.00,    14525.1,       1.25,       2.65
    0,    10,     9,     112.67,     130.85,       0.00,    17728.8,       1.29,       2.62
    0,    10,    10,      95.09,     137.89,       0.00,     7055.4,       1.18,       2.51
    0,    10,    11,     101.85,     163.63,       0.00,    10500.6,       1.26,       2.59
    0,    11,     1,       9.13,      14.28,       0.00,     5605.6,       1.20,       2.66
    0,    11,     2,      29.33,      30.68,       0.00,    28445.0,       1.45,       2.82
    0,    11,     3,      43.83,      72.69,       0.00,    11219.5,       1.22,       2.61
    0,    11,     4,      68.40,      72.50,       0.00,    14047.4,       1.27,       2.68
    0,    11,     5,      86.09,      73.37,       0.00,    10739.9,       1.25,       2.58
    0,    11,     6,     136.60,      74.44,       0.00,    15659.4,       1.24,       2.69
    0,    11,     7,     103.56,      78.15,       0.00,    10142.0,       1.22,       2.68
    0,    11,     8,      70.02,     110.88,       0.00,    14289.6,       1.26,       2.63
    0,    11,     9,     112.68,     130.89,       0.00,    17245.6,       1.31,       2.61
    0,    11,    10,      95.08,     137.84,       0.00,     6990.4,       1.18,       2.54
    0,    11,    11,     101.85,     163.63,       0.00,    10174.4,       1.27,       2.51
    0,    12,     1,       9.10,      14.29,       0.00,     5784.6,       1.21,       2.68
    0,    12,     2,      29.31,      30.71,       0.00,    28371.7,       1.43,       2.83
    0,    12,     3,      43.82,      72.67,       0.00,    11811.5,       1.24,       2.66
    0,    12,     4,      68.41,      72.53,       0.00,    13741.3,       1.25,       2.63
    0,    12,     5,      86.07,      73.38,       0.00,    10574.2,       1.24,       2.53
    0,    12,     6,     136.58,      74.45,       0.00,    16248.9,       1.22,       2.67
    0,    12,     7,     103.56,      78.12,       0.00,    10525.8,       1.26,       2.72
    0,    12,     8,      70.03,     110.86,       0.00,    14198.6,       1.24,       2.62
    0,    12,     9,     112.69,     130.86,       0.00,    17205.0,       1.28,       2.66
    0,    12,    10,      95.06,     137.80,       0.00,     7412.9,       1.25,       2.54
    0,    12,    11,     101.87,     163.59,       0.00,    10085.4,       1.24,       2.50
    0,    13,     1,       9.03,      14.31,       0.00,     5579.8,       1.21,       2.62
    0,    13,     2,      29.33,      30.73,       0.00,    27749.6,       1.43,       2.81
    0,    13,     3,      43.81,      72.68,       0.00,    11441.7,       1.23,       2.62
    0,    13,     4,      68.42,      72.48,       0.00,    14434.6,       1.22,       2.63
    0,    13,     5,      86.13,      73.32,       0.00,     9964.9,       1.20,       2.53
    0,    13,     6,     136.57,      74.45,       0.00,    16192.6,       1.23,       2.60
    0,    13,     7,     103.58,      78.21,       0.00,    10424.4,       1.27,       2.74
    0,    13,     8,      70.00,     110.87,       0.00,    14136.8,       1.22,       2.59
    0,    13,     9,     112.72,     130.89,       0.00,    17531.9,       1.30,       2.67
    0,    13,    10,      94.99,     137.78,       0.00,     7264.0,       1.27,       2.59
    0,    13,    11,     101.86,     163.63,       0.00,    10391.8,       1.24,       2.54
    0,    14,     1,       9.09,      14.24,       0.00,     5544.0,       1.21,       2.67
    0,    14,     2,      29.32,      30.68,       0.00,    28193.5,       1.43,       2.81
    0,    14,     3,      43.77,      72.64,       0.00,    11516.4,       1.23,       2.64
    0,    14,     4,      68.40,      72.46,       0.00,    14940.1,       1.27,       2.63
    0,    14,     5,      86.13,      73.39,       0.00,    10691.4,       1.22,       2.59
    0,    14,     6,     136.58,      74.43,       0.00,    16173.4,       1.22,       2.61
    0,    14,     7,     103.56,      78.10,       0.00,    10472.1,       1.25,       2.72
    0,    14,     8,      70.01,     110.91,       0.00,    14340.3,       1.23,       2.61
    0,    14,     9,     112.68,     130.89,       0.00,    17264.1,       1.32,       2.65
    0,    14,    10,      95.05,     137.77,       0.00,     7267.5,       1.22,       2.47
    0,    14,    11,     101.85,     163.56,       0.00,    10509.3,       1.27,       2.54
    0,    15,     1,       9.08,      14.29,       0.00,     5659.5,       1.25,       2.53
    0,    15,     2,      29.33,      30.68,       0.00,    28565.9,       1.45,       2.82
    0,    15,     3,      43.80,      72.69,       0.00,    11335.1,       1.22,       2.66
    0,    15,     4,      68.40,      72.50,       0.00,    14831.6,       1.25,       2.70
    0,    15,     5,      86.15,      73.37,       0.00,    10479.5,       1.25,       2.65
    0,    15,     6,     136.59,      74.49,       0.00,    15949.2,       1.22,       2.62
    0,    15,     7,     103.55,      78.17,       0.00,    10386.3,       1.23,       2.68
    0,    15,     8,      70.03,     110.87,       0.00,    14903.7,       1.25,       2.58
    0,    15,     9,     112.67,     130.82,       0.00,    16644.7,       1.28,       2.60
    0,    15,    10,      95.02,     137.76,       0.00,     7284.2,       1.24,       2.53
    0,    15,    11,     101.84,     163.63,       0.00,     9930.6,       1.23,       2.51
    0,    16,     1,       9.07,      14.19,       0.00,     5520.8,       1.20,       2.51
    0,    16,     2,      29.33,      30.73,       0.00,    28448.8,       1.44,       2.82
    0,    16,     3,      43.78,      72.71,       0.00,    11078.9,       1.21,       2.60
    0,    16,     4,      68.41,      72.44,       0.00,    14772.9,       1.23,       2.61
    0,    16,     5,      86.12,      73.35,       0.00,    10490.1,       1.22,       2.54
    0,    16,     6,     136.56,      74.48,       0.00,    15899.8,       1.22,       2.64
    0,    16,     7,     103.53,      78.18,       0.00,    10281.6,       1.29,       2.66
    0,    16,     8,      69.99,     110.88,       0.00,    14922.4,       1.25,       2.54
    0,    16,     9,     112.70,     130.85,       0.00,    16725.4,       1.27,       2.63
    0,    16,    10,      95.05,     137.79,       0.00,     6918.9,       1.23,       2.51
    0,    16,    11,     101.85,     163.64,       0.00,    10374.8,       1.25,       2.58
    0,    17,     1,       9.12,      14.29,       0.00,     5349.3,       1.19,       2.56
    0,    17,     2,      29.32,      30.69,       0.00,    28287.1,       1.44,       2.83
    0,    17,     3,      43.82,      72.64,       0.00,    11402.4,       1.25,       2.60
    0,    17,     4,      68.39,      72.44,       0.00,    14420.1,       1.24,       2.65
    0,    17,     5,      86.10,      73.33,       0.00,    10214.8,       1.22,       2.55
    0,    17,     6,     136.59,      74.45,       0.00,    16088.2,       1.23,       2.63
    0,    17,     7,     103.54,      78.14,       0.00,     9609.4,       1.23,       2.69
    0,    17,     8,      70.03,     110.87,       0.00,    14869.1,       1.25,       2.60
    0,    17,     9,     112.68,     130.88,       0.00,    17242.1,       1.28,       2.65
    0,    17,    10,      95.05,     137.73,       0.00,     6855.0,       1.26,       2.44
    0,    17,    11,     101.82,     163.62,       0.00,    10205.4,       1.25,       2.53
    0,    18,     1,       9.09,      14.26,       0.00,     5585.1,       1.14,       2.61
    0,    18,     2,      29.32,      30.69,       0.00,    28220.3,       1.45,       2.79
    0,    18,     3,      68.40,      72.43,       0.00,    14267.1,       1.24,       2.58
    0,    18,     4,      43.77,      72.61,       0.00,    11280.3,       1.25,       2.59
    0,    18,     5,      86.11,      73.41,       0.00,    10132.7,       1.22,       2.57
    0,    18,     6,     136.58,      74.49,       0.00,    16009.9,       1.23,       2.61
    0,    18,     7,     103.55,      78.22,       0.00,     9928.6,       1.23,       2.62
    0,    18,     8,      70.01,     110.89,       0.00,    14972.6,       1.25,       2.59
    0,    18,     9,     112.69,     130.87,       0.00,    16752.8,       1.25,       2.56
    0,    18,    10,      95.06,     137.86,       0.00,     6887.5,       1.21,       2.49
    0,    18,    11,     101.84,     163.59,       0.00,    10403.1,       1.25,       2.54
    0,    19,     1,       9.10,      14.17,       0.00,     5583.2,       1.22,       2.60
    0,    19,     2,      29.32,      30.72,       0.00,    27373.8,       1.41,       2.78
    0,    19,     3,      43.77,      72.66,       0.00,    11278.7,       1.25,       2.65
    0,    19,     4,      68.42,      72.49,       0.00,    14141.4,       1.23,       2.65
    0,    19,     5,      86.11,      73.44,       0.00,     9723.6,       1.24,       2.57
    0,    19,     6,     136.54,      74.50,       0.00,    16215.5,       1.24,       2.60
    0,    19,     7,     103.53,      78.10,       0.00,    10386.6,       1.24,       2.65
    0,    19,     8,      69.98,     110.92,       0.00,    15141.5,       1.23,       2.58
    0,    19,     9,     112.67,     130.85,       0.00,    17217.0,       1.29,       2.63
    0,    19,    10,      95.06,     137.88,       0.00,     6641.4,       1.24,       2.42
    0,    19,    11,     101.85,     163.53,       0.00,    10135.9,       1.25,       2.42
    0,    20,     1,       9.10,      14.25,       0.00,     5405.9,       1.17,       2.63
    0,    20,     2,      29.30,      30.71,       0.00,    28058.4,       1.44,       2.79
    0,    20,     3,      68.40,      72.44,       0.00,    14508.3,       1.26,       2.66
    0,    20,     4,      43.82,      72.67,       0.00,    11289.7,       1.20,       2.57
    0,    20,     5,      86.11,      73.40,       0.00,     9724.5,       1.23,       2.56
    0,    20,     6,     136.55,      74.45,       0.00,    15831.2,       1.22,       2.61
    0,    20,     7,     103.56,      78.22,       0.00,    10129.3,       1.24,       2.65
    0,    20,     8,      70.00,     110.87,       0.00,    15005.3,       1.26,       2.56
    0,    20,     9,     112.71,     130.89,       0.00,    17509.6,       1.28,       2.63
    0,    20,    10,      95.07,     137.82,       0.00,     6156.3,       1.19,       2.44
    0,    20,    11,     101.83,     163.65,       0.00,    10369.9,       1.25,       2.49
    0,    21,     1,       9.09,      14.26,       0.00,     5643.3,       1.18,       2.55
    0,    21,     2,      29.30,      30.73,       0.00,    27299.8,       1.40,       2.79
    0,    21,     3,      43.82,      72.66,       0.00,    11200.4,       1.23,       2.54
    0,    21,     4,      68.38,      72.48,       0.00,    14114.7,       1.24,       2.62
    0,    21,     5,      86.11,      73.36,       0.00,     9732.4,       1.22,       2.52
    0,    21,     6,     136.58,      74.51,       0.00,    16122.6,       1.23,       2.56
    0,    21,     7,     103.55,      78.25,       0.00,     9499.3,       1.25,       2.62
    0,    21,     8,      70.00,     110.87,       0.00,    15174.0,       1.27,       2.58
    0,    21,     9,     112.68,     130.90,       0.00,    17303.5,       1.29,       2.59
    0,    21,    10,      95.06,     137.89,       0.00,     6230.8,       1.22,       2.45
    0,    21,    11,     101.82,     163.55,       0.00,    10392.6,       1.26,       2.54
    0,    22,     1,       9.07,      14.26,       0.00,     5717.5,       1.21,       2.62
    0,    22,     2,      29.31,      30.70,       0.00,    27873.5,       1.43,       2.79
    0,    22,     3,      43.78,      72.70,       0.00,    11025.9,       1.22,       2.60
    0,    22,     4,      68.39,      72.48,       0.00,    13905.8,       1.24,       2.58
    0,    22,     5,      86.13,      73.40,       0.00,     9683.6,       1.24,       2.52
    0,    22,     6,     136.56,      74.48,       0.00,    15714.2,       1.21,       2.60
    0,    22,     7,     103.53,      78.22,       0.00,     9886.9,       1.27,       2.72
    0,    22,     8,      70.01,     110.91,       0.00,    14843.5,       1.26,       2.55
    0,    22,     9,     112.68,     130.87,       0.00,    17609.8,       1.30,       2.60
    0,    22,    10,      95.07,     137.89,       0.00,     6467.6,       1.19,       2.48
    0,    22,    11,     101.86,     163.63,       0.00,    10420.3,       1.26,       2.57
    0,    23,     1,       9.03,      14.25,       0.00,     5516.4,       1.23,       2.60
    0,    23,     2,      29.32,      30.68,       0.00,    27990.2,       1.44,       2.78
    0,    23,     3,      68.38,      72.51,       0.00,    13994.4,       1.21,       2.63
    0,    23,     4,      43.81,      72.64,       0.00,    10509.0,       1.21,       2.59
    0,    23,     5,      86.07,      73.43,       0.00,     9598.2,       1.20,       2.53
    0,    23,     6,     136.56,      74.50,       0.00,    16036.1,       1.24,       2.62
    0,    23,     7,     103.54,      78.18,       0.00,     9858.4,       1.27,       2.66
    0,    23,     8,      70.02,     110.85,       0.00,    14630.7,       1.24,       2.54
    0,    23,     9,     112.68,     130.93,       0.00,    17164.6,       1.31,       2.60
    0,    23,    10,      95.08,     137.86,       0.00,     6294.4,       1.23,       2.45
    0,    23,    11,     101.82,     163.60,       0.00,    10534.3,       1.25,       2.51
    0,    24,     1,       9.08,      14.19,       0.00,     5452.0,       1.20,       2.56
    0,    24,     2,      29.31,      30.67,       0.00,    27821.2,       1.45,       2.76
    0,    24,     3,      43.77,      72.74,       0.00,    10672.0,       1.24,       2.60
    0,    24,     4,      68.39,      72.44,       0.00,    14227.6,       1.23,       2.64
    0,    24,     5,      86.10,      73.37,       0.00,     9752.1,       1.24,       2.55
    0,    24,     6,     136.56,      74.48,       0.00,    16288.5,       1.25,       2.65
    0,    24,     7,     103.55,      78.13,       0.00,     9489.3,       1.22,       2.61
    0,    24,     8,      70.00,     110.89,       0.00,    15117.4,       1.24,       2.55
    0,    24,     9,     112.68,     130.90,       0.00,    17183.6,       1.27,       2.57
    0,    24,    10,      95.09,     137.83,       0.00,     6738.1,       1.20,       2.52
    0,    24,    11,     101.82,     163.61,       0.00,    10155.7,       1.26,       2.45
    0,    25,     1,       9.08,      14.23,       0.00,     5374.2,       1.18,       2.54
    0,    25,     2,      29.32,      30.72,       0.00,    27960.8,       1.45,       2.78
    0,    25,     3,      43.78,      72.72,       0.00,    10617.0,       1.24,       2.54
    0,    25,     4,      68.37,      72.51,       0.00,    13994.5,       1.23,       2.58
    0,    25,     5,      86.08,      73.37,       0.00,     9378.8,       1.23,       2.45
    0,    25,     6,     136.57,      74.45,       0.00,    16240.9,       1.23,       2.61
    0,    25,     7,     103.54,      78.18,       0.00,    10213.2,       1.28,       2.70
    0,    25,     8,      70.00,     110.91,       0.00,    14777.0,       1.22,       2.56
    0,    25,     9,     112.67,     130.90,       0.00,    17699.8,       1.31,       2.63
    0,    25,    10,      95.06,     137.83,       0.00,     6684.1,       1.26,       2.53
    0,    25,    11,     101.81,     163.67,       0.00,    10183.7,       1.22,       2.53
    0,    26,     1,       9.12,      14.26,       0.00,     5575.2,       1.18,       2.55
    0,    26,     2,      29.31,      30.70,       0.00,    27472.8,       1.42,       2.78
    0,    26,     3,      43.79,      72.75,       0.00,    10675.8,       1.24,       2.62
    0,    26,     4,      68.34,      72.52,       0.00,    13795.0,       1.23,       2.56
    0,    26,     5,      86.08,      73.42,       0.00,     9451.4,       1.22,       2.52
    0,    26,     6,     136.56,      74.44,       0.00,    16013.0,       1.21,       2.60
    0,    26,     7,     103.55,      78.23,       0.00,     9696.8,       1.24,       2.67
    0,    26,     8,      69.97,     110.89,       0.00,    14857.4,       1.24,       2.56
    0,    26,     9,     112.68,     130.90,       0.00,    16975.0,       1.28,       2.58
    0,    26,    10,      95.06,     137.87,       0.00,     6145.7,       1.23,       2.45
    0,    26,    11,     101.83,     163.63,       0.00,    10170.7,       1.26,       2.47
    0,    27,     1,       9.04,      14.22,       0.00,     5637.1,       1.23,       2.56
    0,    27,     2,      29.31,      30.71,       0.00,    28277.8,       1.45,       2.79
    0,    27,     3,      43.81,      72.71,       0.00,    10309.3,       1.22,       2.63
    0,    27,     4,      68.39,      72.49,       0.00,    13799.2,       1.22,       2.66
    0,    27,     5,      86.10,      73.34,       0.00,     9148.8,       1.24,       2.50
    0,    27,     6,     136.56,      74.48,       0.00,    15804.7,       1.22,       2.57
    0,    27,     7,     103.55,      78.18,       0.00,     9784.0,       1.23,       2.66
    0,    27,     8,      69.99,     110.90,       0.00,    14916.8,       1.23,       2.53
    0,    27,     9,     112.66,     130.87,       0.00,    17087.0,       1.27,       2.61
    0,    27,    10,      95.07,     137.84,       0.00,     6281.0,       1.24,       2.46
    0,    27,    11,     101.85,     163.61,       0.00,    10201.7,       1.25,       2.48
    0,    28,     1,       9.06,      14.28,       0.00,     5425.2,       1.24,       2.56
    0,    28,     2,      29.30,      30.70,       0.00,    28092.8,       1.44,       2.78
    0,    28,     3,      43.76,      72.69,       0.00,     9891.1,       1.20,       2.53
    0,    28,     4,      68.39,      72.54,       0.00,    14197.3,       1.22,       2.63
    0,    28,     5,      86.09,      73.39,       0.00,     9375.6,       1.19,       2.52
    0,    28,     6,     136.55,      74.49,       0.00,    15786.4,       1.25,       2.52
    0,    28,     7,     103.51,      78.21,       0.00,    10411.2,       1.27,       2.66
    0,    28,     8,      69.99,     110.92,       0.00,    15336.4,       1.30,       2.54
    0,    28,     9,     112.66,     130.99,       0.00,    16748.1,       1.30,       2.60
    0,    28,    10,      95.04,     137.78,       0.00,     6548.9,       1.26,       2.46
    0,    28,    11,     101.82,     163.54,       0.00,     9881.6,       1.24,       2.51
    0,    29,     1,       9.10,      14.23,       0.00,     5553.6,       1.18,       2.62
    0,    29,     2,      29.30,      30.70,       0.00,    28354.1,       1.45,       2.78
    0,    29,     3,      43.76,      72.67,       0.00,    10192.2,       1.24,       2.56
    0,    29,     4,      68.38,      72.49,       0.00,    14009.6,       1.25,       2.56
    0,    29,     5,      86.08,      73.39,       0.00,     9315.6,       1.23,       2.53
    0,    29,     6,     136.57,      74.52,       0.00,    15959.8,       1.22,       2.61
    0,    29,     7,     103.55,      78.23,       0.00,    10061.9,       1.29,       2.69
    0,    29,     8,      69.99,     110.90,       0.00,    14973.8,       1.25,       2.53
    0,    29,     9,     112.64,     130.91,       0.00,    16528.4,       1.27,       2.57
    0,    29,    10,      95.03,     137.79,       0.00,     6948.9,       1.24,       2.48
    0,    29,    11,     101.84,     163.58,       0.00,    10025.6,       1.21,       2.46
    0,    30,     1,       9.07,      14.18,       0.00,     5437.9,       1.21,       2.53
    0,    30,     2,      29.30,      30.71,       0.00,    28120.2,       1.45,       2.77
    0,    30,     3,      68.40,      72.56,       0.00,    14122.5,       1.26,       2.63
    0,    30,     4,      43.74,      72.73,       0.00,    10045.8,       1.22,       2.60
    0,    30,     5,      86.08,      73.37,       0.00,     9486.3,       1.24,       2.45
    0,    30,     6,     136.56,      74.48,       0.00,    15521.8,       1.22,       2.59
    0,    30,     7,     103.55,      78.27,       0.00,    10203.8,       1.30,       2.63
    0,    30,     8,      70.01,     110.89,       0.00,    15259.2,       1.25,       2.54
    0,    30,     9,     112.69,     130.92,       0.00,    16334.4,       1.29,       2.53
    0,    30,    10,      95.04,     137.82,       0.00,     6419.8,       1.27,       2.35
    0,    30,    11,     101.82,     163.60,       0.00,    10346.2,       1.25,       2.49
    0,    31,     1,       9.08,      14.28,       0.00,     5410.8,       1.13,       2.55
    0,    31,     2,      29.33,      30.73,       0.00,    28106.3,       1.43,       2.81
    0,    31,     3,      43.79,      72.67,       0.00,    10299.0,       1.19,       2.62
    0,    31,     4,      68.37,      72.49,       0.00,    14042.1,       1.24,       2.60
    0,    31,     5,      86.11,      73.39,       0.00,    10066.5,       1.26,       2.54
    0,    31,     6,     136.56,      74.55,       0.00,    16163.0,       1.23,       2.58
    0,    31,     7,     103.56,      78.21,       0.00,     9270.0,       1.21,       2.61
    0,    31,     8,      70.01,     110.88,       0.00,    15633.9,       1.25,       2.56
    0,    31,     9,     112.69,     130.89,       0.00,    17065.5,       1.32,       2.59
    0,    31,    10,      95.04,     137.83,       0.00,     6174.3,       1.21,       2.46
    0,    31,    11,     101.84,     163.57,       0.00,    10334.2,       1.27,       2.48
    0,    32,     1,       9.07,      14.27,       0.00,     5718.3,       1.20,       2.67
    0,    32,     2,      29.33,      30.72,       0.00,    28021.6,       1.44,       2.77
    0,    32,     3,      43.76,      72.72,       0.00,    10304.3,       1.23,       2.57
    0,    32,     4,      68.40,      72.48,       0.00,    13801.1,       1.23,       2.57
    0,    32,     5,      86.13,      73.43,       0.00,     9454.7,       1.23,       2.53
    0,    32,     6,     136.58,      74.56,       0.00,    16057.5,       1.21,       2.59
    0,    32,     7,     103.53,      78.18,       0.00,     9796.1,       1.25,       2.64
    0,    32,     8,      70.02,     110.88,       0.00,    15992.4,       1.28,       2.49
    0,    32,     9,     112.68,     130.88,       0.00,    16660.5,       1.28,       2.59
    0,    32,    10,      95.06,     137.87,       0.00,     6266.3,       1.26,       2.42
    0,    32,    11,     101.86,     163.62,       0.00,    10116.1,       1.26,       2.46
    0,    33,     1,       9.07,      14.24,       0.00,     5408.8,       1.20,       2.55
    0,    33,     2,      29.30,      30.71,       0.00,    27492.1,       1.45,       2.71
    0,    33,     3,      43.79,      72.72,       0.00,    10368.8,       1.25,       2.51
    0,    33,     4,      68.41,      72.49,       0.00,    13820.9,       1.22,       2.59
    0,    33,     5,      86.15,      73.43,       0.00,     9377.0,       1.22,       2.42
    0,    33,     6,     136.58,      74.50,       0.00,    15731.3,       1.22,       2.58
    0,    33,     7,     103.57,      78.21,       0.00,    10355.3,       1.27,       2.66
    0,    33,     8,      70.03,     110.85,       0.00,    15470.7,       1.26,       2.50
    0,    33,     9,     112.69,     130.91,       0.00,    16612.0,       1.29,       2.61
    0,    33,    10,      95.09,     137.82,       0.00,     6153.6,       1.22,       2.42
    0,    33,    11,     101.84,     163.65,       0.00,    10326.4,       1.23,       2.43
    0,    34,     1,       9.13,      14.31,       0.00,     5650.7,       1.24,       2.55
    0,    34,     2,      29.32,      30.72,       0.00,    26974.4,       1.43,       2.71
    0,    34,     3,      43.78,      72.64,       0.00,    10551.1,       1.26,       2.58
    0,    34,     4,      68.39,      72.51,       0.00,    13656.9,       1.23,       2.61
    0,    34,     5,      86.11,      73.40,       0.00,     9699.4,       1.21,       2.48
    0,    34,     6,     136.55,      74.49,       0.00,    16090.8,       1.22,       2.60
    0,    34,     7,     103.57,      78.19,       0.00,    10231.7,       1.31,       2.68
    0,    34,     8,      70.02,     110.86,       0.00,    15912.2,       1.25,       2.52
    0,    34,     9,     112.68,     130.79,       0.00,    16844.9,       1.28,       2.52
    0,    34,    10,      95.09,     137.88,       0.00,     6064.4,       1.24,       2.46
    0,    34,    11,     101.88,     163.66,       0.00,    10016.6,       1.25,       2.50
    0,    35,     1,       9.07,      14.26,       0.00,     5728.9,       1.22,       2.60
    0,    35,     2,      29.31,      30.71,       0.00,    27241.2,       1.44,       2.74
    0,    35,     3,      43.76,      72.62,       0.00,    10111.1,       1.23,       2.46
    0,    35,     4,      68.36,      72.48,       0.00,    13485.4,       1.23,       2.56
    0,    35,     5,      86.09,      73.44,       0.00,     9612.4,       1.21,       2.44
    0,    35,     6,     136.56,      74.57,       0.00,    15912.4,       1.25,       2.55
    0,    35,     7,     103.56,      78.20,       0.00,     9462.0,       1.24,       2.52
    0,    35,     8,      70.03,     110.88,       0.00,    15806.7,       1.23,       2.51
    0,    35,     9,     112.67,     130.89,       0.00,    17268.6,       1.29,       2.55
    0,    35,    10,      95.04,     137.79,       0.00,     5888.5,       1.27,       2.43
    0,    35,    11,     101.84,     163.62,       0.00,    10122.7,       1.25,       2.44
    0,    36,     1,       9.06,      14.26,       0.00,     5689.5,       1.20,       2.60
    0,    36,     2,      29.31,      30.71,       0.00,    27031.1,       1.44,       2.73
    0,    36,     3,      43.78,      72.74,       0.00,    10385.3,       1.29,       2.58
    0,    36,     4,      68.39,      72.46,       0.00,    14039.1,       1.24,       2.59
    0,    36,     5,      86.08,      73.40,       0.00,     9512.6,       1.23,       2.46
    0,    36,     6,     136.54,      74.55,       0.00,    16057.1,       1.21,       2.55
    0,    36,     7,     103.52,      78.22,       0.00,     9227.7,       1.28,       2.62
    0,    36,     8,      69.99,     110.88,       0.00,    14954.8,       1.24,       2.52
    0,    36,     9,     112.67,     130.88,       0.00,    17187.9,       1.30,       2.60
    0,    36,    10,      95.09,     137.83,       0.00,     6001.5,       1.24,       2.45
    0,    36,    11,     101.81,     163.65,       0.00,    10145.7,       1.27,       2.45
    0,    37,     1,       9.06,      14.34,       0.00,     5430.2,       1.21,       2.49
    0,    37,     2,      29.30,      30.71,       0.00,    27128.4,       1.43,       2.74
    0,    37,     3,      43.77,      72.68,       0.00,    10076.1,       1.23,       2.51
    0,    37,     4,      68.36,      72.49,       0.00,    13961.9,       1.26,       2.60
    0,    37,     5,      86.08,      73.40,       0.00,     9825.3,       1.23,       2.49
    0,    37,     6,     136.54,      74.51,       0.00,    15909.8,       1.24,       2.54
    0,    37,     7,     103.55,      78.21,       0.00,     9119.5,       1.31,       2.63
    0,    37,     8,      69.99,     110.82,       0.00,    14918.4,       1.27,       2.54
    0,    37,     9,     112.67,     130.86,       0.00,    16398.7,       1.28,       2.52
    0,    37,    10,      95.07,     137.89,       0.00,     6027.7,       1.26,       2.44
    0,    37,    11,     101.79,     163.64,       0.00,    10012.6,       1.24,       2.47
    0,    38,     1,       9.05,      14.22,       0.00,     5573.4,       1.22,       2.55
    0,    38,     2,      29.29,      30.75,       0.00,    27242.8,       1.44,       2.73
    0,    38,     3,      43.76,      72.71,       0.00,    10782.6,       1.23,       2.51
    0,    38,     4,      68.35,      72.49,       0.00,    13843.8,       1.24,       2.61
    0,    38,     5,      86.09,      73.37,       0.00,     9638.1,       1.27,       2.49
    0,    38,     6,     136.57,      74.52,       0.00,    16272.6,       1.24,       2.59
    0,    38,     7,     103.57,      78.26,       0.00,     8648.5,       1.25,       2.53
    0,    38,     8,      69.99,     110.83,       0.00,    14989.2,       1.25,       2.48
    0,    38,     9,     112.66,     130.87,       0.00,    16314.0,       1.28,       2.52
    0,    38,    10,      95.06,     137.85,       0.00,     5979.9,       1.25,       2.35
    0,    38,    11,     101.84,     163.63,       0.00,    10417.0,       1.27,       2.47
    0,    39,     1,       9.05,      14.22,       0.00,     5573.4,       1.22,       2.55
    0,    39,     2,      29.29,      30.75,       0.00,    27242.8,       1.44,       2.73
    0,    39,     3,      43.76,      72.71,       0.00,    10782.6,       1.23,       2.51
    0,    39,     4,      68.35,      72.49,       0.00,    13843.8,       1.24,       2.61
    0,    39,     5,      86.09,      73.37,       0.00,     9638.1,       1.27,       2.49
    0,    39,     6,     136.57,      74.52,       0.00,    16272.6,       1.24,       2.59
    0,    39,     7,     103.57,      78.26,       0.00,     8648.5,       1.25,       2.53
    0,    39,     8,      69.99,     110.83,       0.00,    14989.2,       1.25,       2.48
    0,    39,     9,     112.66,     130.87,       0.00,    16314.0,       1.28,       2.52
    0,    39,    10,      95.06,     137.85,       0.00,     5979.9,       1.25,       2.35
    0,    39,    11,     101.84,     163.63,       0.00,    10417.0,       1.27,       2.47
