#stackID(UINT32), frameID(UINT32), eventID(UINT32), x0(float), y0(float), z0(float), photon_count0(float), sigmaX0(float), sigmaY0(float) 
    0,     0,     1,       8.80,      14.79,       0.00,     2066.8,       1.97,       1.15
    0,     0,     2,      28.96,      31.06,       0.00,    15057.7,       2.14,       1.23
    0,     0,     3,      43.49,      73.11,       0.00,     5250.9,       1.99,       1.18
    0,     0,     4,      68.09,      72.85,       0.00,     6875.9,       1.99,       1.18
    0,     0,     5,      85.98,      73.95,       0.00,     6463.9,       2.00,       1.16
    0,     0,     6,     136.32,      74.93,       0.00,    10646.8,       2.00,       1.23
    0,     0,     7,     103.24,      78.42,       0.00,     4003.9,       2.06,       1.21
    0,     0,     8,      69.83,     111.25,       0.00,     8556.9,       2.00,       1.18
    0,     0,     9,     112.42,     131.17,       0.00,    10352.9,       2.09,       1.23
    0,     0,    10,      95.00,     138.02,       0.00,     3236.7,       2.24,       1.23
    0,     0,    11,     101.56,     164.11,       0.00,     4942.9,       2.01,       1.20
    0,     1,     1,       8.80,      14.84,       0.00,     2135.4,       1.97,       1.19
    0,     1,     2,      29.03,      31.05,       0.00,    14751.9,       2.12,       1.26
    0,     1,     3,      43.45,      73.08,       0.00,     5195.6,       2.00,       1.23
    0,     1,     4,      68.11,      72.83,       0.00,     7254.3,       2.01,       1.22
    0,     1,     5,      86.08,      73.93,       0.00,     6287.5,       1.97,       1.21
    0,     1,     6,     136.28,      74.93,       0.00,    10236.2,       1.93,       1.22
    0,     1,     7,     103.26,      78.41,       0.00,     4080.3,       2.08,       1.20
    0,     1,     8,      69.83,     111.21,       0.00,     8630.7,       1.99,       1.21
    0,     1,     9,     112.51,     131.16,       0.00,    10014.2,       2.04,       1.21
    0,     1,    10,      94.95,     138.02,       0.00,     2985.5,       2.04,       1.20
    0,     1,    11,     101.64,     164.09,       0.00,     4750.5,       1.98,       1.23
    0,     2,     1,       8.78,      14.78,       0.00,     2007.5,       1.91,       1.16
    0,     2,     2,      29.03,      31.06,       0.00,    14811.0,       2.14,       1.23
    0,     2,     3,      43.53,      73.08,       0.00,     5186.2,       2.02,       1.21
    0,     2,     4,      68.16,      72.84,       0.00,     7108.9,       2.06,       1.22
    0,     2,     5,      86.04,      73.94,       0.00,     6210.0,       1.95,       1.17
    0,     2,     6,     136.26,      74.97,       0.00,    10248.7,       1.98,       1.20
    0,     2,     7,     103.30,      78.40,       0.00,     3807.2,       2.01,       1.19
    0,     2,     8,      69.79,     111.24,       0.00,     8589.5,       2.02,       1.19
    0,     2,     9,     112.47,     131.13,       0.00,    10189.0,       2.04,       1.23
    0,     2,    10,      95.08,     138.01,       0.00,     3065.9,       2.10,       1.19
    0,     2,    11,     101.60,     164.10,       0.00,     4835.2,       1.99,       1.24
    0,     3,     1,       8.85,      14.87,       0.00,     2101.0,       2.04,       1.19
    0,     3,     2,      29.00,      31.05,       0.00,    14103.0,       2.11,       1.21
    0,     3,     3,      43.53,      73.10,       0.00,     4980.7,       2.01,       1.17
    0,     3,     4,      68.17,      72.83,       0.00,     6946.7,       2.00,       1.22
    0,     3,     5,      86.01,      73.94,       0.00,     6163.5,       2.03,       1.21
    0,     3,     6,     136.33,      74.93,       0.00,    10228.1,       1.97,       1.22
    0,     3,     7,     103.33,      78.44,       0.00,     4012.6,       2.05,       1.25
    0,     3,     8,      69.77,     111.24,       0.00,     8479.8,       1.99,       1.20
    0,     3,     9,     112.46,     131.17,       0.00,     9845.8,       2.05,       1.21
    0,     3,    10,      95.00,     138.05,       0.00,     3083.1,       2.08,       1.18
    0,     3,    11,     101.70,     164.07,       0.00,     4615.8,       1.99,       1.16
    0,     4,     1,       8.95,      14.82,       0.00,     2077.6,       1.95,       1.19
    0,     4,     2,      29.03,      31.03,       0.00,    14263.1,       2.10,       1.23
    0,     4,     3,      43.51,      73.07,       0.00,     4775.5,       1.96,       1.15
    0,     4,     4,      68.20,      72.84,       0.00,     6870.7,       2.02,       1.18
    0,     4,     5,      86.01,      73.96,       0.00,     6237.2,       1.98,       1.18
    0,     4,     6,     136.33,      74.92,       0.00,     9911.3,       1.94,       1.21
    0,     4,     7,     103.20,      78.45,       0.00,     3813.7,       2.12,       1.19
    0,     4,     8,      69.81,     111.24,       0.00,     8229.2,       1.96,       1.19
    0,     4,     9,     112.43,     131.16,       0.00,     9993.7,       2.01,       1.23
    0,     4,    10,      95.09,     138.02,       0.00,     3134.2,       2.15,       1.18
    0,     4,    11,     101.62,     164.10,       0.00,     4975.5,       2.07,       1.23
    0,     5,     1,       8.93,      14.76,       0.00,     1995.4,       1.85,       1.15
    0,     5,     2,      29.00,      31.05,       0.00,    14259.0,       2.15,       1.22
    0,     5,     3,      43.46,      73.04,       0.00,     4997.0,       2.02,       1.19
    0,     5,     4,      68.14,      72.84,       0.00,     6636.6,       1.96,       1.19
    0,     5,     5,      86.07,      73.93,       0.00,     5959.7,       1.95,       1.16
    0,     5,     6,     136.32,      74.94,       0.00,    10248.5,       1.97,       1.22
    0,     5,     7,     103.25,      78.47,       0.00,     3742.9,       2.05,       1.23
    0,     5,     8,      69.79,     111.26,       0.00,     8427.9,       2.06,       1.21
    0,     5,     9,     112.47,     131.18,       0.00,     9666.9,       2.01,       1.23
    0,     5,    10,      95.08,     138.07,       0.00,     3039.0,       2.21,       1.20
    0,     5,    11,     101.73,     164.03,       0.00,     4857.4,       2.08,       1.22
    0,     6,     1,       8.65,      14.78,       0.00,     1956.1,       1.87,       1.21
    0,     6,     2,      29.02,      31.04,       0.00,    14287.9,       2.12,       1.21
    0,     6,     3,      43.56,      73.07,       0.00,     4844.7,       1.97,       1.20
    0,     6,     4,      68.08,      72.84,       0.00,     6703.3,       2.05,       1.18
    0,     6,     5,      85.99,      73.93,       0.00,     5970.5,       1.98,       1.18
    0,     6,     6,     136.38,      74.90,       0.00,     9895.6,       1.94,       1.21
    0,     6,     7,     103.28,      78.42,       0.00,     3704.7,       2.01,       1.18
    0,     6,     8,      69.77,     111.23,       0.00,     8286.8,       2.01,       1.21
    0,     6,     9,     112.45,     131.17,       0.00,    10049.5,       2.04,       1.22
    0,     6,    10,      95.03,     138.11,       0.00,     2852.9,       2.02,       1.15
    0,     6,    11,     101.60,     164.14,       0.00,     4903.4,       2.07,       1.23
    0,     7,     1,       8.68,      14.85,       0.00,     2236.8,       2.07,       1.28
    0,     7,     2,      29.04,      31.04,       0.00,    14169.3,       2.11,       1.22
    0,     7,     3,      43.51,      73.13,       0.00,     4770.8,       2.01,       1.18
    0,     7,     4,      68.14,      72.82,       0.00,     6633.8,       1.98,       1.19
    0,     7,     5,      86.06,      73.96,       0.00,     6150.9,       1.88,       1.19
    0,     7,     6,     136.26,      74.93,       0.00,     9751.7,       1.93,       1.19
    0,     7,     7,     103.22,      78.42,       0.00,     3766.6,       1.98,       1.18
    0,     7,     8,      69.75,     111.23,       0.00,     8392.1,       2.09,       1.21
    0,     7,     9,     112.42,     131.18,       0.00,     9577.4,       2.04,       1.21
    0,     7,    10,      95.03,     138.00,       0.00,     3058.8,       2.05,       1.24
    0,     7,    11,     101.61,     164.08,       0.00,     4677.1,       1.95,       1.17
    0,     8,     1,       8.75,      14.76,       0.00,     2017.3,       1.89,       1.18
    0,     8,     2,      29.00,      31.03,       0.00,    14359.4,       2.14,       1.23
    0,     8,     3,      43.48,      73.10,       0.00,     4935.2,       2.03,       1.20
    0,     8,     4,      68.15,      72.83,       0.00,     6992.3,       2.13,       1.23
    0,     8,     5,      86.02,      73.93,       0.00,     5946.5,       2.01,       1.18
    0,     8,     6,     136.33,      74.95,       0.00,     9821.7,       1.97,       1.20
    0,     8,     7,     103.28,      78.44,       0.00,     3841.4,       2.08,       1.18
    0,     8,     8,      69.85,     111.27,       0.00,     8014.5,       2.00,       1.17
    0,     8,     9,     112.41,     131.17,       0.00,     9849.1,       2.08,       1.23
    0,     8,    10,      95.06,     138.04,       0.00,     2993.3,       2.14,       1.20
    0,     8,    11,     101.56,     164.10,       0.00,     4483.8,       1.93,       1.16
    0,     9,     1,       8.93,      14.80,       0.00,     2058.1,       1.93,       1.14
    0,     9,     2,      29.02,      31.02,       0.00,    14198.4,       2.08,       1.23
    0,     9,     3,      43.55,      73.09,       0.00,     4788.0,       1.98,       1.18
    0,     9,     4,      68.18,      72.80,       0.00,     6733.5,       1.99,       1.23
    0,     9,     5,      86.08,      73.95,       0.00,     5985.5,       1.95,       1.14
    0,     9,     6,     136.26,      74.94,       0.00,     9975.5,       1.95,       1.19
    0,     9,     7,     103.20,      78.43,       0.00,     3657.4,       2.04,       1.20
    0,     9,     8,      69.83,     111.23,       0.00,     8324.3,       1.99,       1.19
    0,     9,     9,     112.48,     131.21,       0.00,     9563.3,       2.07,       1.23
    0,     9,    10,      95.02,     138.08,       0.00,     3055.4,       2.15,       1.23
    0,     9,    11,     101.50,     164.07,       0.00,     4672.8,       2.03,       1.17
    0,    10,     1,       8.79,      14.78,       0.00,     2034.8,       1.96,       1.20
    0,    10,     2,      28.99,      31.03,       0.00,    14411.4,       2.11,       1.24
    0,    10,     3,      43.43,      73.15,       0.00,     4711.6,       1.91,       1.19
    0,    10,     4,      68.10,      72.84,       0.00,     6745.2,       2.04,       1.21
    0,    10,     5,      86.09,      73.92,       0.00,     5960.1,       1.92,       1.16
    0,    10,     6,     136.33,      74.93,       0.00,     9928.5,       1.97,       1.19
    0,    10,     7,     103.25,      78.42,       0.00,     3803.9,       2.20,       1.19
    0,    10,     8,      69.82,     111.25,       0.00,     8202.0,       2.02,       1.20
    0,    10,     9,     112.46,     131.18,       0.00,     9466.5,       2.07,       1.19
    0,    10,    10,      95.05,     137.99,       0.00,     2787.5,       2.00,       1.14
    0,    10,    11,     101.64,     164.10,       0.00,     4640.8,       2.03,       1.19
    0,    11,     1,       8.89,      14.75,       0.00,     2052.3,       2.06,       1.14
    0,    11,     2,      29.01,      31.06,       0.00,    14217.8,       2.13,       1.22
    0,    11,     3,      43.52,      73.09,       0.00,     4888.9,       1.97,       1.20
    0,    11,     4,      68.16,      72.85,       0.00,     6563.4,       2.01,       1.19
    0,    11,     5,      86.02,      73.96,       0.00,     6183.6,       1.99,       1.17
    0,    11,     6,     136.35,      74.94,       0.00,     9938.1,       1.95,       1.21
    0,    11,     7,     103.38,      78.42,       0.00,     3889.2,       2.07,       1.20
    0,    11,     8,      69.84,     111.24,       0.00,     8041.1,       1.96,       1.18
    0,    11,     9,     112.44,     131.20,       0.00,     9644.9,       2.08,       1.24
    0,    11,    10,      95.02,     138.03,       0.00,     2876.5,       2.05,       1.20
    0,    11,    11,     101.63,     164.09,       0.00,     4695.7,       2.06,       1.19
    0,    12,     1,       8.81,      14.80,       0.00,     1995.5,       1.94,       1.14
    0,    12,     2,      29.04,      31.04,       0.00,    14221.2,       2.12,       1.22
    0,    12,     3,      43.45,      73.07,       0.00,     4911.6,       2.03,       1.19
    0,    12,     4,      68.14,      72.81,       0.00,     6702.5,       2.07,       1.21
    0,    12,     5,      86.02,      73.95,       0.00,     5991.3,       1.99,       1.17
    0,    12,     6,     136.29,      74.93,       0.00,    10054.3,       1.98,       1.21
    0,    12,     7,     103.34,      78.40,       0.00,     3869.3,       2.03,       1.22
    0,    12,     8,      69.80,     111.24,       0.00,     8192.2,       1.98,       1.18
    0,    12,     9,     112.43,     131.20,       0.00,     9761.7,       2.08,       1.21
    0,    12,    10,      95.05,     138.03,       0.00,     3046.2,       2.17,       1.22
    0,    12,    11,     101.62,     164.07,       0.00,     4841.2,       2.05,       1.17
    0,    13,     1,       8.71,      14.80,       0.00,     2186.3,       2.01,       1.21
    0,    13,     2,      29.01,      31.04,       0.00,    13959.2,       2.10,       1.23
    0,    13,     3,      43.48,      73.10,       0.00,     4674.3,       2.00,       1.13
    0,    13,     4,      68.19,      72.81,       0.00,     6779.0,       2.00,       1.23
    0,    13,     5,      86.08,      73.92,       0.00,     6278.1,       2.01,       1.18
    0,    13,     6,     136.33,      74.91,       0.00,     9799.5,       2.00,       1.17
    0,    13,     7,     103.18,      78.44,       0.00,     3669.1,       2.10,       1.18
    0,    13,     8,      69.79,     111.22,       0.00,     8225.4,       2.04,       1.22
    0,    13,     9,     112.45,     131.18,       0.00,     9656.6,       2.07,       1.22
    0,    13,    10,      95.06,     138.01,       0.00,     2787.2,       2.07,       1.18
    0,    13,    11,     101.67,     164.06,       0.00,     4649.7,       2.05,       1.18
    0,    14,     1,       8.76,      14.69,       0.00,     2071.5,       1.98,       1.23
    0,    14,     2,      29.03,      31.06,       0.00,    13774.0,       2.11,       1.21
    0,    14,     3,      43.42,      73.11,       0.00,     4726.0,       1.99,       1.19
    0,    14,     4,      68.09,      72.84,       0.00,     6546.6,       1.98,       1.22
    0,    14,     5,      86.01,      73.98,       0.00,     6164.5,       1.95,       1.18
    0,    14,     6,     136.37,      74.94,       0.00,     9921.1,       1.95,       1.18
    0,    14,     7,     103.23,      78.42,       0.00,     3473.8,       1.99,       1.24
    0,    14,     8,      69.73,     111.23,       0.00,     8263.3,       2.03,       1.19
    0,    14,     9,     112.41,     131.21,       0.00,     9580.3,       2.07,       1.21
    0,    14,    10,      95.00,     138.05,       0.00,     2829.7,       1.93,       1.17
    0,    14,    11,     101.64,     164.09,       0.00,     4563.7,       2.09,       1.21
    0,    15,     1,       8.80,      14.76,       0.00,     2150.1,       1.94,       1.23
    0,    15,     2,      29.04,      31.05,       0.00,    13645.9,       2.11,       1.24
    0,    15,     3,      43.50,      73.12,       0.00,     4683.8,       1.93,       1.19
    0,    15,     4,      68.14,      72.81,       0.00,     6514.8,       2.04,       1.22
    0,    15,     5,      86.00,      73.95,       0.00,     6183.6,       1.94,       1.17
    0,    15,     6,     136.31,      74.92,       0.00,     9983.2,       1.97,       1.21
    0,    15,     7,     103.21,      78.43,       0.00,     3583.6,       2.00,       1.20
    0,    15,     8,      69.81,     111.22,       0.00,     8079.3,       1.94,       1.21
    0,    15,     9,     112.44,     131.16,       0.00,     9684.2,       2.06,       1.22
    0,    15,    10,      95.07,     138.04,       0.00,     2812.9,       1.97,       1.17
    0,    15,    11,     101.59,     164.07,       0.00,     4549.5,       1.96,       1.19
    0,    16,     1,       8.84,      14.81,       0.00,     1961.5,       1.98,       1.11
    0,    16,     2,      29.02,      31.04,       0.00,    13764.7,       2.13,       1.22
    0,    16,     3,      43.47,      73.09,       0.00,     4651.3,       1.99,       1.17
    0,    16,     4,      68.13,      72.81,       0.00,     6633.2,       2.01,       1.24
    0,    16,     5,      86.00,      73.97,       0.00,     6387.9,       1.97,       1.21
    0,    16,     6,     136.37,      74.94,       0.00,     9728.0,       1.91,       1.18
    0,    16,     7,     103.31,      78.42,       0.00,     3697.0,       2.07,       1.21
    0,    16,     8,      69.83,     111.24,       0.00,     8227.4,       2.00,       1.19
    0,    16,     9,     112.42,     131.18,       0.00,     9685.7,       2.11,       1.24
    0,    16,    10,      95.06,     138.06,       0.00,     3005.2,       1.98,       1.16
    0,    16,    11,     101.59,     164.11,       0.00,     4673.7,       1.98,       1.19
    0,    17,     1,       8.85,      14.85,       0.00,     2223.5,       2.01,       1.27
    0,    17,     2,      29.04,      31.08,       0.00,    13764.1,       2.12,       1.21
    0,    17,     3,      43.45,      73.12,       0.00,     4894.1,       2.08,       1.22
    0,    17,     4,      68.12,      72.86,       0.00,     6876.6,       2.04,       1.20
    0,    17,     5,      85.98,      73.94,       0.00,     6183.8,       1.94,       1.17
    0,    17,     6,     136.38,      74.93,       0.00,     9960.4,       1.98,       1.19
    0,    17,     7,     103.34,      78.45,       0.00,     3952.5,       2.06,       1.24
    0,    17,     8,      69.76,     111.25,       0.00,     8255.8,       2.02,       1.22
    0,    17,     9,     112.48,     131.17,       0.00,     9768.3,       2.06,       1.24
    0,    17,    10,      94.99,     137.97,       0.00,     2949.3,       2.11,       1.20
    0,    17,    11,     101.61,     164.09,       0.00,     4648.4,       2.04,       1.21
    0,    18,     1,       8.77,      14.84,       0.00,     2035.3,       1.93,       1.17
    0,    18,     2,      29.00,      31.01,       0.00,    13939.2,       2.13,       1.23
    0,    18,     3,      43.41,      73.13,       0.00,     4721.5,       1.99,       1.16
    0,    18,     4,      68.15,      72.82,       0.00,     7168.7,       2.02,       1.21
    0,    18,     5,      86.05,      73.96,       0.00,     5922.2,       1.97,       1.16
    0,    18,     6,     136.33,      74.92,       0.00,    10159.7,       1.96,       1.20
    0,    18,     7,     103.26,      78.45,       0.00,     3690.3,       2.12,       1.23
    0,    18,     8,      69.81,     111.23,       0.00,     8249.5,       2.05,       1.19
    0,    18,     9,     112.41,     131.17,       0.00,     9365.5,       2.07,       1.22
    0,    18,    10,      95.10,     138.02,       0.00,     2945.2,       2.07,       1.20
    0,    18,    11,     101.60,     164.08,       0.00,     4651.7,       2.08,       1.22
    0,    19,     1,       8.75,      14.78,       0.00,     2053.9,       1.89,       1.12
    0,    19,     2,      29.02,      31.05,       0.00,    13808.7,       2.14,       1.23
    0,    19,     3,      43.42,      73.10,       0.00,     4739.7,       2.00,       1.18
    0,    19,     4,      68.11,      72.80,       0.00,     7315.0,       2.07,       1.22
    0,    19,     5,      85.96,      73.96,       0.00,     6124.2,       1.95,       1.19
    0,    19,     6,     136.33,      74.93,       0.00,     9959.3,       1.94,       1.20
    0,    19,     7,     103.28,      78.45,       0.00,     3726.1,       1.98,       1.21
    0,    19,     8,      69.76,     111.23,       0.00,     8263.8,       2.04,       1.19
    0,    19,     9,     112.45,     131.13,       0.00,     9899.5,       2.08,       1.22
    0,    19,    10,      95.13,     138.06,       0.00,     2995.0,       2.19,       1.14
    0,    19,    11,     101.62,     164.09,       0.00,     4768.8,       2.09,       1.22
    0,    20,     1,       8.76,      14.75,       0.00,     2126.0,       1.98,       1.20
    0,    20,     2,      29.00,      31.05,       0.00,    13597.2,       2.12,       1.22
    0,    20,     3,      43.51,      73.13,       0.00,     4877.3,       2.01,       1.19
    0,    20,     4,      68.17,      72.84,       0.00,     7351.3,       2.00,       1.21
    0,    20,     5,      86.00,      73.99,       0.00,     6154.1,       1.98,       1.17
    0,    20,     6,     136.37,      74.92,       0.00,     9866.6,       1.97,       1.17
    0,    20,     7,     103.33,      78.34,       0.00,     3815.8,       2.08,       1.17
    0,    20,     8,      69.78,     111.25,       0.00,     8443.3,       2.03,       1.22
    0,    20,     9,     112.37,     131.19,       0.00,     9828.7,       2.12,       1.22
    0,    20,    10,      95.09,     138.03,       0.00,     2849.0,       2.06,       1.18
    0,    20,    11,     101.66,     164.05,       0.00,     4760.9,       2.04,       1.23
    0,    21,     1,       8.67,      14.76,       0.00,     1953.1,       1.94,       1.13
    0,    21,     2,      29.02,      30.99,       0.00,    13969.2,       2.08,       1.21
    0,    21,     3,      43.50,      73.12,       0.00,     4738.5,       1.99,       1.15
    0,    21,     4,      68.14,      72.82,       0.00,     7137.2,       2.00,       1.20
    0,    21,     5,      86.07,      73.93,       0.00,     6105.2,       1.94,       1.17
    0,    21,     6,     136.36,      74.95,       0.00,    10021.6,       1.96,       1.21
    0,    21,     7,     103.37,      78.42,       0.00,     3757.5,       2.05,       1.24
    0,    21,     8,      69.74,     111.26,       0.00,     8408.9,       2.03,       1.21
    0,    21,     9,     112.42,     131.15,       0.00,     9649.2,       2.05,       1.21
    0,    21,    10,      95.05,     138.06,       0.00,     3012.1,       2.12,       1.19
    0,    21,    11,     101.62,     164.06,       0.00,     4680.4,       2.02,       1.24
    0,    22,     1,       8.97,      14.76,       0.00,     1849.1,       1.85,       1.12
    0,    22,     2,      29.02,      31.04,       0.00,    14135.7,       2.12,       1.22
    0,    22,     3,      68.15,      72.81,       0.00,     6886.7,       2.04,       1.22
    0,    22,     4,      43.44,      73.10,       0.00,     4907.2,       2.04,       1.18
    0,    22,     5,      85.96,      73.94,       0.00,     6202.2,       1.99,       1.19
    0,    22,     6,     136.34,      74.93,       0.00,     9801.4,       1.99,       1.21
    0,    22,     7,     103.27,      78.40,       0.00,     3842.9,       2.00,       1.20
    0,    22,     8,      69.75,     111.26,       0.00,     8260.1,       2.04,       1.18
    0,    22,     9,     112.47,     131.16,       0.00,     9689.5,       2.04,       1.22
    0,    22,    10,      95.13,     138.01,       0.00,     2907.1,       2.06,       1.23
    0,    22,    11,     101.64,     164.06,       0.00,     4610.7,       2.02,       1.23
    0,    23,     1,       8.72,      14.84,       0.00,     1936.3,       1.96,       1.19
    0,    23,     2,      29.05,      31.03,       0.00,    13575.5,       2.07,       1.22
    0,    23,     3,      43.44,      73.09,       0.00,     4990.3,       2.08,       1.20
    0,    23,     4,      68.24,      72.83,       0.00,     6728.9,       1.98,       1.17
    0,    23,     5,      85.95,      73.95,       0.00,     6060.6,       1.96,       1.16
    0,    23,     6,     136.38,      74.93,       0.00,     9599.9,       1.92,       1.17
    0,    23,     7,     103.27,      78.42,       0.00,     3723.8,       2.06,       1.19
    0,    23,     8,      69.78,     111.22,       0.00,     8486.7,       2.04,       1.22
    0,    23,     9,     112.44,     131.18,       0.00,     9497.6,       2.07,       1.20
    0,    23,    10,      95.08,     138.04,       0.00,     2849.9,       2.10,       1.17
    0,    23,    11,     101.66,     164.05,       0.00,     4451.6,       1.93,       1.19
    0,    24,     1,       8.70,      14.81,       0.00,     2177.0,       2.15,       1.27
    0,    24,     2,      29.03,      31.03,       0.00,    13793.5,       2.11,       1.22
    0,    24,     3,      43.51,      73.09,       0.00,     4825.5,       2.03,       1.20
    0,    24,     4,      68.18,      72.84,       0.00,     6467.3,       1.96,       1.20
    0,    24,     5,      86.02,      73.95,       0.00,     6087.6,       1.94,       1.19
    0,    24,     6,     136.31,      74.95,       0.00,     9643.9,       1.90,       1.18
    0,    24,     7,     103.25,      78.40,       0.00,     3630.7,       2.00,       1.27
    0,    24,     8,      69.79,     111.26,       0.00,     8370.4,       1.99,       1.22
    0,    24,     9,     112.43,     131.16,       0.00,     9360.7,       2.01,       1.20
    0,    24,    10,      95.02,     138.06,       0.00,     2932.4,       2.12,       1.21
    0,    24,    11,     101.57,     164.11,       0.00,     4580.9,       2.02,       1.23
    0,    25,     1,       8.83,      14.79,       0.00,     2049.2,       1.92,       1.19
    0,    25,     2,      29.06,      31.05,       0.00,    13969.6,       2.14,       1.22
    0,    25,     3,      43.50,      73.10,       0.00,     4705.7,       1.99,       1.19
    0,    25,     4,      68.16,      72.77,       0.00,     6730.6,       1.99,       1.24
    0,    25,     5,      85.98,      73.94,       0.00,     6369.9,       1.95,       1.18
    0,    25,     6,     136.34,      74.92,       0.00,     9768.1,       1.99,       1.18
    0,    25,     7,     103.24,      78.41,       0.00,     3713.5,       2.11,       1.25
    0,    25,     8,      69.77,     111.26,       0.00,     8622.8,       2.05,       1.22
    0,    25,     9,     112.39,     131.17,       0.00,     9566.6,       2.08,       1.22
    0,    25,    10,      95.00,     137.98,       0.00,     2879.5,       2.09,       1.16
    0,    25,    11,     101.67,     164.10,       0.00,     4530.3,       2.01,       1.17
    0,    26,     1,       8.89,      14.79,       0.00,     2136.9,       2.06,       1.18
    0,    26,     2,      29.05,      31.05,       0.00,    14000.4,       2.13,       1.25
    0,    26,     3,      43.53,      73.07,       0.00,     4987.9,       2.07,       1.18
    0,    26,     4,      68.21,      72.81,       0.00,     6509.6,       2.01,       1.18
    0,    26,     5,      86.02,      73.94,       0.00,     5980.3,       1.93,       1.16
    0,    26,     6,     136.31,      74.93,       0.00,     9949.2,       1.98,       1.20
    0,    26,     7,     103.40,      78.46,       0.00,     3849.4,       2.04,       1.18
    0,    26,     8,      69.82,     111.26,       0.00,     8347.2,       2.01,       1.20
    0,    26,     9,     112.41,     131.17,       0.00,     9636.6,       2.05,       1.21
    0,    26,    10,      95.05,     138.09,       0.00,     3020.5,       2.03,       1.19
    0,    26,    11,     101.69,     164.10,       0.00,     4716.9,       2.04,       1.23
    0,    27,     1,       8.77,      14.73,       0.00,     2082.6,       1.99,       1.21
    0,    27,     2,      29.07,      31.04,       0.00,    13846.0,       2.11,       1.21
    0,    27,     3,      43.53,      73.09,       0.00,     4867.1,       1.99,       1.19
    0,    27,     4,      68.19,      72.82,       0.00,     6472.2,       2.04,       1.20
    0,    27,     5,      85.95,      73.91,       0.00,     6277.7,       2.00,       1.21
    0,    27,     6,     136.37,      74.92,       0.00,     9590.0,       1.92,       1.18
    0,    27,     7,     103.26,      78.49,       0.00,     4002.2,       2.10,       1.24
    0,    27,     8,      69.79,     111.24,       0.00,     8301.5,       2.01,       1.19
    0,    27,     9,     112.45,     131.17,       0.00,     9664.4,       2.09,       1.21
    0,    27,    10,      95.01,     138.08,       0.00,     3155.4,       2.09,       1.17
    0,    27,    11,     101.73,     164.06,       0.00,     4658.1,       2.04,       1.17
    0,    28,     1,       8.87,      14.81,       0.00,     1915.4,       1.87,       1.11
    0,    28,     2,      29.07,      31.04,       0.00,    13850.2,       2.12,       1.22
    0,    28,     3,      43.55,      73.10,       0.00,     4771.2,       2.01,       1.16
    0,    28,     4,      68.16,      72.84,       0.00,     6381.3,       2.00,       1.20
    0,    28,     5,      85.94,      73.96,       0.00,     6042.9,       1.95,       1.18
    0,    28,     6,     136.31,      74.93,       0.00,     9884.8,       1.94,       1.23
    0,    28,     7,     103.27,      78.40,       0.00,     3682.0,       2.02,       1.22
    0,    28,     8,      69.76,     111.24,       0.00,     8480.8,       2.02,       1.20
    0,    28,     9,     112.45,     131.16,       0.00,     9675.0,       2.06,       1.21
    0,    28,    10,      95.07,     137.98,       0.00,     2956.8,       2.10,       1.17
    0,    28,    11,     101.59,     164.09,       0.00,     4656.9,       2.03,       1.17
    0,    29,     1,       8.75,      14.78,       0.00,     1957.2,       2.04,       1.19
    0,    29,     2,      29.07,      31.07,       0.00,    13943.4,       2.12,       1.23
    0,    29,     3,      43.52,      73.10,       0.00,     4821.1,       2.02,       1.17
    0,    29,     4,      68.18,      72.81,       0.00,     6399.2,       1.98,       1.21
    0,    29,     5,      86.02,      73.94,       0.00,     6031.0,       1.96,       1.22
    0,    29,     6,     136.30,      74.93,       0.00,    10008.8,       1.99,       1.21
    0,    29,     7,     103.36,      78.43,       0.00,     3737.9,       2.05,       1.22
    0,    29,     8,      69.80,     111.24,       0.00,     8371.2,       2.02,       1.18
    0,    29,     9,     112.46,     131.22,       0.00,     9606.2,       2.08,       1.21
    0,    29,    10,      94.92,     138.07,       0.00,     2991.7,       2.12,       1.18
    0,    29,    11,     101.67,     164.07,       0.00,     4564.6,       1.99,       1.19
    0,    30,     1,       8.85,      14.81,       0.00,     2073.0,       2.00,       1.18
    0,    30,     2,      29.04,      31.03,       0.00,    13777.9,       2.12,       1.22
    0,    30,     3,      43.50,      73.07,       0.00,     4879.0,       2.01,       1.18
    0,    30,     4,      68.19,      72.80,       0.00,     7153.9,       2.03,       1.23
    0,    30,     5,      85.96,      73.97,       0.00,     6156.5,       1.95,       1.19
    0,    30,     6,     136.28,      74.92,       0.00,     9901.1,       1.96,       1.20
    0,    30,     7,     103.26,      78.42,       0.00,     3667.2,       2.07,       1.20
    0,    30,     8,      69.79,     111.24,       0.00,     8720.3,       2.02,       1.22
    0,    30,     9,     112.49,     131.19,       0.00,     9549.0,       2.08,       1.21
    0,    30,    10,      95.01,     138.07,       0.00,     3183.3,       2.17,       1.18
    0,    30,    11,     101.65,     164.06,       0.00,     4708.5,       2.09,       1.21
    0,    31,     1,       8.84,      14.79,       0.00,     1987.1,       1.90,       1.17
    0,    31,     2,      29.03,      31.04,       0.00,    13704.5,       2.12,       1.22
    0,    31,     3,      43.44,      73.09,       0.00,     4786.1,       1.97,       1.19
    0,    31,     4,      68.18,      72.79,       0.00,     6889.7,       2.06,       1.23
    0,    31,     5,      86.03,      73.97,       0.00,     6259.4,       1.94,       1.16
    0,    31,     6,     136.33,      74.91,       0.00,     9793.0,       1.95,       1.17
    0,    31,     7,     103.29,      78.39,       0.00,     3683.5,       2.11,       1.22
    0,    31,     8,      69.80,     111.25,       0.00,     8470.5,       2.03,       1.17
    0,    31,     9,     112.48,     131.15,       0.00,     9634.2,       2.06,       1.20
    0,    31,    10,      95.06,     138.04,       0.00,     3139.6,       2.03,       1.18
    0,    31,    11,     101.65,     164.11,       0.00,     4835.3,       2.07,       1.19
    0,    32,     1,       8.74,      14.82,       0.00,     2066.3,       1.95,       1.17
    0,    32,     2,      29.02,      31.00,       0.00,    14109.6,       2.12,       1.24
    0,    32,     3,      43.54,      73.12,       0.00,     4845.4,       1.94,       1.20
    0,    32,     4,      68.16,      72.81,       0.00,     6523.2,       1.97,       1.21
    0,    32,     5,      86.02,      73.95,       0.00,     6147.9,       1.97,       1.15
    0,    32,     6,     136.34,      74.93,       0.00,     9564.6,       1.94,       1.22
    0,    32,     7,     103.23,      78.42,       0.00,     3697.1,       1.99,       1.20
    0,    32,     8,      69.82,     111.28,       0.00,     8160.8,       2.03,       1.21
    0,    32,     9,     112.47,     131.19,       0.00,     9787.6,       2.09,       1.24
    0,    32,    10,      94.98,     138.07,       0.00,     3211.8,       2.05,       1.20
    0,    32,    11,     101.64,     164.10,       0.00,     4538.7,       1.99,       1.22
    0,    33,     1,       8.82,      14.77,       0.00,     2064.3,       2.01,       1.19
    0,    33,     2,      29.04,      31.08,       0.00,    13546.7,       2.06,       1.22
    0,    33,     3,      43.55,      73.05,       0.00,     4668.8,       1.94,       1.18
    0,    33,     4,      68.17,      72.83,       0.00,     6709.5,       2.06,       1.20
    0,    33,     5,      86.05,      73.96,       0.00,     5917.6,       1.97,       1.18
    0,    33,     6,     136.31,      74.91,       0.00,     9875.9,       2.00,       1.20
    0,    33,     7,     103.32,      78.48,       0.00,     3809.8,       2.07,       1.24
    0,    33,     8,      69.79,     111.24,       0.00,     8054.2,       1.98,       1.21
    0,    33,     9,     112.48,     131.16,       0.00,     9380.9,       2.10,       1.21
    0,    33,    10,      95.00,     138.07,       0.00,     2851.8,       1.89,       1.16
    0,    33,    11,     101.68,     164.08,       0.00,     4543.3,       2.02,       1.19
    0,    34,     1,       8.85,      14.71,       0.00,     2029.6,       1.96,       1.18
    0,    34,     2,      29.05,      31.04,       0.00,    13929.0,       2.12,       1.23
    0,    34,     3,      43.48,      73.10,       0.00,     4716.0,       2.00,       1.20
    0,    34,     4,      68.18,      72.85,       0.00,     6637.0,       2.02,       1.20
    0,    34,     5,      86.01,      73.93,       0.00,     6021.1,       1.95,       1.17
    0,    34,     6,     136.28,      74.91,       0.00,     9763.5,       1.91,       1.19
    0,    34,     7,     103.27,      78.40,       0.00,     3794.8,       1.97,       1.18
    0,    34,     8,      69.82,     111.27,       0.00,     8171.4,       1.97,       1.18
    0,    34,     9,     112.51,     131.17,       0.00,     9692.5,       2.06,       1.21
    0,    34,    10,      95.02,     138.05,       0.00,     3031.6,       2.15,       1.21
    0,    34,    11,     101.67,     164.04,       0.00,     4705.2,       2.04,       1.19
    0,    35,     1,       8.72,      14.76,       0.00,     2144.0,       1.98,       1.23
    0,    35,     2,      29.07,      31.02,       0.00,    13370.1,       2.09,       1.23
    0,    35,     3,      43.46,      73.12,       0.00,     4837.7,       1.96,       1.21
    0,    35,     4,      68.24,      72.81,       0.00,     6624.0,       2.04,       1.19
    0,    35,     5,      86.05,      73.94,       0.00,     6233.1,       1.99,       1.16
    0,    35,     6,     136.33,      74.95,       0.00,     9792.6,       1.98,       1.20
    0,    35,     7,     103.28,      78.39,       0.00,     3882.0,       2.03,       1.21
    0,    35,     8,      69.79,     111.29,       0.00,     8342.0,       1.99,       1.18
    0,    35,     9,     112.41,     131.18,       0.00,     9590.3,       2.08,       1.18
    0,    35,    10,      95.00,     138.02,       0.00,     3012.0,       2.20,       1.12
    0,    35,    11,     101.60,     164.07,       0.00,     4553.0,       2.03,       1.15
    0,    36,     1,       8.67,      14.80,       0.00,     2034.3,       1.87,       1.21
    0,    36,     2,      29.08,      31.04,       0.00,    13160.0,       2.07,       1.21
    0,    36,     3,      43.47,      73.12,       0.00,     4718.6,       2.02,       1.21
    0,    36,     4,      68.13,      72.84,       0.00,     6476.8,       2.01,       1.22
    0,    36,     5,      86.03,      73.95,       0.00,     6088.9,       1.96,       1.16
    0,    36,     6,     136.32,      74.96,       0.00,     9631.5,       1.97,       1.19
    0,    36,     7,     103.39,      78.44,       0.00,     3859.0,       2.09,       1.21
    0,    36,     8,      69.78,     111.26,       0.00,     8430.5,       2.01,       1.19
    0,    36,     9,     112.48,     131.21,       0.00,     9664.5,       2.06,       1.22
    0,    36,    10,      95.18,     138.05,       0.00,     3063.2,       2.12,       1.21
    0,    36,    11,     101.61,     164.11,       0.00,     4692.8,       2.05,       1.23
    0,    37,     1,       8.86,      14.74,       0.00,     2170.2,       2.00,       1.16
    0,    37,     2,      29.07,      31.04,       0.00,    13604.2,       2.11,       1.24
    0,    37,     3,      43.57,      73.07,       0.00,     4687.1,       1.94,       1.19
    0,    37,     4,      68.16,      72.82,       0.00,     6797.2,       2.11,       1.19
    0,    37,     5,      86.05,      73.94,       0.00,     6050.9,       1.96,       1.15
    0,    37,     6,     136.33,      74.95,       0.00,     9410.5,       1.95,       1.19
    0,    37,     7,     103.25,      78.47,       0.00,     3766.8,       2.09,       1.20
    0,    37,     8,      69.77,     111.26,       0.00,     8439.7,       2.01,       1.19
    0,    37,     9,     112.43,     131.18,       0.00,     9644.3,       2.03,       1.21
    0,    37,    10,      95.06,     138.06,       0.00,     3030.5,       2.11,       1.20
    0,    37,    11,     101.67,     164.07,       0.00,     4656.4,       2.06,       1.19
    0,    38,     1,       8.84,      14.77,       0.00,     1996.0,       1.95,       1.20
    0,    38,     2,      29.03,      31.03,       0.00,    13614.6,       2.11,       1.23
    0,    38,     3,      43.52,      73.11,       0.00,     4723.8,       2.04,       1.15
    0,    38,     4,      68.21,      72.79,       0.00,     6755.0,       2.03,       1.22
    0,    38,     5,      86.04,      73.96,       0.00,     6005.0,       1.95,       1.16
    0,    38,     6,     136.36,      74.94,       0.00,     9995.5,       1.97,       1.18
    0,    38,     7,     103.31,      78.44,       0.00,     3894.1,       2.11,       1.21
    0,    38,     8,      69.77,     111.20,       0.00,     8240.0,       1.97,       1.16
    0,    38,     9,     112.48,     131.18,       0.00,     9908.3,       2.12,       1.24
    0,    38,    10,      94.95,     138.03,       0.00,     3023.8,       2.07,       1.18
    0,    38,    11,     101.69,     164.11,       0.00,     4566.5,       2.06,       1.18
    0,    39,     1,       8.77,      14.80,       0.00,     2163.7,       1.94,       1.21
    0,    39,     2,      29.04,      31.05,       0.00,    13718.4,       2.11,       1.23
    0,    39,     3,      43.50,      73.13,       0.00,     4767.8,       2.00,       1.18
    0,    39,     4,      68.19,      72.81,       0.00,     6752.3,       1.97,       1.20
    0,    39,     5,      85.99,      73.95,       0.00,     6253.0,       2.01,       1.18
    0,    39,     6,     136.33,      74.94,       0.00,     9659.0,       1.96,       1.19
    0,    39,     7,     103.35,      78.43,       0.00,     3854.2,       2.13,       1.23
    0,    39,     8,      69.81,     111.26,       0.00,     8414.7,       2.00,       1.23
    0,    39,     9,     112.46,     131.17,       0.00,     9556.5,       2.08,       1.22
    0,    39,    10,      95.01,     138.08,       0.00,     3093.6,       2.07,       1.16
    0,    39,    11,     101.67,     164.06,       0.00,     4412.7,       1.97,       1.17
    0,    40,     1,       8.79,      14.84,       0.00,     2028.7,       1.91,       1.14
    0,    40,     2,      29.06,      31.05,       0.00,    13494.1,       2.11,       1.22
    0,    40,     3,      43.48,      73.08,       0.00,     4683.8,       1.98,       1.17
    0,    40,     4,      68.19,      72.80,       0.00,     6525.7,       1.97,       1.20
    0,    40,     5,      86.04,      73.91,       0.00,     6138.8,       2.01,       1.19
    0,    40,     6,     136.33,      74.92,       0.00,     9797.8,       1.99,       1.19
    0,    40,     7,     103.33,      78.47,       0.00,     3951.7,       2.24,       1.24
    0,    40,     8,      69.77,     111.26,       0.00,     8401.7,       1.99,       1.22
    0,    40,     9,     112.48,     131.18,       0.00,     9459.1,       2.01,       1.22
    0,    40,    10,      95.13,     138.02,       0.00,     2974.2,       2.05,       1.21
    0,    40,    11,     101.69,     164.10,       0.00,     4541.4,       2.06,       1.18
