#stackID(UINT32), frameID(UINT32), eventID(UINT32), x0(float), y0(float), z0(float), photon_count0(float), sigmaX0(float), sigmaY0(float) 
    0,     0,     1,       9.05,      14.21,       0.00,     5717.4,       1.17,       2.75
    0,     0,     2,      29.29,      30.69,       0.00,    32442.9,       1.44,       3.12
    0,     0,     3,      43.79,      72.64,       0.00,     9700.1,       1.21,       2.79
    0,     0,     4,      68.36,      72.46,       0.00,    13830.8,       1.24,       2.78
    0,     0,     5,      86.04,      73.29,       0.00,    12017.0,       1.19,       2.76
    0,     0,     6,     136.54,      74.44,       0.00,    15937.8,       1.23,       2.90
    0,     0,     7,     103.55,      78.22,       0.00,     8010.7,       1.26,       3.00
    0,     0,     8,      69.99,     110.76,       0.00,    14475.1,       1.26,       2.83
    0,     0,     9,     112.66,     130.81,       0.00,    16475.4,       1.26,       2.80
    0,     0,    10,      95.01,     137.76,       0.00,     8461.3,       1.24,       2.69
    0,     0,    11,     101.77,     163.52,       0.00,    10057.1,       1.26,       2.74
    0,     1,     1,       9.02,      14.11,       0.00,     5516.0,       1.20,       2.73
    0,     1,     2,      29.29,      30.68,       0.00,    32162.8,       1.44,       3.11
    0,     1,     3,      43.78,      72.62,       0.00,     9449.9,       1.22,       2.86
    0,     1,     4,      68.37,      72.47,       0.00,    14019.0,       1.20,       2.81
    0,     1,     5,      86.05,      73.28,       0.00,    11547.9,       1.19,       2.70
    0,     1,     6,     136.56,      74.48,       0.00,    15526.4,       1.27,       2.87
    0,     1,     7,     103.54,      78.13,       0.00,     8036.9,       1.28,       2.94
    0,     1,     8,      70.03,     110.78,       0.00,    13047.3,       1.22,       2.77
    0,     1,     9,     112.64,     130.84,       0.00,    16404.2,       1.24,       2.75
    0,     1,    10,      94.98,     137.82,       0.00,     8068.5,       1.25,       2.77
    0,     1,    11,     101.76,     163.59,       0.00,     9537.9,       1.25,       2.71
    0,     2,     1,       9.07,      14.25,       0.00,     5887.5,       1.17,       2.95
    0,     2,     2,      29.30,      30.66,       0.00,    32139.4,       1.45,       3.07
    0,     2,     3,      43.78,      72.66,       0.00,     9274.8,       1.24,       2.82
    0,     2,     4,      68.37,      72.42,       0.00,    14000.6,       1.24,       2.85
    0,     2,     5,      86.03,      73.35,       0.00,    12020.0,       1.18,       2.77
    0,     2,     6,     136.56,      74.48,       0.00,    15369.2,       1.23,       2.94
    0,     2,     7,     103.57,      78.13,       0.00,     8678.6,       1.26,       2.95
    0,     2,     8,      70.01,     110.71,       0.00,    13194.2,       1.25,       2.76
    0,     2,     9,     112.65,     130.82,       0.00,    16502.3,       1.28,       2.82
    0,     2,    10,      94.98,     137.79,       0.00,     8025.3,       1.23,       2.74
    0,     2,    11,     101.80,     163.55,       0.00,     9600.2,       1.20,       2.73
    0,     3,     1,       9.06,      14.23,       0.00,     5852.0,       1.25,       2.83
    0,     3,     2,      29.31,      30.65,       0.00,    32153.9,       1.45,       3.09
    0,     3,     3,      43.77,      72.61,       0.00,     9236.7,       1.25,       2.78
    0,     3,     4,      68.36,      72.52,       0.00,    13579.0,       1.23,       2.84
    0,     3,     5,      86.06,      73.43,       0.00,    12203.6,       1.22,       2.75
    0,     3,     6,     136.57,      74.45,       0.00,    15943.6,       1.24,       2.90
    0,     3,     7,     103.56,      78.10,       0.00,     8580.9,       1.26,       2.88
    0,     3,     8,      70.01,     110.78,       0.00,    12771.7,       1.22,       2.75
    0,     3,     9,     112.65,     130.87,       0.00,    16259.6,       1.27,       2.77
    0,     3,    10,      94.97,     137.82,       0.00,     7857.4,       1.24,       2.74
    0,     3,    11,     101.81,     163.60,       0.00,     9692.6,       1.25,       2.77
    0,     4,     1,       9.09,      14.18,       0.00,     5769.0,       1.19,       2.84
    0,     4,     2,      29.30,      30.64,       0.00,    31795.9,       1.45,       3.08
    0,     4,     3,      68.36,      72.46,       0.00,    13422.1,       1.22,       2.81
    0,     4,     4,      43.77,      72.59,       0.00,     9488.4,       1.25,       2.79
    0,     4,     5,      86.05,      73.43,       0.00,    12199.8,       1.22,       2.78
    0,     4,     6,     136.60,      74.48,       0.00,    15206.9,       1.26,       2.87
    0,     4,     7,     103.53,      78.23,       0.00,     8295.5,       1.25,       2.93
    0,     4,     8,      70.00,     110.72,       0.00,    12526.7,       1.20,       2.79
    0,     4,     9,     112.63,     130.84,       0.00,    16350.6,       1.27,       2.80
    0,     4,    10,      94.95,     137.82,       0.00,     7882.5,       1.25,       2.73
    0,     4,    11,     101.77,     163.60,       0.00,     9694.3,       1.23,       2.75
    0,     5,     1,       9.05,      14.17,       0.00,     5659.6,       1.23,       2.81
    0,     5,     2,      29.29,      30.66,       0.00,    31325.6,       1.43,       3.06
    0,     5,     3,      43.77,      72.69,       0.00,     9199.0,       1.22,       2.86
    0,     5,     4,      68.36,      72.53,       0.00,    13750.8,       1.25,       2.82
    0,     5,     5,      86.03,      73.34,       0.00,    11996.5,       1.19,       2.72
    0,     5,     6,     136.58,      74.45,       0.00,    14848.7,       1.23,       2.93
    0,     5,     7,     103.53,      78.23,       0.00,     8199.3,       1.22,       2.95
    0,     5,     8,      70.01,     110.74,       0.00,    12508.1,       1.23,       2.78
    0,     5,     9,     112.66,     130.84,       0.00,    15786.8,       1.27,       2.75
    0,     5,    10,      94.93,     137.73,       0.00,     7642.5,       1.23,       2.69
    0,     5,    11,     101.80,     163.50,       0.00,     9455.8,       1.22,       2.65
    0,     6,     1,       9.05,      14.18,       0.00,     5429.2,       1.17,       2.71
    0,     6,     2,      29.30,      30.68,       0.00,    31699.0,       1.44,       3.08
    0,     6,     3,      68.34,      72.42,       0.00,    13359.8,       1.21,       2.86
    0,     6,     4,      43.78,      72.64,       0.00,     9628.9,       1.24,       2.89
    0,     6,     5,      86.03,      73.37,       0.00,    11900.9,       1.20,       2.73
    0,     6,     6,     136.55,      74.53,       0.00,    15765.3,       1.24,       2.97
    0,     6,     7,     103.54,      78.21,       0.00,     8475.6,       1.22,       2.93
    0,     6,     8,      70.03,     110.76,       0.00,    12755.0,       1.24,       2.78
    0,     6,     9,     112.66,     130.81,       0.00,    15804.6,       1.27,       2.77
    0,     6,    10,      94.96,     137.69,       0.00,     7939.5,       1.22,       2.69
    0,     6,    11,     101.77,     163.53,       0.00,     9361.4,       1.19,       2.68
    0,     7,     1,       9.08,      14.15,       0.00,     5653.0,       1.19,       2.84
    0,     7,     2,      29.28,      30.66,       0.00,    31736.6,       1.44,       3.07
    0,     7,     3,      43.79,      72.64,       0.00,     9539.5,       1.21,       2.89
    0,     7,     4,      68.36,      72.47,       0.00,    13207.7,       1.21,       2.81
    0,     7,     5,      86.05,      73.38,       0.00,    11640.0,       1.19,       2.75
    0,     7,     6,     136.57,      74.47,       0.00,    15773.7,       1.24,       2.97
    0,     7,     7,     103.56,      78.16,       0.00,     8421.0,       1.23,       2.89
    0,     7,     8,      70.00,     110.74,       0.00,    12636.4,       1.23,       2.77
    0,     7,     9,     112.64,     130.81,       0.00,    16003.8,       1.26,       2.75
    0,     7,    10,      94.98,     137.68,       0.00,     7672.2,       1.18,       2.67
    0,     7,    11,     101.78,     163.59,       0.00,     9454.5,       1.21,       2.80
    0,     8,     1,       9.03,      14.14,       0.00,     5639.3,       1.20,       2.88
    0,     8,     2,      29.30,      30.66,       0.00,    31106.4,       1.42,       3.07
    0,     8,     3,      68.36,      72.45,       0.00,    13908.7,       1.22,       2.86
    0,     8,     4,      43.77,      72.65,       0.00,     9127.2,       1.25,       2.77
    0,     8,     5,      86.05,      73.37,       0.00,    11764.9,       1.19,       2.74
    0,     8,     6,     136.56,      74.41,       0.00,    15081.9,       1.23,       2.93
    0,     8,     7,     103.50,      78.21,       0.00,     8768.0,       1.26,       2.98
    0,     8,     8,      70.01,     110.80,       0.00,    12844.5,       1.28,       2.87
    0,     8,     9,     112.66,     130.82,       0.00,    16112.4,       1.26,       2.78
    0,     8,    10,      94.97,     137.72,       0.00,     7584.3,       1.21,       2.64
    0,     8,    11,     101.81,     163.57,       0.00,     9537.8,       1.25,       2.76
    0,     9,     1,       9.06,      14.11,       0.00,     5249.1,       1.15,       2.81
    0,     9,     2,      29.27,      30.65,       0.00,    31251.4,       1.44,       3.06
    0,     9,     3,      68.37,      72.42,       0.00,    13893.4,       1.22,       2.87
    0,     9,     4,      43.78,      72.67,       0.00,    10043.8,       1.25,       2.87
    0,     9,     5,      86.03,      73.33,       0.00,    12007.5,       1.20,       2.77
    0,     9,     6,     136.56,      74.43,       0.00,    14472.2,       1.25,       2.86
    0,     9,     7,     103.54,      78.20,       0.00,     8241.8,       1.24,       2.96
    0,     9,     8,      70.03,     110.75,       0.00,    12568.8,       1.23,       2.78
    0,     9,     9,     112.64,     130.78,       0.00,    16398.7,       1.30,       2.76
    0,     9,    10,      94.94,     137.78,       0.00,     7632.6,       1.20,       2.65
    0,     9,    11,     101.76,     163.56,       0.00,     9310.9,       1.24,       2.73
    0,    10,     1,       9.03,      14.15,       0.00,     5497.7,       1.16,       2.84
    0,    10,     2,      29.29,      30.66,       0.00,    31743.4,       1.43,       3.10
    0,    10,     3,      43.80,      72.66,       0.00,    10021.8,       1.23,       2.80
    0,    10,     4,      68.36,      72.48,       0.00,    13792.8,       1.23,       2.87
    0,    10,     5,      85.99,      73.36,       0.00,    11506.8,       1.20,       2.76
    0,    10,     6,     136.57,      74.41,       0.00,    15301.7,       1.25,       2.89
    0,    10,     7,     103.55,      78.21,       0.00,     8618.3,       1.26,       2.95
    0,    10,     8,      69.98,     110.70,       0.00,    12460.9,       1.23,       2.71
    0,    10,     9,     112.64,     130.78,       0.00,    15897.5,       1.25,       2.72
    0,    10,    10,      94.96,     137.82,       0.00,     7816.5,       1.20,       2.67
    0,    10,    11,     101.78,     163.46,       0.00,     9424.5,       1.26,       2.78
    0,    11,     1,       9.06,      14.19,       0.00,     5595.0,       1.20,       2.88
    0,    11,     2,      29.29,      30.67,       0.00,    31755.2,       1.43,       3.09
    0,    11,     3,      68.33,      72.46,       0.00,    13694.6,       1.24,       2.85
    0,    11,     4,      43.77,      72.61,       0.00,     9718.3,       1.24,       2.79
    0,    11,     5,      86.02,      73.33,       0.00,    11674.4,       1.20,       2.72
    0,    11,     6,     136.56,      74.47,       0.00,    14627.3,       1.22,       2.87
    0,    11,     7,     103.56,      78.21,       0.00,     8654.9,       1.29,       2.91
    0,    11,     8,      70.02,     110.69,       0.00,    12177.0,       1.23,       2.80
    0,    11,     9,     112.64,     130.84,       0.00,    15892.7,       1.24,       2.77
    0,    11,    10,      94.97,     137.65,       0.00,     7540.0,       1.20,       2.71
    0,    11,    11,     101.78,     163.53,       0.00,     9462.2,       1.23,       2.73
    0,    12,     1,       9.03,      14.20,       0.00,     5579.2,       1.16,       2.80
    0,    12,     2,      29.28,      30.67,       0.00,    31172.5,       1.42,       3.07
    0,    12,     3,      68.34,      72.50,       0.00,    14068.8,       1.25,       2.84
    0,    12,     4,      43.79,      72.60,       0.00,     9892.7,       1.23,       2.85
    0,    12,     5,      86.05,      73.35,       0.00,    11864.3,       1.22,       2.78
    0,    12,     6,     136.57,      74.43,       0.00,    14457.2,       1.22,       2.88
    0,    12,     7,     103.58,      78.18,       0.00,     8909.9,       1.25,       2.94
    0,    12,     8,      70.01,     110.78,       0.00,    12434.7,       1.21,       2.79
    0,    12,     9,     112.64,     130.85,       0.00,    15808.4,       1.26,       2.81
    0,    12,    10,      94.97,     137.77,       0.00,     7723.3,       1.20,       2.68
    0,    12,    11,     101.77,     163.56,       0.00,     9295.1,       1.26,       2.73
    0,    13,     1,       9.05,      14.25,       0.00,     5541.1,       1.18,       2.83
    0,    13,     2,      29.27,      30.67,       0.00,    31786.6,       1.44,       3.10
    0,    13,     3,      43.81,      72.61,       0.00,    10108.3,       1.24,       2.87
    0,    13,     4,      68.35,      72.47,       0.00,    13558.4,       1.24,       2.83
    0,    13,     5,      86.03,      73.34,       0.00,    11709.2,       1.17,       2.67
    0,    13,     6,     136.58,      74.46,       0.00,    14526.2,       1.27,       2.94
    0,    13,     7,     103.56,      78.24,       0.00,     8487.8,       1.26,       2.94
    0,    13,     8,      69.99,     110.74,       0.00,    12750.1,       1.26,       2.79
    0,    13,     9,     112.64,     130.79,       0.00,    16244.1,       1.26,       2.82
    0,    13,    10,      94.99,     137.78,       0.00,     7835.3,       1.19,       2.74
    0,    13,    11,     101.77,     163.54,       0.00,     9168.8,       1.24,       2.72
    0,    14,     1,       9.04,      14.15,       0.00,     5527.6,       1.22,       2.83
    0,    14,     2,      29.30,      30.67,       0.00,    30952.5,       1.42,       3.06
    0,    14,     3,      43.77,      72.70,       0.00,     9819.4,       1.22,       2.84
    0,    14,     4,      68.31,      72.52,       0.00,    13471.2,       1.21,       2.80
    0,    14,     5,      86.04,      73.39,       0.00,    11692.7,       1.19,       2.69
    0,    14,     6,     136.59,      74.46,       0.00,    13930.9,       1.21,       2.89
    0,    14,     7,     103.51,      78.24,       0.00,     8702.8,       1.25,       3.06
    0,    14,     8,      70.03,     110.81,       0.00,    12641.9,       1.22,       2.80
    0,    14,     9,     112.63,     130.80,       0.00,    15654.5,       1.28,       2.79
    0,    14,    10,      95.00,     137.61,       0.00,     7777.5,       1.20,       2.69
    0,    14,    11,     101.76,     163.62,       0.00,     9063.4,       1.22,       2.70
    0,    15,     1,       9.07,      14.23,       0.00,     5803.6,       1.20,       2.96
    0,    15,     2,      29.27,      30.67,       0.00,    31125.3,       1.43,       3.06
    0,    15,     3,      68.35,      72.51,       0.00,    13263.8,       1.23,       2.85
    0,    15,     4,      43.78,      72.72,       0.00,    10059.4,       1.23,       2.78
    0,    15,     5,      86.03,      73.37,       0.00,    11704.7,       1.23,       2.78
    0,    15,     6,     136.54,      74.49,       0.00,    14105.8,       1.24,       2.94
    0,    15,     7,     103.53,      78.19,       0.00,     8406.7,       1.19,       2.81
    0,    15,     8,      69.99,     110.79,       0.00,    12669.3,       1.22,       2.83
    0,    15,     9,     112.62,     130.84,       0.00,    15682.5,       1.28,       2.83
    0,    15,    10,      94.99,     137.71,       0.00,     7505.8,       1.20,       2.65
    0,    15,    11,     101.77,     163.51,       0.00,     9159.7,       1.25,       2.74
    0,    16,     1,       8.99,      14.12,       0.00,     5367.5,       1.17,       2.71
    0,    16,     2,      29.27,      30.66,       0.00,    30898.3,       1.43,       3.03
    0,    16,     3,      43.79,      72.60,       0.00,    10076.8,       1.24,       2.82
    0,    16,     4,      68.31,      72.44,       0.00,    13450.5,       1.23,       2.82
    0,    16,     5,      86.05,      73.38,       0.00,    11626.9,       1.18,       2.72
    0,    16,     6,     136.55,      74.43,       0.00,    14238.6,       1.22,       2.88
    0,    16,     7,     103.53,      78.26,       0.00,     8573.6,       1.23,       2.95
    0,    16,     8,      70.03,     110.79,       0.00,    12872.2,       1.25,       2.80
    0,    16,     9,     112.63,     130.81,       0.00,    15559.5,       1.27,       2.78
    0,    16,    10,      95.00,     137.77,       0.00,     7828.3,       1.20,       2.70
    0,    16,    11,     101.76,     163.57,       0.00,     9325.5,       1.23,       2.75
    0,    17,     1,       9.06,      14.13,       0.00,     5516.1,       1.19,       2.80
    0,    17,     2,      29.27,      30.66,       0.00,    30799.7,       1.41,       3.06
    0,    17,     3,      43.76,      72.64,       0.00,     9931.0,       1.23,       2.78
    0,    17,     4,      68.36,      72.39,       0.00,    13409.7,       1.24,       2.78
    0,    17,     5,      86.01,      73.38,       0.00,    11526.1,       1.18,       2.70
    0,    17,     6,     136.54,      74.47,       0.00,    14340.9,       1.25,       2.88
    0,    17,     7,     103.53,      78.14,       0.00,     8575.8,       1.28,       2.91
    0,    17,     8,      70.01,     110.75,       0.00,    12788.0,       1.22,       2.81
    0,    17,     9,     112.66,     130.80,       0.00,    15946.1,       1.31,       2.82
    0,    17,    10,      94.95,     137.83,       0.00,     7617.3,       1.20,       2.62
    0,    17,    11,     101.79,     163.57,       0.00,     9210.0,       1.22,       2.80
    0,    18,     1,       9.01,      14.16,       0.00,     5334.5,       1.16,       2.80
    0,    18,     2,      29.28,      30.65,       0.00,    30741.5,       1.42,       3.06
    0,    18,     3,      43.79,      72.60,       0.00,     9897.7,       1.22,       2.79
    0,    18,     4,      68.34,      72.55,       0.00,    13404.7,       1.24,       2.81
    0,    18,     5,      86.03,      73.38,       0.00,    11583.7,       1.19,       2.75
    0,    18,     6,     136.55,      74.42,       0.00,    13665.6,       1.23,       2.90
    0,    18,     7,     103.55,      78.18,       0.00,     8652.4,       1.25,       3.01
    0,    18,     8,      70.00,     110.74,       0.00,    12303.5,       1.21,       2.82
    0,    18,     9,     112.62,     130.81,       0.00,    15366.0,       1.28,       2.77
    0,    18,    10,      94.92,     137.74,       0.00,     7823.7,       1.17,       2.68
    0,    18,    11,     101.75,     163.52,       0.00,     9205.7,       1.21,       2.77
    0,    19,     1,       9.07,      14.14,       0.00,     5372.4,       1.20,       2.74
    0,    19,     2,      29.28,      30.67,       0.00,    31576.9,       1.44,       3.07
    0,    19,     3,      43.77,      72.64,       0.00,     9802.7,       1.22,       2.80
    0,    19,     4,      68.32,      72.45,       0.00,    13375.5,       1.20,       2.80
    0,    19,     5,      86.03,      73.31,       0.00,    11793.4,       1.21,       2.71
    0,    19,     6,     136.57,      74.45,       0.00,    13694.1,       1.24,       3.02
    0,    19,     7,     103.55,      78.17,       0.00,     8805.9,       1.27,       2.88
    0,    19,     8,      70.02,     110.79,       0.00,    12634.4,       1.24,       2.84
    0,    19,     9,     112.64,     130.80,       0.00,    16047.4,       1.26,       2.76
    0,    19,    10,      94.96,     137.79,       0.00,     8009.2,       1.22,       2.67
    0,    19,    11,     101.79,     163.54,       0.00,     8998.6,       1.20,       2.66
    0,    20,     1,       9.04,      14.10,       0.00,     5399.8,       1.17,       2.79
    0,    20,     2,      29.29,      30.63,       0.00,    31022.5,       1.43,       3.06
    0,    20,     3,      68.35,      72.48,       0.00,    12606.6,       1.24,       2.80
    0,    20,     4,      43.77,      72.62,       0.00,     9615.3,       1.19,       2.71
    0,    20,     5,      86.04,      73.43,       0.00,    11573.7,       1.22,       2.85
    0,    20,     6,     136.56,      74.40,       0.00,    13143.6,       1.23,       2.85
    0,    20,     7,     103.55,      78.16,       0.00,     8732.4,       1.26,       2.99
    0,    20,     8,      70.01,     110.84,       0.00,    12193.6,       1.21,       2.79
    0,    20,     9,     112.65,     130.82,       0.00,    15629.5,       1.25,       2.76
    0,    20,    10,      94.93,     137.84,       0.00,     8079.4,       1.20,       2.69
    0,    20,    11,     101.77,     163.56,       0.00,     9115.4,       1.23,       2.68
    0,    21,     1,       9.02,      14.17,       0.00,     5673.4,       1.18,       2.93
    0,    21,     2,      29.29,      30.65,       0.00,    31521.8,       1.45,       3.06
    0,    21,     3,      43.78,      72.64,       0.00,    10094.8,       1.22,       2.82
    0,    21,     4,      68.35,      72.51,       0.00,    12639.3,       1.22,       2.86
    0,    21,     5,      86.02,      73.34,       0.00,    11603.3,       1.20,       2.74
    0,    21,     6,     136.59,      74.43,       0.00,    13703.5,       1.23,       2.91
    0,    21,     7,     103.55,      78.13,       0.00,     8422.0,       1.25,       2.86
    0,    21,     8,      69.99,     110.73,       0.00,    12521.4,       1.23,       2.80
    0,    21,     9,     112.62,     130.85,       0.00,    15833.2,       1.29,       2.69
    0,    21,    10,      94.94,     137.71,       0.00,     7891.6,       1.18,       2.60
    0,    21,    11,     101.76,     163.57,       0.00,     9441.5,       1.25,       2.80
    0,    22,     1,       9.04,      14.18,       0.00,     5727.5,       1.18,       2.84
    0,    22,     2,      29.27,      30.65,       0.00,    31316.2,       1.44,       3.05
    0,    22,     3,      43.81,      72.63,       0.00,     9962.8,       1.23,       2.81
    0,    22,     4,      68.37,      72.43,       0.00,    12610.2,       1.25,       2.79
    0,    22,     5,      86.00,      73.36,       0.00,    11313.6,       1.21,       2.74
    0,    22,     6,     136.58,      74.50,       0.00,    13447.8,       1.26,       2.93
    0,    22,     7,     103.49,      78.23,       0.00,     8579.4,       1.25,       2.89
    0,    22,     8,      70.03,     110.76,       0.00,    12233.8,       1.23,       2.78
    0,    22,     9,     112.63,     130.81,       0.00,    16756.5,       1.26,       2.84
    0,    22,    10,      94.95,     137.76,       0.00,     8046.0,       1.17,       2.66
    0,    22,    11,     101.77,     163.57,       0.00,     9167.2,       1.23,       2.72
    0,    23,     1,       9.04,      14.12,       0.00,     5334.0,       1.16,       2.77
    0,    23,     2,      29.28,      30.65,       0.00,    31146.3,       1.43,       3.06
    0,    23,     3,      43.79,      72.65,       0.00,     9899.1,       1.22,       2.84
    0,    23,     4,      68.36,      72.51,       0.00,    12664.8,       1.24,       2.79
    0,    23,     5,      86.05,      73.44,       0.00,    11700.4,       1.21,       2.76
    0,    23,     6,     136.58,      74.43,       0.00,    13426.0,       1.23,       2.94
    0,    23,     7,     103.55,      78.17,       0.00,     8293.1,       1.23,       2.91
    0,    23,     8,      70.03,     110.74,       0.00,    12532.3,       1.24,       2.85
    0,    23,     9,     112.63,     130.86,       0.00,    15881.9,       1.27,       2.79
    0,    23,    10,      94.94,     137.78,       0.00,     8085.9,       1.20,       2.68
    0,    23,    11,     101.78,     163.60,       0.00,     9159.2,       1.22,       2.70
    0,    24,     1,       9.05,      14.11,       0.00,     5398.3,       1.18,       2.77
    0,    24,     2,      29.26,      30.65,       0.00,    30818.0,       1.43,       3.02
    0,    24,     3,      68.36,      72.46,       0.00,    12678.4,       1.21,       2.83
    0,    24,     4,      43.76,      72.58,       0.00,    10101.5,       1.23,       2.83
    0,    24,     5,      86.03,      73.40,       0.00,    11426.6,       1.22,       2.76
    0,    24,     6,     136.55,      74.43,       0.00,    13748.4,       1.25,       2.90
    0,    24,     7,     103.51,      78.23,       0.00,     8600.7,       1.26,       2.93
    0,    24,     8,      69.98,     110.78,       0.00,    12317.6,       1.21,       2.77
    0,    24,     9,     112.62,     130.76,       0.00,    15336.7,       1.29,       2.75
    0,    24,    10,      94.94,     137.79,       0.00,     8258.8,       1.23,       2.75
    0,    24,    11,     101.78,     163.58,       0.00,     9120.8,       1.23,       2.72
    0,    25,     1,       9.03,      14.21,       0.00,     5439.3,       1.17,       2.91
    0,    25,     2,      29.28,      30.67,       0.00,    30960.8,       1.43,       3.02
    0,    25,     3,      43.77,      72.58,       0.00,     9555.5,       1.22,       2.72
    0,    25,     4,      68.36,      72.43,       0.00,    12805.5,       1.25,       2.80
    0,    25,     5,      86.03,      73.33,       0.00,    11099.4,       1.17,       2.69
    0,    25,     6,     136.54,      74.48,       0.00,    14029.9,       1.26,       2.91
    0,    25,     7,     103.57,      78.18,       0.00,     8433.6,       1.26,       2.93
    0,    25,     8,      70.01,     110.80,       0.00,    12617.4,       1.23,       2.80
    0,    25,     9,     112.64,     130.77,       0.00,    15708.3,       1.28,       2.77
    0,    25,    10,      94.98,     137.80,       0.00,     8071.5,       1.19,       2.60
    0,    25,    11,     101.76,     163.60,       0.00,     9143.4,       1.22,       2.80
    0,    26,     1,       8.99,      14.18,       0.00,     5399.8,       1.16,       2.81
    0,    26,     2,      29.26,      30.64,       0.00,    30490.1,       1.42,       3.03
    0,    26,     3,      43.77,      72.60,       0.00,     9648.6,       1.22,       2.78
    0,    26,     4,      68.37,      72.52,       0.00,    12845.6,       1.27,       2.87
    0,    26,     5,      86.01,      73.37,       0.00,    11901.1,       1.19,       2.76
    0,    26,     6,     136.59,      74.48,       0.00,    13544.6,       1.23,       2.92
    0,    26,     7,     103.53,      78.17,       0.00,     8125.0,       1.24,       2.93
    0,    26,     8,      70.00,     110.79,       0.00,    12510.0,       1.21,       2.82
    0,    26,     9,     112.64,     130.81,       0.00,    16320.5,       1.30,       2.76
    0,    26,    10,      94.94,     137.79,       0.00,     8208.2,       1.22,       2.74
    0,    26,    11,     101.74,     163.55,       0.00,     9404.2,       1.24,       2.77
    0,    27,     1,       9.03,      14.23,       0.00,     5196.9,       1.14,       2.82
    0,    27,     2,      29.25,      30.64,       0.00,    30778.8,       1.42,       3.03
    0,    27,     3,      68.37,      72.51,       0.00,    12200.1,       1.23,       2.80
    0,    27,     4,      43.75,      72.63,       0.00,     9477.2,       1.20,       2.71
    0,    27,     5,      86.03,      73.34,       0.00,    11665.6,       1.18,       2.80
    0,    27,     6,     136.59,      74.49,       0.00,    13725.9,       1.27,       2.93
    0,    27,     7,     103.53,      78.15,       0.00,     8433.1,       1.27,       2.88
    0,    27,     8,      69.97,     110.74,       0.00,    12625.5,       1.23,       2.81
    0,    27,     9,     112.63,     130.79,       0.00,    16240.5,       1.26,       2.82
    0,    27,    10,      94.92,     137.75,       0.00,     7982.0,       1.19,       2.77
    0,    27,    11,     101.77,     163.55,       0.00,     9100.2,       1.29,       2.70
    0,    28,     1,       9.01,      14.14,       0.00,     5589.8,       1.20,       2.92
    0,    28,     2,      29.27,      30.66,       0.00,    30642.9,       1.43,       3.01
    0,    28,     3,      43.77,      72.65,       0.00,     9791.1,       1.26,       2.82
    0,    28,     4,      68.35,      72.51,       0.00,    12216.9,       1.24,       2.86
    0,    28,     5,      85.99,      73.42,       0.00,    11970.5,       1.23,       2.77
    0,    28,     6,     136.60,      74.47,       0.00,    13672.1,       1.27,       2.97
    0,    28,     7,     103.52,      78.11,       0.00,     8692.1,       1.24,       2.95
    0,    28,     8,      69.99,     110.77,       0.00,    12634.9,       1.27,       2.78
    0,    28,     9,     112.63,     130.82,       0.00,    16006.5,       1.27,       2.77
    0,    28,    10,      94.95,     137.84,       0.00,     7944.5,       1.23,       2.65
    0,    28,    11,     101.78,     163.62,       0.00,     9315.5,       1.25,       2.80
    0,    29,     1,       9.02,      14.24,       0.00,     5632.2,       1.19,       2.83
    0,    29,     2,      29.26,      30.64,       0.00,    30733.8,       1.42,       3.03
    0,    29,     3,      43.73,      72.60,       0.00,     9635.1,       1.23,       2.79
    0,    29,     4,      68.37,      72.51,       0.00,    12120.8,       1.22,       2.78
    0,    29,     5,      86.01,      73.37,       0.00,    11713.6,       1.20,       2.77
    0,    29,     6,     136.57,      74.54,       0.00,    14145.6,       1.26,       2.92
    0,    29,     7,     103.56,      78.24,       0.00,     8603.7,       1.28,       2.89
    0,    29,     8,      69.99,     110.76,       0.00,    12134.2,       1.19,       2.67
    0,    29,     9,     112.62,     130.82,       0.00,    15882.2,       1.27,       2.78
    0,    29,    10,      94.96,     137.72,       0.00,     7622.3,       1.20,       2.65
    0,    29,    11,     101.77,     163.68,       0.00,     9396.8,       1.25,       2.77
    0,    30,     1,       9.05,      14.24,       0.00,     5599.1,       1.20,       2.89
    0,    30,     2,      29.25,      30.67,       0.00,    30806.6,       1.42,       3.03
    0,    30,     3,      43.75,      72.65,       0.00,     9549.8,       1.22,       2.72
    0,    30,     4,      68.35,      72.50,       0.00,    11808.3,       1.20,       2.80
    0,    30,     5,      86.01,      73.35,       0.00,    11528.4,       1.20,       2.77
    0,    30,     6,     136.58,      74.54,       0.00,    13700.2,       1.24,       2.96
    0,    30,     7,     103.54,      78.21,       0.00,     8693.1,       1.23,       2.93
    0,    30,     8,      69.99,     110.88,       0.00,    12632.0,       1.24,       2.88
    0,    30,     9,     112.61,     130.81,       0.00,    15909.6,       1.29,       2.71
    0,    30,    10,      94.93,     137.82,       0.00,     7813.6,       1.21,       2.65
    0,    30,    11,     101.76,     163.54,       0.00,     9471.0,       1.24,       2.70
    0,    31,     1,       9.01,      14.14,       0.00,     5614.8,       1.22,       2.85
    0,    31,     2,      29.25,      30.65,       0.00,    30203.1,       1.42,       2.96
    0,    31,     3,      43.78,      72.66,       0.00,     9606.4,       1.23,       2.76
    0,    31,     4,      68.34,      72.50,       0.00,    11754.5,       1.21,       2.77
    0,    31,     5,      85.96,      73.39,       0.00,    11829.3,       1.23,       2.78
    0,    31,     6,     136.58,      74.46,       0.00,    13447.6,       1.23,       2.97
    0,    31,     7,     103.50,      78.26,       0.00,     8660.8,       1.24,       2.88
    0,    31,     8,      70.01,     110.88,       0.00,    12565.7,       1.24,       2.85
    0,    31,     9,     112.62,     130.80,       0.00,    16058.4,       1.28,       2.72
    0,    31,    10,      94.93,     137.78,       0.00,     7803.2,       1.22,       2.60
    0,    31,    11,     101.76,     163.50,       0.00,     9334.0,       1.26,       2.74
    0,    32,     1,       9.06,      14.15,       0.00,     5603.2,       1.21,       2.87
    0,    32,     2,      29.25,      30.65,       0.00,    30103.4,       1.42,       3.00
    0,    32,     3,      43.79,      72.68,       0.00,     9609.9,       1.23,       2.75
    0,    32,     4,      68.34,      72.56,       0.00,    12065.0,       1.24,       2.75
    0,    32,     5,      85.98,      73.35,       0.00,    11568.9,       1.21,       2.75
    0,    32,     6,     136.59,      74.49,       0.00,    13229.2,       1.25,       2.87
    0,    32,     7,     103.53,      78.17,       0.00,     8500.9,       1.24,       2.80
    0,    32,     8,      69.99,     110.76,       0.00,    12350.5,       1.22,       2.73
    0,    32,     9,     112.63,     130.82,       0.00,    15855.0,       1.27,       2.72
    0,    32,    10,      94.95,     137.82,       0.00,     7587.1,       1.25,       2.64
    0,    32,    11,     101.75,     163.58,       0.00,     9267.4,       1.28,       2.73
    0,    33,     1,       8.99,      14.10,       0.00,     5572.0,       1.20,       2.73
    0,    33,     2,      29.24,      30.64,       0.00,    30405.0,       1.43,       3.00
    0,    33,     3,      68.37,      72.47,       0.00,    12168.6,       1.25,       2.82
    0,    33,     4,      43.78,      72.71,       0.00,     9585.6,       1.20,       2.82
    0,    33,     5,      86.02,      73.43,       0.00,    11509.9,       1.18,       2.71
    0,    33,     6,     136.56,      74.46,       0.00,    13509.8,       1.26,       2.95
    0,    33,     7,     103.52,      78.18,       0.00,     8498.7,       1.23,       2.87
    0,    33,     8,      69.98,     110.79,       0.00,    12036.2,       1.21,       2.75
    0,    33,     9,     112.62,     130.83,       0.00,    15675.3,       1.26,       2.73
    0,    33,    10,      94.95,     137.73,       0.00,     7409.4,       1.19,       2.65
    0,    33,    11,     101.77,     163.54,       0.00,     8997.0,       1.24,       2.72
    0,    34,     1,       9.00,      14.17,       0.00,     5214.8,       1.18,       2.67
    0,    34,     2,      29.25,      30.68,       0.00,    29451.3,       1.42,       2.95
    0,    34,     3,      43.76,      72.74,       0.00,     9608.6,       1.21,       2.83
    0,    34,     4,      68.35,      72.48,       0.00,    12143.7,       1.25,       2.79
    0,    34,     5,      86.03,      73.42,       0.00,    11488.8,       1.19,       2.72
    0,    34,     6,     136.56,      74.46,       0.00,    13310.4,       1.24,       2.87
    0,    34,     7,     103.52,      78.15,       0.00,     8367.8,       1.22,       2.87
    0,    34,     8,      70.01,     110.78,       0.00,    12153.4,       1.24,       2.72
    0,    34,     9,     112.63,     130.88,       0.00,    15813.2,       1.26,       2.76
    0,    34,    10,      94.91,     137.75,       0.00,     7519.3,       1.20,       2.71
    0,    34,    11,     101.76,     163.61,       0.00,     9337.0,       1.26,       2.64
    0,    35,     1,       9.03,      14.21,       0.00,     5214.5,       1.14,       2.75
    0,    35,     2,      29.25,      30.68,       0.00,    30534.1,       1.41,       3.02
    0,    35,     3,      43.75,      72.67,       0.00,     9752.4,       1.24,       2.72
    0,    35,     4,      68.34,      72.58,       0.00,    11938.2,       1.22,       2.75
    0,    35,     5,      86.00,      73.37,       0.00,    11370.0,       1.20,       2.76
    0,    35,     6,     136.58,      74.47,       0.00,    13144.0,       1.24,       2.85
    0,    35,     7,     103.54,      78.20,       0.00,     8262.7,       1.28,       2.91
    0,    35,     8,      70.00,     110.77,       0.00,    12653.1,       1.23,       2.82
    0,    35,     9,     112.61,     130.80,       0.00,    15730.7,       1.26,       2.75
    0,    35,    10,      94.96,     137.77,       0.00,     7481.0,       1.17,       2.66
    0,    35,    11,     101.78,     163.65,       0.00,     9271.5,       1.27,       2.71
    0,    36,     1,       9.03,      14.18,       0.00,     5453.8,       1.16,       2.85
    0,    36,     2,      29.23,      30.65,       0.00,    30097.7,       1.43,       2.96
    0,    36,     3,      43.74,      72.70,       0.00,     9821.3,       1.23,       2.78
    0,    36,     4,      68.32,      72.49,       0.00,    11828.0,       1.22,       2.75
    0,    36,     5,      86.03,      73.43,       0.00,    11658.2,       1.21,       2.76
    0,    36,     6,     136.55,      74.47,       0.00,    13250.0,       1.23,       2.84
    0,    36,     7,     103.52,      78.13,       0.00,     8320.4,       1.26,       2.87
    0,    36,     8,      69.99,     110.74,       0.00,    12607.9,       1.25,       2.77
    0,    36,     9,     112.61,     130.76,       0.00,    16487.0,       1.26,       2.77
    0,    36,    10,      94.95,     137.75,       0.00,     7444.8,       1.17,       2.62
    0,    36,    11,     101.76,     163.62,       0.00,     9399.3,       1.24,       2.75
    0,    37,     1,       9.01,      14.21,       0.00,     5163.5,       1.13,       2.68
    0,    37,     2,      29.23,      30.66,       0.00,    30684.3,       1.43,       3.00
    0,    37,     3,      43.77,      72.70,       0.00,     9721.5,       1.22,       2.76
    0,    37,     4,      68.33,      72.53,       0.00,    11913.7,       1.24,       2.82
    0,    37,     5,      86.01,      73.49,       0.00,    10995.5,       1.19,       2.80
    0,    37,     6,     136.55,      74.51,       0.00,    13474.0,       1.26,       2.91
    0,    37,     7,     103.51,      78.24,       0.00,     8566.0,       1.29,       2.93
    0,    37,     8,      70.00,     110.77,       0.00,    12598.1,       1.25,       2.81
    0,    37,     9,     112.62,     130.83,       0.00,    16030.7,       1.27,       2.72
    0,    37,    10,      94.91,     137.83,       0.00,     7749.4,       1.19,       2.67
    0,    37,    11,     101.78,     163.59,       0.00,     9406.1,       1.28,       2.69
    0,    38,     1,       9.04,      14.08,       0.00,     5486.0,       1.18,       2.80
    0,    38,     2,      29.24,      30.66,       0.00,    29741.7,       1.42,       2.96
    0,    38,     3,      43.74,      72.68,       0.00,     9684.0,       1.22,       2.79
    0,    38,     4,      68.35,      72.53,       0.00,    12454.8,       1.23,       2.89
    0,    38,     5,      85.99,      73.35,       0.00,    11125.5,       1.20,       2.71
    0,    38,     6,     136.57,      74.53,       0.00,    13807.2,       1.24,       2.94
    0,    38,     7,     103.51,      78.15,       0.00,     8047.4,       1.23,       2.91
    0,    38,     8,      70.02,     110.73,       0.00,    12525.9,       1.25,       2.73
    0,    38,     9,     112.63,     130.83,       0.00,    16970.3,       1.28,       2.68
    0,    38,    10,      94.93,     137.73,       0.00,     7207.7,       1.20,       2.59
    0,    38,    11,     101.77,     163.54,       0.00,     8950.8,       1.21,       2.66
    0,    39,     1,       9.01,      14.16,       0.00,     5181.0,       1.19,       2.67
    0,    39,     2,      29.25,      30.69,       0.00,    29962.5,       1.42,       2.98
    0,    39,     3,      43.75,      72.63,       0.00,     9615.3,       1.21,       2.77
    0,    39,     4,      68.35,      72.53,       0.00,    12100.6,       1.26,       2.82
    0,    39,     5,      86.01,      73.39,       0.00,    11268.8,       1.23,       2.76
    0,    39,     6,     136.57,      74.46,       0.00,    14024.1,       1.26,       2.95
    0,    39,     7,     103.50,      78.17,       0.00,     8379.3,       1.22,       2.88
    0,    39,     8,      70.03,     110.77,       0.00,    12598.1,       1.22,       2.72
    0,    39,     9,     112.61,     130.90,       0.00,    16617.5,       1.26,       2.70
    0,    39,    10,      94.91,     137.77,       0.00,     7487.5,       1.18,       2.57
    0,    39,    11,     101.76,     163.56,       0.00,     9103.4,       1.22,       2.78
    0,    40,     1,       9.01,      14.16,       0.00,     5181.0,       1.19,       2.67
    0,    40,     2,      29.25,      30.69,       0.00,    29962.5,       1.42,       2.98
    0,    40,     3,      43.75,      72.63,       0.00,     9615.3,       1.21,       2.77
    0,    40,     4,      68.35,      72.53,       0.00,    12100.6,       1.26,       2.82
    0,    40,     5,      86.01,      73.39,       0.00,    11268.8,       1.23,       2.76
    0,    40,     6,     136.57,      74.46,       0.00,    14024.1,       1.26,       2.95
    0,    40,     7,     103.50,      78.17,       0.00,     8379.3,       1.22,       2.88
    0,    40,     8,      70.03,     110.77,       0.00,    12598.1,       1.22,       2.72
    0,    40,     9,     112.61,     130.90,       0.00,    16617.5,       1.26,       2.70
    0,    40,    10,      94.91,     137.77,       0.00,     7487.5,       1.18,       2.57
    0,    40,    11,     101.76,     163.56,       0.00,     9103.4,       1.22,       2.78
