#stackID(UINT32), frameID(UINT32), eventID(UINT32), x0(float), y0(float), z0(float), photon_count0(float), sigmaX0(float), sigmaY0(float) 
    0,     0,     1,       8.09,      15.18,       0.00,     1933.2,       2.35,       1.13
    0,     0,     2,      28.40,      31.40,       0.00,    13493.9,       2.50,       1.24
    0,     0,     3,      67.68,      73.25,       0.00,     7248.4,       2.38,       1.20
    0,     0,     4,      42.84,      73.50,       0.00,     5273.3,       2.35,       1.17
    0,     0,     5,      85.42,      74.35,       0.00,     6440.7,       2.32,       1.13
    0,     0,     6,     135.69,      75.31,       0.00,    11107.8,       2.41,       1.18
    0,     0,     7,     102.68,      78.83,       0.00,     5461.4,       2.34,       1.16
    0,     0,     8,      69.21,     111.65,       0.00,     7513.5,       2.25,       1.18
    0,     0,     9,     111.80,     131.56,       0.00,     8530.4,       2.44,       1.22
    0,     0,    10,      94.33,     138.51,       0.00,     4638.5,       2.35,       1.17
    0,     0,    11,     100.98,     164.47,       0.00,     6215.9,       2.33,       1.16
    0,     1,     1,       8.02,      15.20,       0.00,     1929.2,       2.44,       1.15
    0,     1,     2,      28.36,      31.40,       0.00,    13411.4,       2.49,       1.24
    0,     1,     3,      67.63,      73.22,       0.00,     7166.1,       2.40,       1.18
    0,     1,     4,      42.79,      73.48,       0.00,     5113.2,       2.27,       1.16
    0,     1,     5,      85.46,      74.37,       0.00,     6460.1,       2.28,       1.17
    0,     1,     6,     135.74,      75.31,       0.00,    10932.5,       2.40,       1.21
    0,     1,     7,     102.61,      78.76,       0.00,     5262.3,       2.35,       1.15
    0,     1,     8,      69.14,     111.66,       0.00,     7563.7,       2.29,       1.16
    0,     1,     9,     111.86,     131.52,       0.00,     8401.7,       2.39,       1.21
    0,     1,    10,      94.33,     138.49,       0.00,     4571.2,       2.38,       1.18
    0,     1,    11,     101.02,     164.43,       0.00,     6117.7,       2.35,       1.18
    0,     2,     1,       8.20,      15.17,       0.00,     1659.6,       2.13,       1.06
    0,     2,     2,      28.40,      31.40,       0.00,    13083.7,       2.47,       1.23
    0,     2,     3,      42.77,      73.52,       0.00,     5112.6,       2.32,       1.17
    0,     2,     4,      67.61,      73.24,       0.00,     7076.3,       2.44,       1.19
    0,     2,     5,      85.32,      74.36,       0.00,     6355.7,       2.33,       1.17
    0,     2,     6,     135.70,      75.35,       0.00,    10656.7,       2.34,       1.17
    0,     2,     7,     102.64,      78.79,       0.00,     5293.8,       2.32,       1.16
    0,     2,     8,      69.23,     111.67,       0.00,     7649.8,       2.33,       1.18
    0,     2,     9,     111.82,     131.52,       0.00,     8171.3,       2.44,       1.20
    0,     2,    10,      94.29,     138.54,       0.00,     4575.3,       2.36,       1.17
    0,     2,    11,     101.02,     164.43,       0.00,     6065.2,       2.30,       1.17
    0,     3,     1,       8.11,      15.19,       0.00,     1838.2,       2.34,       1.18
    0,     3,     2,      28.38,      31.42,       0.00,    12885.5,       2.48,       1.23
    0,     3,     3,      67.66,      73.29,       0.00,     7287.9,       2.46,       1.22
    0,     3,     4,      42.79,      73.52,       0.00,     4836.9,       2.38,       1.14
    0,     3,     5,      85.43,      74.36,       0.00,     6415.7,       2.39,       1.19
    0,     3,     6,     135.72,      75.34,       0.00,    10660.0,       2.35,       1.18
    0,     3,     7,     102.63,      78.79,       0.00,     5506.9,       2.34,       1.14
    0,     3,     8,      69.13,     111.66,       0.00,     7463.3,       2.36,       1.18
    0,     3,     9,     111.83,     131.54,       0.00,     8209.0,       2.41,       1.21
    0,     3,    10,      94.24,     138.48,       0.00,     4666.5,       2.47,       1.21
    0,     3,    11,     100.92,     164.49,       0.00,     6188.9,       2.38,       1.16
    0,     4,     1,       8.03,      15.10,       0.00,     1935.4,       2.53,       1.21
    0,     4,     2,      28.36,      31.40,       0.00,    13281.4,       2.48,       1.24
    0,     4,     3,      67.57,      73.24,       0.00,     6983.8,       2.40,       1.16
    0,     4,     4,      42.80,      73.54,       0.00,     4931.2,       2.36,       1.15
    0,     4,     5,      85.37,      74.37,       0.00,     6145.7,       2.28,       1.15
    0,     4,     6,     135.73,      75.36,       0.00,    10671.0,       2.37,       1.16
    0,     4,     7,     102.67,      78.77,       0.00,     5170.8,       2.40,       1.16
    0,     4,     8,      69.19,     111.66,       0.00,     7522.0,       2.37,       1.17
    0,     4,     9,     111.83,     131.51,       0.00,     8474.6,       2.47,       1.21
    0,     4,    10,      94.37,     138.52,       0.00,     4348.9,       2.32,       1.16
    0,     4,    11,     101.02,     164.45,       0.00,     5954.2,       2.37,       1.19
    0,     5,     1,       8.08,      15.16,       0.00,     1766.0,       2.34,       1.12
    0,     5,     2,      28.37,      31.40,       0.00,    12993.5,       2.49,       1.23
    0,     5,     3,      67.63,      73.26,       0.00,     6886.4,       2.29,       1.18
    0,     5,     4,      42.88,      73.52,       0.00,     4774.4,       2.33,       1.15
    0,     5,     5,      85.37,      74.35,       0.00,     6483.2,       2.41,       1.16
    0,     5,     6,     135.71,      75.35,       0.00,    10442.9,       2.36,       1.18
    0,     5,     7,     102.61,      78.81,       0.00,     5278.5,       2.42,       1.13
    0,     5,     8,      69.18,     111.62,       0.00,     7365.7,       2.40,       1.18
    0,     5,     9,     111.84,     131.53,       0.00,     8538.7,       2.46,       1.20
    0,     5,    10,      94.24,     138.55,       0.00,     4393.2,       2.40,       1.15
    0,     5,    11,     100.97,     164.45,       0.00,     5813.2,       2.33,       1.16
    0,     6,     1,       8.06,      15.22,       0.00,     1831.1,       2.44,       1.17
    0,     6,     2,      28.37,      31.38,       0.00,    13061.6,       2.49,       1.25
    0,     6,     3,      67.70,      73.19,       0.00,     6866.6,       2.42,       1.18
    0,     6,     4,      42.82,      73.51,       0.00,     5032.6,       2.44,       1.15
    0,     6,     5,      85.39,      74.37,       0.00,     6370.1,       2.39,       1.16
    0,     6,     6,     135.71,      75.34,       0.00,    10594.7,       2.39,       1.18
    0,     6,     7,     102.64,      78.76,       0.00,     4750.3,       2.31,       1.18
    0,     6,     8,      69.16,     111.63,       0.00,     7417.5,       2.35,       1.19
    0,     6,     9,     111.85,     131.52,       0.00,     8238.3,       2.45,       1.19
    0,     6,    10,      94.27,     138.53,       0.00,     4526.9,       2.45,       1.19
    0,     6,    11,     100.97,     164.48,       0.00,     6250.8,       2.35,       1.19
    0,     7,     1,       8.07,      15.26,       0.00,     1875.6,       2.43,       1.17
    0,     7,     2,      28.36,      31.40,       0.00,    12867.1,       2.52,       1.22
    0,     7,     3,      67.65,      73.27,       0.00,     6667.2,       2.37,       1.16
    0,     7,     4,      42.82,      73.51,       0.00,     4941.1,       2.30,       1.17
    0,     7,     5,      85.32,      74.37,       0.00,     6221.9,       2.36,       1.15
    0,     7,     6,     135.68,      75.33,       0.00,    10793.0,       2.38,       1.18
    0,     7,     7,     102.69,      78.76,       0.00,     4888.3,       2.35,       1.14
    0,     7,     8,      69.14,     111.67,       0.00,     7404.5,       2.36,       1.18
    0,     7,     9,     111.78,     131.57,       0.00,     8123.7,       2.47,       1.19
    0,     7,    10,      94.31,     138.52,       0.00,     4600.5,       2.45,       1.15
    0,     7,    11,     100.93,     164.46,       0.00,     6056.2,       2.39,       1.19
    0,     8,     1,       7.94,      15.19,       0.00,     1760.8,       2.38,       1.07
    0,     8,     2,      28.40,      31.41,       0.00,    12998.6,       2.50,       1.23
    0,     8,     3,      67.66,      73.22,       0.00,     6761.9,       2.35,       1.17
    0,     8,     4,      42.81,      73.49,       0.00,     5085.8,       2.33,       1.15
    0,     8,     5,      85.43,      74.35,       0.00,     6011.9,       2.25,       1.14
    0,     8,     6,     135.67,      75.34,       0.00,    10749.3,       2.42,       1.16
    0,     8,     7,     102.70,      78.73,       0.00,     5201.7,       2.36,       1.20
    0,     8,     8,      69.20,     111.66,       0.00,     7514.7,       2.32,       1.17
    0,     8,     9,     111.87,     131.55,       0.00,     8069.9,       2.43,       1.21
    0,     8,    10,      94.36,     138.53,       0.00,     4462.1,       2.43,       1.18
    0,     8,    11,     100.97,     164.45,       0.00,     6044.8,       2.33,       1.17
    0,     9,     1,       7.98,      15.23,       0.00,     1832.8,       2.52,       1.19
    0,     9,     2,      28.39,      31.39,       0.00,    13109.1,       2.51,       1.22
    0,     9,     3,      67.57,      73.21,       0.00,     6996.7,       2.44,       1.19
    0,     9,     4,      42.72,      73.51,       0.00,     4908.1,       2.37,       1.16
    0,     9,     5,      85.37,      74.40,       0.00,     6068.8,       2.30,       1.15
    0,     9,     6,     135.73,      75.33,       0.00,    10801.4,       2.41,       1.19
    0,     9,     7,     102.70,      78.77,       0.00,     4882.8,       2.27,       1.17
    0,     9,     8,      69.21,     111.63,       0.00,     7371.3,       2.33,       1.20
    0,     9,     9,     111.86,     131.56,       0.00,     8223.1,       2.45,       1.21
    0,     9,    10,      94.22,     138.50,       0.00,     4788.1,       2.51,       1.19
    0,     9,    11,     101.03,     164.44,       0.00,     6105.6,       2.40,       1.18
    0,    10,     1,       8.14,      15.21,       0.00,     1878.4,       2.31,       1.13
    0,    10,     2,      28.38,      31.38,       0.00,    12595.0,       2.51,       1.23
    0,    10,     3,      67.63,      73.25,       0.00,     6806.2,       2.38,       1.18
    0,    10,     4,      42.78,      73.46,       0.00,     4952.3,       2.36,       1.15
    0,    10,     5,      85.37,      74.35,       0.00,     5958.7,       2.36,       1.14
    0,    10,     6,     135.71,      75.30,       0.00,    10189.3,       2.38,       1.16
    0,    10,     7,     102.72,      78.74,       0.00,     5002.8,       2.41,       1.16
    0,    10,     8,      69.20,     111.70,       0.00,     7286.3,       2.30,       1.15
    0,    10,     9,     111.84,     131.54,       0.00,     8063.8,       2.41,       1.21
    0,    10,    10,      94.36,     138.51,       0.00,     4366.5,       2.32,       1.12
    0,    10,    11,     101.01,     164.43,       0.00,     5952.9,       2.33,       1.19
    0,    11,     1,       7.84,      15.19,       0.00,     1763.1,       2.29,       1.13
    0,    11,     2,      28.40,      31.39,       0.00,    12712.8,       2.45,       1.21
    0,    11,     3,      67.65,      73.25,       0.00,     6579.1,       2.38,       1.16
    0,    11,     4,      42.85,      73.54,       0.00,     5009.2,       2.43,       1.17
    0,    11,     5,      85.33,      74.35,       0.00,     6030.1,       2.32,       1.15
    0,    11,     6,     135.72,      75.34,       0.00,    10482.5,       2.35,       1.16
    0,    11,     7,     102.76,      78.79,       0.00,     4936.0,       2.37,       1.19
    0,    11,     8,      69.21,     111.64,       0.00,     7467.4,       2.35,       1.19
    0,    11,     9,     111.86,     131.52,       0.00,     8143.5,       2.41,       1.21
    0,    11,    10,      94.27,     138.49,       0.00,     4740.8,       2.50,       1.19
    0,    11,    11,     101.01,     164.43,       0.00,     5844.1,       2.26,       1.16
    0,    12,     1,       8.22,      15.17,       0.00,     1685.1,       2.25,       1.12
    0,    12,     2,      28.37,      31.40,       0.00,    12815.5,       2.46,       1.23
    0,    12,     3,      67.62,      73.24,       0.00,     6738.2,       2.43,       1.19
    0,    12,     4,      42.85,      73.51,       0.00,     4861.1,       2.22,       1.14
    0,    12,     5,      85.33,      74.40,       0.00,     5877.6,       2.30,       1.15
    0,    12,     6,     135.75,      75.31,       0.00,    10722.7,       2.42,       1.18
    0,    12,     7,     102.64,      78.78,       0.00,     4958.0,       2.40,       1.17
    0,    12,     8,      69.14,     111.66,       0.00,     7590.9,       2.33,       1.17
    0,    12,     9,     111.84,     131.58,       0.00,     8249.1,       2.49,       1.21
    0,    12,    10,      94.38,     138.52,       0.00,     4599.7,       2.47,       1.17
    0,    12,    11,     101.08,     164.45,       0.00,     5987.1,       2.34,       1.16
    0,    13,     1,       8.10,      15.14,       0.00,     1778.7,       2.39,       1.17
    0,    13,     2,      28.38,      31.40,       0.00,    12966.1,       2.49,       1.22
    0,    13,     3,      67.65,      73.26,       0.00,     6576.8,       2.42,       1.15
    0,    13,     4,      42.79,      73.51,       0.00,     5118.7,       2.39,       1.14
    0,    13,     5,      85.40,      74.36,       0.00,     6286.5,       2.36,       1.18
    0,    13,     6,     135.80,      75.31,       0.00,    10586.3,       2.36,       1.19
    0,    13,     7,     102.72,      78.75,       0.00,     4819.8,       2.38,       1.16
    0,    13,     8,      69.16,     111.68,       0.00,     7290.7,       2.37,       1.18
    0,    13,     9,     111.87,     131.52,       0.00,     7918.6,       2.41,       1.18
    0,    13,    10,      94.30,     138.49,       0.00,     4579.4,       2.43,       1.16
    0,    13,    11,     101.03,     164.46,       0.00,     5859.6,       2.35,       1.17
    0,    14,     1,       8.16,      15.22,       0.00,     1809.0,       2.47,       1.13
    0,    14,     2,      28.37,      31.40,       0.00,    12809.9,       2.48,       1.21
    0,    14,     3,      67.70,      73.21,       0.00,     6600.2,       2.31,       1.17
    0,    14,     4,      42.84,      73.51,       0.00,     4978.2,       2.29,       1.16
    0,    14,     5,      85.42,      74.35,       0.00,     6199.4,       2.28,       1.14
    0,    14,     6,     135.77,      75.31,       0.00,    10195.0,       2.34,       1.18
    0,    14,     7,     102.63,      78.78,       0.00,     4638.3,       2.41,       1.16
    0,    14,     8,      69.14,     111.66,       0.00,     7604.2,       2.37,       1.20
    0,    14,     9,     111.83,     131.51,       0.00,     8204.8,       2.49,       1.23
    0,    14,    10,      94.37,     138.51,       0.00,     4459.2,       2.44,       1.16
    0,    14,    11,     101.00,     164.48,       0.00,     5764.7,       2.38,       1.15
    0,    15,     1,       8.08,      15.19,       0.00,     1755.6,       2.32,       1.18
    0,    15,     2,      28.37,      31.41,       0.00,    12552.0,       2.46,       1.23
    0,    15,     3,      67.68,      73.23,       0.00,     6827.6,       2.39,       1.16
    0,    15,     4,      42.84,      73.48,       0.00,     4944.6,       2.32,       1.14
    0,    15,     5,      85.37,      74.33,       0.00,     6248.1,       2.34,       1.16
    0,    15,     6,     135.70,      75.33,       0.00,    10427.0,       2.34,       1.16
    0,    15,     7,     102.72,      78.76,       0.00,     4746.8,       2.36,       1.15
    0,    15,     8,      69.20,     111.69,       0.00,     7391.1,       2.36,       1.18
    0,    15,     9,     111.87,     131.54,       0.00,     8322.7,       2.44,       1.20
    0,    15,    10,      94.36,     138.53,       0.00,     4550.2,       2.45,       1.18
    0,    15,    11,     101.02,     164.45,       0.00,     5664.2,       2.35,       1.16
    0,    16,     1,       8.04,      15.21,       0.00,     1810.9,       2.48,       1.22
    0,    16,     2,      28.35,      31.39,       0.00,    12981.5,       2.49,       1.23
    0,    16,     3,      67.71,      73.22,       0.00,     6844.4,       2.42,       1.16
    0,    16,     4,      42.82,      73.51,       0.00,     4925.7,       2.34,       1.15
    0,    16,     5,      85.44,      74.34,       0.00,     6234.7,       2.34,       1.15
    0,    16,     6,     135.73,      75.32,       0.00,    10649.9,       2.34,       1.17
    0,    16,     7,     102.61,      78.79,       0.00,     4879.6,       2.37,       1.14
    0,    16,     8,      69.22,     111.66,       0.00,     7752.1,       2.38,       1.21
    0,    16,     9,     111.82,     131.54,       0.00,     8295.8,       2.43,       1.22
    0,    16,    10,      94.32,     138.51,       0.00,     4619.3,       2.46,       1.14
    0,    16,    11,     100.96,     164.49,       0.00,     5655.0,       2.34,       1.15
    0,    17,     1,       8.05,      15.22,       0.00,     1686.4,       2.28,       1.17
    0,    17,     2,      28.39,      31.41,       0.00,    12737.3,       2.45,       1.21
    0,    17,     3,      67.63,      73.24,       0.00,     6754.8,       2.40,       1.18
    0,    17,     4,      42.88,      73.49,       0.00,     5001.7,       2.31,       1.18
    0,    17,     5,      85.35,      74.37,       0.00,     5882.7,       2.29,       1.15
    0,    17,     6,     135.72,      75.33,       0.00,    10486.7,       2.36,       1.17
    0,    17,     7,     102.71,      78.73,       0.00,     4958.0,       2.34,       1.18
    0,    17,     8,      69.20,     111.63,       0.00,     7368.4,       2.34,       1.18
    0,    17,     9,     111.90,     131.53,       0.00,     8217.8,       2.41,       1.20
    0,    17,    10,      94.36,     138.52,       0.00,     4636.3,       2.42,       1.18
    0,    17,    11,     100.97,     164.47,       0.00,     5622.5,       2.29,       1.17
    0,    18,     1,       8.21,      15.20,       0.00,     1895.0,       2.56,       1.21
    0,    18,     2,      28.39,      31.41,       0.00,    12697.1,       2.46,       1.21
    0,    18,     3,      67.66,      73.25,       0.00,     6830.8,       2.40,       1.18
    0,    18,     4,      42.75,      73.52,       0.00,     5142.4,       2.40,       1.17
    0,    18,     5,      85.36,      74.36,       0.00,     6015.0,       2.29,       1.16
    0,    18,     6,     135.80,      75.34,       0.00,    10063.1,       2.32,       1.17
    0,    18,     7,     102.71,      78.79,       0.00,     4692.6,       2.31,       1.15
    0,    18,     8,      69.20,     111.64,       0.00,     7362.0,       2.36,       1.16
    0,    18,     9,     111.84,     131.54,       0.00,     8056.5,       2.38,       1.19
    0,    18,    10,      94.21,     138.52,       0.00,     4416.0,       2.44,       1.16
    0,    18,    11,     101.01,     164.46,       0.00,     5823.5,       2.33,       1.18
    0,    19,     1,       8.13,      15.21,       0.00,     1741.6,       2.43,       1.17
    0,    19,     2,      28.41,      31.41,       0.00,    12428.6,       2.45,       1.22
    0,    19,     3,      67.61,      73.25,       0.00,     6696.4,       2.37,       1.17
    0,    19,     4,      42.79,      73.52,       0.00,     5056.1,       2.33,       1.16
    0,    19,     5,      85.42,      74.35,       0.00,     6143.1,       2.34,       1.14
    0,    19,     6,     135.72,      75.33,       0.00,    10408.4,       2.43,       1.19
    0,    19,     7,     102.72,      78.72,       0.00,     4852.3,       2.43,       1.19
    0,    19,     8,      69.20,     111.64,       0.00,     7369.3,       2.31,       1.17
    0,    19,     9,     111.88,     131.54,       0.00,     7955.2,       2.39,       1.21
    0,    19,    10,      94.38,     138.53,       0.00,     4398.9,       2.33,       1.19
    0,    19,    11,     101.02,     164.43,       0.00,     5618.7,       2.32,       1.19
    0,    20,     1,       8.07,      15.17,       0.00,     1850.3,       2.18,       1.17
    0,    20,     2,      28.41,      31.40,       0.00,    12410.2,       2.41,       1.23
    0,    20,     3,      67.61,      73.23,       0.00,     6738.0,       2.37,       1.19
    0,    20,     4,      42.85,      73.49,       0.00,     5088.6,       2.45,       1.18
    0,    20,     5,      85.42,      74.35,       0.00,     6250.0,       2.30,       1.14
    0,    20,     6,     135.71,      75.33,       0.00,    10483.2,       2.36,       1.17
    0,    20,     7,     102.73,      78.70,       0.00,     4650.8,       2.30,       1.16
    0,    20,     8,      69.22,     111.64,       0.00,     7248.7,       2.28,       1.17
    0,    20,     9,     111.90,     131.54,       0.00,     7965.6,       2.42,       1.21
    0,    20,    10,      94.30,     138.49,       0.00,     4428.9,       2.41,       1.16
    0,    20,    11,     101.08,     164.44,       0.00,     5452.7,       2.26,       1.17
    0,    21,     1,       8.05,      15.16,       0.00,     1689.7,       2.37,       1.14
    0,    21,     2,      28.37,      31.40,       0.00,    12554.8,       2.43,       1.21
    0,    21,     3,      67.62,      73.25,       0.00,     6774.0,       2.33,       1.19
    0,    21,     4,      42.83,      73.51,       0.00,     4662.1,       2.30,       1.15
    0,    21,     5,      85.35,      74.38,       0.00,     6230.6,       2.43,       1.14
    0,    21,     6,     135.72,      75.32,       0.00,    10340.1,       2.36,       1.17
    0,    21,     7,     102.62,      78.76,       0.00,     4690.2,       2.37,       1.17
    0,    21,     8,      69.11,     111.68,       0.00,     7674.0,       2.32,       1.19
    0,    21,     9,     111.80,     131.51,       0.00,     8217.2,       2.43,       1.17
    0,    21,    10,      94.35,     138.48,       0.00,     4336.7,       2.38,       1.18
    0,    21,    11,     101.09,     164.44,       0.00,     5722.5,       2.35,       1.15
    0,    22,     1,       8.22,      15.21,       0.00,     1766.4,       2.38,       1.12
    0,    22,     2,      28.44,      31.40,       0.00,    12637.6,       2.47,       1.23
    0,    22,     3,      42.82,      73.53,       0.00,     5000.9,       2.38,       1.20
    0,    22,     4,      67.70,      73.24,       0.00,     6771.3,       2.49,       1.17
    0,    22,     5,      85.41,      74.40,       0.00,     5952.2,       2.33,       1.15
    0,    22,     6,     135.69,      75.29,       0.00,    10403.4,       2.40,       1.17
    0,    22,     7,     102.74,      78.77,       0.00,     4789.2,       2.33,       1.17
    0,    22,     8,      69.11,     111.62,       0.00,     7410.0,       2.29,       1.16
    0,    22,     9,     111.80,     131.52,       0.00,     8082.4,       2.44,       1.19
    0,    22,    10,      94.29,     138.49,       0.00,     4357.6,       2.39,       1.17
    0,    22,    11,     101.01,     164.42,       0.00,     5641.7,       2.38,       1.15
    0,    23,     1,       8.04,      15.20,       0.00,     1871.8,       2.52,       1.18
    0,    23,     2,      28.38,      31.42,       0.00,    12492.0,       2.49,       1.22
    0,    23,     3,      67.72,      73.27,       0.00,     6772.1,       2.30,       1.18
    0,    23,     4,      42.78,      73.53,       0.00,     4955.9,       2.33,       1.17
    0,    23,     5,      85.38,      74.34,       0.00,     6062.2,       2.40,       1.14
    0,    23,     6,     135.75,      75.34,       0.00,    10356.2,       2.35,       1.16
    0,    23,     7,     102.70,      78.76,       0.00,     4838.7,       2.37,       1.18
    0,    23,     8,      69.24,     111.63,       0.00,     7415.7,       2.28,       1.17
    0,    23,     9,     111.82,     131.54,       0.00,     8205.8,       2.42,       1.19
    0,    23,    10,      94.29,     138.46,       0.00,     4441.2,       2.39,       1.18
    0,    23,    11,     100.92,     164.49,       0.00,     5841.5,       2.42,       1.16
    0,    24,     1,       7.98,      15.27,       0.00,     1682.5,       2.37,       1.16
    0,    24,     2,      28.37,      31.39,       0.00,    12427.7,       2.44,       1.23
    0,    24,     3,      67.69,      73.20,       0.00,     6604.3,       2.39,       1.17
    0,    24,     4,      42.85,      73.52,       0.00,     4982.4,       2.39,       1.16
    0,    24,     5,      85.34,      74.37,       0.00,     6226.2,       2.28,       1.14
    0,    24,     6,     135.72,      75.34,       0.00,    10415.3,       2.37,       1.18
    0,    24,     7,     102.75,      78.78,       0.00,     4747.5,       2.41,       1.18
    0,    24,     8,      69.26,     111.62,       0.00,     7391.8,       2.33,       1.16
    0,    24,     9,     111.84,     131.58,       0.00,     7772.3,       2.40,       1.17
    0,    24,    10,      94.38,     138.48,       0.00,     4314.0,       2.39,       1.14
    0,    24,    11,     101.01,     164.49,       0.00,     5834.7,       2.45,       1.15
    0,    25,     1,       8.10,      15.18,       0.00,     1745.1,       2.47,       1.23
    0,    25,     2,      28.38,      31.42,       0.00,    12761.2,       2.48,       1.22
    0,    25,     3,      67.64,      73.25,       0.00,     6835.5,       2.40,       1.20
    0,    25,     4,      42.84,      73.49,       0.00,     4943.4,       2.35,       1.12
    0,    25,     5,      85.27,      74.38,       0.00,     6236.4,       2.29,       1.17
    0,    25,     6,     135.75,      75.29,       0.00,    10143.9,       2.36,       1.17
    0,    25,     7,     102.66,      78.77,       0.00,     4623.4,       2.33,       1.15
    0,    25,     8,      69.20,     111.64,       0.00,     7637.9,       2.37,       1.16
    0,    25,     9,     111.87,     131.55,       0.00,     7933.5,       2.37,       1.19
    0,    25,    10,      94.35,     138.48,       0.00,     4510.1,       2.33,       1.19
    0,    25,    11,     101.06,     164.45,       0.00,     5825.6,       2.43,       1.20
    0,    26,     1,       8.03,      15.26,       0.00,     1908.2,       2.51,       1.23
    0,    26,     2,      28.41,      31.41,       0.00,    12474.5,       2.43,       1.21
    0,    26,     3,      67.69,      73.21,       0.00,     6378.6,       2.36,       1.17
    0,    26,     4,      42.90,      73.53,       0.00,     4911.1,       2.30,       1.13
    0,    26,     5,      85.38,      74.35,       0.00,     6152.3,       2.43,       1.17
    0,    26,     6,     135.78,      75.33,       0.00,    10708.1,       2.36,       1.17
    0,    26,     7,     102.62,      78.78,       0.00,     4620.3,       2.43,       1.18
    0,    26,     8,      69.21,     111.64,       0.00,     7469.6,       2.29,       1.20
    0,    26,     9,     111.84,     131.52,       0.00,     7971.0,       2.41,       1.20
    0,    26,    10,      94.35,     138.56,       0.00,     4624.9,       2.40,       1.19
    0,    26,    11,     101.01,     164.45,       0.00,     5525.7,       2.32,       1.21
    0,    27,     1,       8.12,      15.21,       0.00,     1734.4,       2.45,       1.14
    0,    27,     2,      28.36,      31.40,       0.00,    12649.8,       2.46,       1.22
    0,    27,     3,      67.68,      73.21,       0.00,     6601.6,       2.37,       1.18
    0,    27,     4,      42.85,      73.49,       0.00,     4939.0,       2.41,       1.14
    0,    27,     5,      85.48,      74.34,       0.00,     6015.5,       2.33,       1.15
    0,    27,     6,     135.77,      75.32,       0.00,    10317.6,       2.32,       1.16
    0,    27,     7,     102.68,      78.78,       0.00,     4618.0,       2.33,       1.20
    0,    27,     8,      69.27,     111.62,       0.00,     7473.4,       2.34,       1.20
    0,    27,     9,     111.80,     131.49,       0.00,     7988.0,       2.38,       1.19
    0,    27,    10,      94.26,     138.50,       0.00,     4520.2,       2.41,       1.21
    0,    27,    11,     101.03,     164.43,       0.00,     5555.2,       2.31,       1.15
    0,    28,     1,       8.09,      15.19,       0.00,     1906.4,       2.34,       1.20
    0,    28,     2,      28.38,      31.39,       0.00,    12557.6,       2.43,       1.23
    0,    28,     3,      67.68,      73.21,       0.00,     6771.5,       2.38,       1.20
    0,    28,     4,      42.88,      73.48,       0.00,     4898.0,       2.35,       1.19
    0,    28,     5,      85.44,      74.34,       0.00,     6201.9,       2.36,       1.15
    0,    28,     6,     135.73,      75.32,       0.00,    10310.2,       2.33,       1.18
    0,    28,     7,     102.70,      78.78,       0.00,     4555.4,       2.39,       1.15
    0,    28,     8,      69.17,     111.62,       0.00,     7484.8,       2.35,       1.18
    0,    28,     9,     111.85,     131.53,       0.00,     7968.4,       2.35,       1.18
    0,    28,    10,      94.34,     138.52,       0.00,     4432.9,       2.42,       1.20
    0,    28,    11,     100.95,     164.45,       0.00,     5545.9,       2.35,       1.17
    0,    29,     1,       8.21,      15.14,       0.00,     1812.3,       2.40,       1.14
    0,    29,     2,      28.37,      31.40,       0.00,    12428.7,       2.46,       1.22
    0,    29,     3,      67.63,      73.23,       0.00,     6425.1,       2.39,       1.15
    0,    29,     4,      42.91,      73.49,       0.00,     4925.9,       2.32,       1.16
    0,    29,     5,      85.41,      74.35,       0.00,     5780.1,       2.26,       1.12
    0,    29,     6,     135.76,      75.33,       0.00,    10721.3,       2.38,       1.18
    0,    29,     7,     102.65,      78.74,       0.00,     4564.6,       2.30,       1.15
    0,    29,     8,      69.15,     111.63,       0.00,     7623.0,       2.32,       1.17
    0,    29,     9,     111.83,     131.53,       0.00,     7975.6,       2.47,       1.18
    0,    29,    10,      94.36,     138.47,       0.00,     4273.9,       2.46,       1.17
    0,    29,    11,     101.01,     164.48,       0.00,     5470.0,       2.35,       1.18
    0,    30,     1,       7.94,      15.16,       0.00,     1743.3,       2.43,       1.14
    0,    30,     2,      28.38,      31.38,       0.00,    12213.9,       2.38,       1.23
    0,    30,     3,      42.86,      73.49,       0.00,     4892.5,       2.39,       1.17
    0,    30,     4,      67.64,      73.25,       0.00,     6645.1,       2.43,       1.16
    0,    30,     5,      85.41,      74.32,       0.00,     5976.8,       2.31,       1.15
    0,    30,     6,     135.74,      75.32,       0.00,    10645.4,       2.35,       1.17
    0,    30,     7,     102.67,      78.78,       0.00,     4592.6,       2.27,       1.17
    0,    30,     8,      69.20,     111.66,       0.00,     7398.1,       2.33,       1.17
    0,    30,     9,     111.79,     131.57,       0.00,     7918.4,       2.45,       1.21
    0,    30,    10,      94.32,     138.46,       0.00,     4507.1,       2.39,       1.17
    0,    30,    11,     100.96,     164.44,       0.00,     5424.2,       2.37,       1.16
    0,    31,     1,       8.01,      15.21,       0.00,     1765.7,       2.50,       1.10
    0,    31,     2,      28.41,      31.39,       0.00,    12559.8,       2.47,       1.22
    0,    31,     3,      67.68,      73.23,       0.00,     6650.0,       2.33,       1.18
    0,    31,     4,      42.82,      73.52,       0.00,     4747.0,       2.33,       1.16
    0,    31,     5,      85.39,      74.34,       0.00,     6310.7,       2.30,       1.17
    0,    31,     6,     135.75,      75.33,       0.00,    10252.5,       2.28,       1.18
    0,    31,     7,     102.64,      78.77,       0.00,     4772.8,       2.38,       1.13
    0,    31,     8,      69.27,     111.65,       0.00,     7574.5,       2.34,       1.17
    0,    31,     9,     111.81,     131.52,       0.00,     8119.2,       2.45,       1.20
    0,    31,    10,      94.42,     138.49,       0.00,     4330.7,       2.33,       1.09
    0,    31,    11,     100.95,     164.45,       0.00,     5381.2,       2.33,       1.16
    0,    32,     1,       7.88,      15.08,       0.00,     1787.4,       2.42,       1.15
    0,    32,     2,      28.43,      31.39,       0.00,    12694.9,       2.46,       1.23
    0,    32,     3,      67.65,      73.20,       0.00,     6842.8,       2.48,       1.21
    0,    32,     4,      42.88,      73.47,       0.00,     4865.8,       2.44,       1.16
    0,    32,     5,      85.43,      74.37,       0.00,     6357.9,       2.27,       1.12
    0,    32,     6,     135.78,      75.33,       0.00,    10310.3,       2.32,       1.17
    0,    32,     7,     102.76,      78.76,       0.00,     4672.6,       2.42,       1.14
    0,    32,     8,      69.26,     111.62,       0.00,     7363.0,       2.32,       1.16
    0,    32,     9,     111.85,     131.55,       0.00,     7917.3,       2.41,       1.19
    0,    32,    10,      94.33,     138.45,       0.00,     4509.1,       2.41,       1.19
    0,    32,    11,     100.97,     164.45,       0.00,     5523.3,       2.35,       1.20
    0,    33,     1,       8.01,      15.12,       0.00,     1720.8,       2.46,       1.12
    0,    33,     2,      28.41,      31.38,       0.00,    12705.1,       2.46,       1.23
    0,    33,     3,      67.60,      73.25,       0.00,     6920.0,       2.45,       1.17
    0,    33,     4,      42.84,      73.52,       0.00,     4772.4,       2.28,       1.16
    0,    33,     5,      85.40,      74.35,       0.00,     6262.5,       2.37,       1.15
    0,    33,     6,     135.79,      75.31,       0.00,    10518.6,       2.34,       1.17
    0,    33,     7,     102.67,      78.75,       0.00,     5012.8,       2.42,       1.16
    0,    33,     8,      69.19,     111.64,       0.00,     7388.6,       2.29,       1.17
    0,    33,     9,     111.84,     131.51,       0.00,     8000.8,       2.45,       1.18
    0,    33,    10,      94.18,     138.56,       0.00,     4644.3,       2.36,       1.20
    0,    33,    11,     101.00,     164.44,       0.00,     5362.2,       2.25,       1.15
    0,    34,     1,       8.05,      15.29,       0.00,     1845.5,       2.39,       1.17
    0,    34,     2,      28.38,      31.41,       0.00,    12737.1,       2.46,       1.23
    0,    34,     3,      67.62,      73.21,       0.00,     6709.3,       2.45,       1.21
    0,    34,     4,      42.90,      73.43,       0.00,     4941.2,       2.33,       1.13
    0,    34,     5,      85.41,      74.36,       0.00,     5988.2,       2.37,       1.15
    0,    34,     6,     135.73,      75.34,       0.00,    10530.1,       2.37,       1.18
    0,    34,     7,     102.64,      78.76,       0.00,     4817.3,       2.31,       1.16
    0,    34,     8,      69.21,     111.64,       0.00,     7269.2,       2.35,       1.18
    0,    34,     9,     111.89,     131.51,       0.00,     8179.3,       2.40,       1.22
    0,    34,    10,      94.23,     138.51,       0.00,     4379.7,       2.41,       1.15
    0,    34,    11,     101.00,     164.46,       0.00,     5256.7,       2.29,       1.15
    0,    35,     1,       8.14,      15.23,       0.00,     1735.9,       2.39,       1.13
    0,    35,     2,      28.39,      31.40,       0.00,    12619.3,       2.48,       1.23
    0,    35,     3,      67.63,      73.20,       0.00,     6654.6,       2.39,       1.19
    0,    35,     4,      42.83,      73.47,       0.00,     5032.9,       2.40,       1.17
    0,    35,     5,      85.37,      74.34,       0.00,     6157.3,       2.34,       1.17
    0,    35,     6,     135.78,      75.30,       0.00,    10357.1,       2.34,       1.18
    0,    35,     7,     102.71,      78.79,       0.00,     4635.5,       2.34,       1.14
    0,    35,     8,      69.25,     111.61,       0.00,     7370.9,       2.33,       1.17
    0,    35,     9,     111.88,     131.56,       0.00,     7925.0,       2.41,       1.21
    0,    35,    10,      94.30,     138.51,       0.00,     4589.3,       2.47,       1.18
    0,    35,    11,     100.89,     164.46,       0.00,     5588.0,       2.40,       1.17
    0,    36,     1,       8.16,      15.18,       0.00,     1688.8,       2.34,       1.10
    0,    36,     2,      28.38,      31.40,       0.00,    12295.5,       2.48,       1.21
    0,    36,     3,      67.67,      73.22,       0.00,     6715.6,       2.37,       1.16
    0,    36,     4,      42.88,      73.48,       0.00,     5065.4,       2.33,       1.20
    0,    36,     5,      85.39,      74.34,       0.00,     6164.3,       2.32,       1.16
    0,    36,     6,     135.70,      75.32,       0.00,    10424.6,       2.37,       1.17
    0,    36,     7,     102.67,      78.81,       0.00,     4663.7,       2.35,       1.15
    0,    36,     8,      69.25,     111.65,       0.00,     7561.1,       2.32,       1.18
    0,    36,     9,     111.89,     131.51,       0.00,     8173.1,       2.43,       1.19
    0,    36,    10,      94.21,     138.54,       0.00,     4431.6,       2.45,       1.18
    0,    36,    11,     100.98,     164.45,       0.00,     5633.8,       2.37,       1.16
    0,    37,     1,       8.05,      15.16,       0.00,     1848.3,       2.50,       1.18
    0,    37,     2,      28.46,      31.37,       0.00,    12607.2,       2.47,       1.22
    0,    37,     3,      67.59,      73.23,       0.00,     6732.0,       2.41,       1.19
    0,    37,     4,      42.82,      73.49,       0.00,     4959.5,       2.32,       1.14
    0,    37,     5,      85.36,      74.36,       0.00,     5964.2,       2.40,       1.15
    0,    37,     6,     135.70,      75.29,       0.00,    10637.7,       2.41,       1.19
    0,    37,     7,     102.71,      78.74,       0.00,     4568.5,       2.35,       1.12
    0,    37,     8,      69.20,     111.64,       0.00,     7416.1,       2.31,       1.18
    0,    37,     9,     111.78,     131.55,       0.00,     8002.1,       2.48,       1.19
    0,    37,    10,      94.27,     138.48,       0.00,     4432.8,       2.41,       1.17
    0,    37,    11,     100.97,     164.45,       0.00,     5442.3,       2.25,       1.18
    0,    38,     1,       7.89,      15.18,       0.00,     1662.2,       2.40,       1.06
    0,    38,     2,      28.36,      31.41,       0.00,    12415.1,       2.47,       1.22
    0,    38,     3,      67.63,      73.19,       0.00,     6793.9,       2.38,       1.20
    0,    38,     4,      42.82,      73.51,       0.00,     4828.9,       2.23,       1.17
    0,    38,     5,      85.40,      74.35,       0.00,     6515.6,       2.42,       1.17
    0,    38,     6,     135.74,      75.31,       0.00,    10663.7,       2.43,       1.17
    0,    38,     7,     102.71,      78.71,       0.00,     4571.0,       2.34,       1.11
    0,    38,     8,      69.18,     111.58,       0.00,     7658.9,       2.37,       1.16
    0,    38,     9,     111.78,     131.53,       0.00,     8234.1,       2.43,       1.22
    0,    38,    10,      94.30,     138.44,       0.00,     4397.3,       2.32,       1.16
    0,    38,    11,     100.95,     164.41,       0.00,     5568.2,       2.29,       1.20
    0,    39,     1,       7.98,      15.21,       0.00,     1789.8,       2.37,       1.17
    0,    39,     2,      28.43,      31.39,       0.00,    12400.8,       2.47,       1.21
    0,    39,     3,      67.63,      73.20,       0.00,     6638.9,       2.37,       1.17
    0,    39,     4,      42.78,      73.49,       0.00,     4814.0,       2.32,       1.16
    0,    39,     5,      85.38,      74.35,       0.00,     6077.3,       2.32,       1.18
    0,    39,     6,     135.75,      75.32,       0.00,    10397.5,       2.39,       1.16
    0,    39,     7,     102.69,      78.75,       0.00,     4953.1,       2.38,       1.16
    0,    39,     8,      69.22,     111.65,       0.00,     7525.0,       2.31,       1.19
    0,    39,     9,     111.88,     131.54,       0.00,     8052.6,       2.41,       1.20
    0,    39,    10,      94.39,     138.47,       0.00,     4368.6,       2.37,       1.17
    0,    39,    11,     100.98,     164.46,       0.00,     5341.1,       2.28,       1.17
    0,    40,     1,       8.01,      15.16,       0.00,     1772.5,       2.41,       1.13
    0,    40,     2,      28.39,      31.38,       0.00,    12479.4,       2.45,       1.22
    0,    40,     3,      67.70,      73.19,       0.00,     6499.2,       2.43,       1.19
    0,    40,     4,      42.80,      73.49,       0.00,     4823.7,       2.40,       1.13
    0,    40,     5,      85.42,      74.37,       0.00,     6054.9,       2.27,       1.14
    0,    40,     6,     135.71,      75.30,       0.00,    10286.8,       2.37,       1.16
    0,    40,     7,     102.75,      78.73,       0.00,     4765.7,       2.33,       1.13
    0,    40,     8,      69.18,     111.66,       0.00,     7401.7,       2.35,       1.19
    0,    40,     9,     111.90,     131.50,       0.00,     7976.2,       2.36,       1.21
    0,    40,    10,      94.36,     138.51,       0.00,     4661.3,       2.45,       1.21
    0,    40,    11,     100.97,     164.42,       0.00,     5504.7,       2.40,       1.14
    0,    41,     1,       8.02,      15.25,       0.00,     1848.2,       2.43,       1.14
    0,    41,     2,      28.44,      31.37,       0.00,    12550.0,       2.48,       1.20
    0,    41,     3,      67.63,      73.23,       0.00,     6735.6,       2.38,       1.20
    0,    41,     4,      42.78,      73.50,       0.00,     4642.1,       2.39,       1.10
    0,    41,     5,      85.42,      74.33,       0.00,     6238.6,       2.26,       1.17
    0,    41,     6,     135.75,      75.30,       0.00,    10453.4,       2.38,       1.17
    0,    41,     7,     102.75,      78.72,       0.00,     4846.1,       2.39,       1.16
    0,    41,     8,      69.26,     111.62,       0.00,     7532.4,       2.41,       1.18
    0,    41,     9,     111.85,     131.54,       0.00,     8176.8,       2.42,       1.22
    0,    41,    10,      94.27,     138.45,       0.00,     4455.9,       2.40,       1.15
    0,    41,    11,     100.94,     164.46,       0.00,     5445.3,       2.34,       1.18
    0,    42,     1,       8.04,      15.24,       0.00,     1754.1,       2.35,       1.14
    0,    42,     2,      28.46,      31.39,       0.00,    12561.0,       2.45,       1.22
    0,    42,     3,      42.78,      73.50,       0.00,     4917.3,       2.33,       1.16
    0,    42,     4,      67.69,      73.23,       0.00,     6561.9,       2.41,       1.21
    0,    42,     5,      85.42,      74.37,       0.00,     6286.6,       2.30,       1.17
    0,    42,     6,     135.73,      75.34,       0.00,    10473.8,       2.38,       1.18
    0,    42,     7,     102.74,      78.74,       0.00,     5181.1,       2.33,       1.17
    0,    42,     8,      69.26,     111.62,       0.00,     7224.0,       2.30,       1.19
    0,    42,     9,     111.85,     131.52,       0.00,     8040.4,       2.45,       1.18
    0,    42,    10,      94.30,     138.52,       0.00,     4567.8,       2.36,       1.17
    0,    42,    11,     100.97,     164.44,       0.00,     5584.2,       2.34,       1.17
