#stackID(UINT32), frameID(UINT32), eventID(UINT32), x0(float), y0(float), z0(float), photon_count0(float), sigmaX0(float), sigmaY0(float) 
    0,     0,     1,       8.30,      14.99,       0.00,     2676.8,       2.34,       1.12
    0,     0,     2,      28.60,      31.40,       0.00,    14219.2,       2.51,       1.19
    0,     0,     3,      67.94,      73.24,       0.00,    10407.1,       2.28,       1.13
    0,     0,     4,      43.18,      73.50,       0.00,     8542.3,       2.39,       1.12
    0,     0,     5,      85.42,      74.44,       0.00,     6113.3,       2.34,       1.13
    0,     0,     6,     136.36,      75.24,       0.00,     8034.6,       2.28,       1.14
    0,     0,     7,     103.06,      78.85,       0.00,     8581.8,       2.33,       1.17
    0,     0,     8,      69.49,     111.76,       0.00,    10660.3,       2.42,       1.17
    0,     0,     9,     112.29,     131.73,       0.00,    13697.7,       2.44,       1.17
    0,     0,    10,      94.56,     138.59,       0.00,     5563.5,       2.32,       1.09
    0,     0,    11,     101.12,     164.75,       0.00,     8499.5,       2.35,       1.14
    0,     1,     1,       8.26,      15.07,       0.00,     2700.3,       2.29,       1.09
    0,     1,     2,      28.57,      31.38,       0.00,    13621.3,       2.45,       1.17
    0,     1,     3,      67.85,      73.25,       0.00,    10384.6,       2.30,       1.14
    0,     1,     4,      43.17,      73.50,       0.00,     8941.5,       2.37,       1.10
    0,     1,     5,      85.54,      74.43,       0.00,     5979.3,       2.26,       1.11
    0,     1,     6,     136.33,      75.30,       0.00,     8087.6,       2.27,       1.12
    0,     1,     7,     103.14,      78.84,       0.00,     7902.5,       2.24,       1.11
    0,     1,     8,      69.55,     111.76,       0.00,    10813.8,       2.34,       1.15
    0,     1,     9,     112.34,     131.72,       0.00,    12823.6,       2.39,       1.15
    0,     1,    10,      94.47,     138.58,       0.00,     5754.6,       2.33,       1.11
    0,     1,    11,     101.21,     164.74,       0.00,     8433.8,       2.37,       1.13
    0,     2,     1,       8.33,      15.04,       0.00,     2495.2,       2.45,       1.07
    0,     2,     2,      28.63,      31.37,       0.00,    14396.3,       2.54,       1.19
    0,     2,     3,      67.85,      73.28,       0.00,    10137.0,       2.36,       1.13
    0,     2,     4,      43.30,      73.50,       0.00,     8782.8,       2.42,       1.11
    0,     2,     5,      85.39,      74.49,       0.00,     5743.6,       2.25,       1.13
    0,     2,     6,     136.40,      75.25,       0.00,     8162.9,       2.31,       1.15
    0,     2,     7,     103.13,      78.88,       0.00,     8147.8,       2.22,       1.13
    0,     2,     8,      69.49,     111.80,       0.00,    10813.8,       2.42,       1.14
    0,     2,     9,     112.24,     131.73,       0.00,    13027.5,       2.40,       1.17
    0,     2,    10,      94.49,     138.59,       0.00,     5809.7,       2.33,       1.14
    0,     2,    11,     101.23,     164.75,       0.00,     8498.7,       2.26,       1.10
    0,     3,     1,       8.13,      15.01,       0.00,     2235.9,       2.36,       1.07
    0,     3,     2,      28.63,      31.34,       0.00,    14109.5,       2.55,       1.19
    0,     3,     3,      43.24,      73.55,       0.00,     8683.6,       2.41,       1.12
    0,     3,     4,      67.96,      73.26,       0.00,    10109.9,       2.31,       1.10
    0,     3,     5,      85.39,      74.42,       0.00,     5771.6,       2.20,       1.06
    0,     3,     6,     136.29,      75.25,       0.00,     7734.3,       2.34,       1.10
    0,     3,     7,     103.09,      78.88,       0.00,     8022.4,       2.27,       1.10
    0,     3,     8,      69.51,     111.81,       0.00,    10843.1,       2.39,       1.15
    0,     3,     9,     112.27,     131.73,       0.00,    12967.3,       2.48,       1.15
    0,     3,    10,      94.45,     138.64,       0.00,     5505.8,       2.28,       1.09
    0,     3,    11,     101.27,     164.71,       0.00,     8102.1,       2.35,       1.10
    0,     4,     1,       8.15,      15.11,       0.00,     2158.0,       2.17,       1.01
    0,     4,     2,      28.67,      31.35,       0.00,    14405.3,       2.55,       1.18
    0,     4,     3,      67.92,      73.28,       0.00,    10210.9,       2.28,       1.10
    0,     4,     4,      43.19,      73.54,       0.00,     8761.0,       2.43,       1.11
    0,     4,     5,      85.53,      74.45,       0.00,     5793.4,       2.27,       1.11
    0,     4,     6,     136.27,      75.28,       0.00,     7939.1,       2.33,       1.13
    0,     4,     7,     103.12,      78.85,       0.00,     8024.0,       2.33,       1.12
    0,     4,     8,      69.61,     111.79,       0.00,    10351.9,       2.41,       1.14
    0,     4,     9,     112.30,     131.73,       0.00,    12961.0,       2.43,       1.15
    0,     4,    10,      94.56,     138.61,       0.00,     5800.0,       2.35,       1.15
    0,     4,    11,     101.18,     164.77,       0.00,     8725.9,       2.30,       1.12
    0,     5,     1,       8.26,      15.00,       0.00,     2427.0,       2.29,       1.16
    0,     5,     2,      28.61,      31.38,       0.00,    14075.0,       2.53,       1.17
    0,     5,     3,      43.23,      73.52,       0.00,     8603.6,       2.37,       1.09
    0,     5,     4,      67.89,      73.25,       0.00,     9928.3,       2.28,       1.14
    0,     5,     5,      85.58,      74.44,       0.00,     5727.3,       2.31,       1.14
    0,     5,     6,     136.30,      75.26,       0.00,     7895.9,       2.29,       1.14
    0,     5,     7,     103.15,      78.82,       0.00,     8419.9,       2.26,       1.14
    0,     5,     8,      69.50,     111.80,       0.00,    11154.8,       2.45,       1.15
    0,     5,     9,     112.28,     131.70,       0.00,    12413.9,       2.41,       1.15
    0,     5,    10,      94.56,     138.58,       0.00,     5955.9,       2.42,       1.08
    0,     5,    11,     101.21,     164.76,       0.00,     7977.5,       2.37,       1.12
    0,     6,     1,       8.13,      15.10,       0.00,     2281.0,       2.37,       1.08
    0,     6,     2,      28.70,      31.36,       0.00,    13903.6,       2.51,       1.20
    0,     6,     3,      67.90,      73.25,       0.00,     9798.4,       2.31,       1.12
    0,     6,     4,      43.22,      73.52,       0.00,     8439.6,       2.39,       1.12
    0,     6,     5,      85.51,      74.46,       0.00,     6238.4,       2.25,       1.13
    0,     6,     6,     136.41,      75.26,       0.00,     7607.6,       2.25,       1.09
    0,     6,     7,     103.20,      78.87,       0.00,     8009.5,       2.22,       1.12
    0,     6,     8,      69.58,     111.81,       0.00,    10585.8,       2.38,       1.15
    0,     6,     9,     112.22,     131.74,       0.00,    13551.5,       2.46,       1.16
    0,     6,    10,      94.61,     138.58,       0.00,     5687.0,       2.18,       1.10
    0,     6,    11,     101.23,     164.74,       0.00,     7827.5,       2.33,       1.12
    0,     7,     1,       8.29,      15.03,       0.00,     2512.3,       2.26,       1.13
    0,     7,     2,      28.71,      31.37,       0.00,    13892.7,       2.53,       1.19
    0,     7,     3,      67.93,      73.26,       0.00,    10118.1,       2.35,       1.13
    0,     7,     4,      43.23,      73.53,       0.00,     8219.6,       2.38,       1.11
    0,     7,     5,      85.50,      74.42,       0.00,     6152.3,       2.23,       1.14
    0,     7,     6,     136.41,      75.29,       0.00,     7973.6,       2.32,       1.13
    0,     7,     7,     103.03,      78.86,       0.00,     7884.5,       2.28,       1.15
    0,     7,     8,      69.59,     111.78,       0.00,    10181.7,       2.38,       1.15
    0,     7,     9,     112.25,     131.72,       0.00,    12986.7,       2.40,       1.16
    0,     7,    10,      94.44,     138.60,       0.00,     6077.6,       2.32,       1.21
    0,     7,    11,     101.29,     164.74,       0.00,     8169.9,       2.33,       1.16
    0,     8,     1,       8.26,      15.02,       0.00,     2317.3,       2.22,       1.16
    0,     8,     2,      28.67,      31.38,       0.00,    13978.1,       2.55,       1.17
    0,     8,     3,      43.21,      73.50,       0.00,     8145.3,       2.38,       1.09
    0,     8,     4,      67.88,      73.30,       0.00,    10319.9,       2.30,       1.17
    0,     8,     5,      85.56,      74.44,       0.00,     5615.7,       2.32,       1.12
    0,     8,     6,     136.29,      75.27,       0.00,     7878.0,       2.33,       1.14
    0,     8,     7,     103.14,      78.83,       0.00,     7722.8,       2.21,       1.11
    0,     8,     8,      69.50,     111.78,       0.00,    10537.1,       2.40,       1.14
    0,     8,     9,     112.25,     131.72,       0.00,    12283.3,       2.44,       1.15
    0,     8,    10,      94.50,     138.60,       0.00,     5593.3,       2.38,       1.13
    0,     8,    11,     101.23,     164.76,       0.00,     8245.4,       2.31,       1.10
    0,     9,     1,       8.19,      14.96,       0.00,     2344.8,       2.28,       1.04
    0,     9,     2,      28.65,      31.37,       0.00,    14009.9,       2.49,       1.18
    0,     9,     3,      67.94,      73.24,       0.00,    10016.0,       2.33,       1.13
    0,     9,     4,      43.23,      73.50,       0.00,     8316.3,       2.41,       1.06
    0,     9,     5,      85.46,      74.46,       0.00,     6107.6,       2.34,       1.11
    0,     9,     6,     136.31,      75.24,       0.00,     7839.9,       2.30,       1.10
    0,     9,     7,     103.17,      78.85,       0.00,     7872.1,       2.34,       1.11
    0,     9,     8,      69.54,     111.81,       0.00,    10292.6,       2.50,       1.15
    0,     9,     9,     112.25,     131.72,       0.00,    13011.5,       2.41,       1.15
    0,     9,    10,      94.64,     138.62,       0.00,     5446.1,       2.31,       1.11
    0,     9,    11,     101.25,     164.71,       0.00,     8765.3,       2.37,       1.22
    0,    10,     1,       8.31,      15.03,       0.00,     2340.3,       2.38,       1.09
    0,    10,     2,      28.70,      31.36,       0.00,    13908.4,       2.51,       1.18
    0,    10,     3,      67.94,      73.24,       0.00,    10073.2,       2.31,       1.14
    0,    10,     4,      43.31,      73.49,       0.00,     8606.3,       2.41,       1.10
    0,    10,     5,      85.48,      74.45,       0.00,     5866.2,       2.28,       1.08
    0,    10,     6,     136.22,      75.30,       0.00,     8164.1,       2.40,       1.15
    0,    10,     7,     103.23,      78.86,       0.00,     8115.6,       2.35,       1.16
    0,    10,     8,      69.51,     111.78,       0.00,    10773.2,       2.41,       1.15
    0,    10,     9,     112.29,     131.73,       0.00,    12675.0,       2.42,       1.17
    0,    10,    10,      94.43,     138.65,       0.00,     5071.8,       2.31,       1.09
    0,    10,    11,     101.24,     164.72,       0.00,     8547.5,       2.37,       1.13
    0,    11,     1,       8.26,      14.97,       0.00,     2102.7,       2.17,       1.04
    0,    11,     2,      28.62,      31.37,       0.00,    14033.7,       2.56,       1.20
    0,    11,     3,      43.25,      73.48,       0.00,     8448.2,       2.43,       1.12
    0,    11,     4,      67.95,      73.25,       0.00,    10012.6,       2.35,       1.16
    0,    11,     5,      85.46,      74.40,       0.00,     5779.6,       2.19,       1.10
    0,    11,     6,     136.34,      75.29,       0.00,     8024.7,       2.32,       1.12
    0,    11,     7,     103.11,      78.86,       0.00,     7672.3,       2.31,       1.12
    0,    11,     8,      69.55,     111.78,       0.00,    10200.6,       2.44,       1.10
    0,    11,     9,     112.27,     131.71,       0.00,    12590.0,       2.37,       1.14
    0,    11,    10,      94.41,     138.59,       0.00,     5933.2,       2.33,       1.14
    0,    11,    11,     101.32,     164.72,       0.00,     8500.9,       2.42,       1.16
    0,    12,     1,       8.29,      15.00,       0.00,     2240.7,       2.34,       1.14
    0,    12,     2,      28.61,      31.37,       0.00,    13473.4,       2.47,       1.17
    0,    12,     3,      68.01,      73.25,       0.00,     9538.8,       2.28,       1.12
    0,    12,     4,      43.31,      73.50,       0.00,     8681.7,       2.32,       1.10
    0,    12,     5,      85.53,      74.46,       0.00,     5576.5,       2.26,       1.13
    0,    12,     6,     136.37,      75.31,       0.00,     7928.9,       2.37,       1.14
    0,    12,     7,     103.14,      78.83,       0.00,     7553.6,       2.34,       1.13
    0,    12,     8,      69.57,     111.79,       0.00,    10673.1,       2.40,       1.17
    0,    12,     9,     112.24,     131.74,       0.00,    12116.2,       2.38,       1.13
    0,    12,    10,      94.66,     138.58,       0.00,     5719.3,       2.35,       1.14
    0,    12,    11,     101.22,     164.73,       0.00,     8623.5,       2.41,       1.12
    0,    13,     1,       8.37,      14.98,       0.00,     2542.5,       2.35,       1.15
    0,    13,     2,      28.63,      31.36,       0.00,    14438.3,       2.51,       1.20
    0,    13,     3,      68.05,      73.24,       0.00,     9754.2,       2.39,       1.10
    0,    13,     4,      43.24,      73.50,       0.00,     8820.8,       2.46,       1.11
    0,    13,     5,      85.48,      74.48,       0.00,     5794.8,       2.22,       1.11
    0,    13,     6,     136.36,      75.27,       0.00,     7866.9,       2.32,       1.14
    0,    13,     7,     103.16,      78.85,       0.00,     8337.0,       2.28,       1.13
    0,    13,     8,      69.62,     111.76,       0.00,    10545.8,       2.35,       1.14
    0,    13,     9,     112.27,     131.74,       0.00,    12304.8,       2.40,       1.19
    0,    13,    10,      94.55,     138.59,       0.00,     5833.5,       2.38,       1.11
    0,    13,    11,     101.24,     164.74,       0.00,     8124.3,       2.28,       1.11
    0,    14,     1,       8.32,      14.98,       0.00,     2359.6,       2.23,       1.09
    0,    14,     2,      28.65,      31.36,       0.00,    14081.8,       2.51,       1.19
    0,    14,     3,      67.96,      73.26,       0.00,     9679.1,       2.29,       1.09
    0,    14,     4,      43.22,      73.51,       0.00,     8955.3,       2.41,       1.11
    0,    14,     5,      85.37,      74.51,       0.00,     5923.6,       2.28,       1.10
    0,    14,     6,     136.31,      75.29,       0.00,     7678.0,       2.26,       1.11
    0,    14,     7,     103.11,      78.88,       0.00,     7844.2,       2.23,       1.13
    0,    14,     8,      69.59,     111.82,       0.00,    10176.2,       2.39,       1.13
    0,    14,     9,     112.28,     131.71,       0.00,    12257.2,       2.43,       1.16
    0,    14,    10,      94.54,     138.61,       0.00,     5479.9,       2.34,       1.15
    0,    14,    11,     101.28,     164.74,       0.00,     8043.5,       2.37,       1.13
    0,    15,     1,       8.32,      15.00,       0.00,     2396.4,       2.36,       1.13
    0,    15,     2,      28.61,      31.36,       0.00,    13812.1,       2.48,       1.15
    0,    15,     3,      67.94,      73.25,       0.00,     9963.3,       2.32,       1.12
    0,    15,     4,      43.26,      73.51,       0.00,     8348.6,       2.47,       1.11
    0,    15,     5,      85.52,      74.43,       0.00,     5258.1,       2.20,       1.10
    0,    15,     6,     136.40,      75.27,       0.00,     7968.6,       2.40,       1.14
    0,    15,     7,     103.15,      78.83,       0.00,     8188.5,       2.33,       1.15
    0,    15,     8,      69.60,     111.79,       0.00,    10546.0,       2.45,       1.16
    0,    15,     9,     112.29,     131.73,       0.00,    12290.4,       2.42,       1.13
    0,    15,    10,      94.59,     138.57,       0.00,     5251.1,       2.27,       1.11
    0,    15,    11,     101.33,     164.73,       0.00,     7821.2,       2.41,       1.14
    0,    16,     1,       8.34,      14.95,       0.00,     2146.6,       2.11,       1.05
    0,    16,     2,      28.67,      31.36,       0.00,    14634.9,       2.51,       1.20
    0,    16,     3,      43.22,      73.50,       0.00,     8853.0,       2.37,       1.13
    0,    16,     4,      67.92,      73.28,       0.00,    10309.0,       2.33,       1.12
    0,    16,     5,      85.46,      74.43,       0.00,     5883.9,       2.24,       1.13
    0,    16,     6,     136.36,      75.29,       0.00,     7483.9,       2.40,       1.09
    0,    16,     7,     103.23,      78.86,       0.00,     7582.0,       2.29,       1.13
    0,    16,     8,      69.53,     111.77,       0.00,    10195.1,       2.31,       1.13
    0,    16,     9,     112.29,     131.74,       0.00,    12489.9,       2.39,       1.15
    0,    16,    10,      94.57,     138.61,       0.00,     5433.2,       2.41,       1.09
    0,    16,    11,     101.26,     164.71,       0.00,     8925.1,       2.35,       1.16
    0,    17,     1,       8.31,      14.98,       0.00,     2423.8,       2.40,       1.12
    0,    17,     2,      28.71,      31.39,       0.00,    14177.3,       2.51,       1.19
    0,    17,     3,      67.92,      73.26,       0.00,    10211.9,       2.31,       1.15
    0,    17,     4,      43.18,      73.50,       0.00,     7835.9,       2.26,       1.07
    0,    17,     5,      85.62,      74.43,       0.00,     5872.6,       2.26,       1.07
    0,    17,     6,     136.37,      75.25,       0.00,     7259.5,       2.37,       1.09
    0,    17,     7,     103.15,      78.86,       0.00,     8295.8,       2.32,       1.19
    0,    17,     8,      69.60,     111.80,       0.00,     9714.8,       2.37,       1.12
    0,    17,     9,     112.30,     131.72,       0.00,    12303.5,       2.42,       1.15
    0,    17,    10,      94.52,     138.54,       0.00,     5752.5,       2.29,       1.15
    0,    17,    11,     101.24,     164.73,       0.00,     8640.7,       2.30,       1.14
    0,    18,     1,       8.25,      15.05,       0.00,     2432.3,       2.48,       1.21
    0,    18,     2,      28.68,      31.36,       0.00,    14182.4,       2.54,       1.19
    0,    18,     3,      67.88,      73.26,       0.00,    10674.2,       2.36,       1.12
    0,    18,     4,      43.21,      73.50,       0.00,     8849.2,       2.40,       1.14
    0,    18,     5,      85.52,      74.41,       0.00,     5901.3,       2.31,       1.09
    0,    18,     6,     136.37,      75.31,       0.00,     8313.5,       2.30,       1.11
    0,    18,     7,     103.12,      78.83,       0.00,     7792.3,       2.23,       1.16
    0,    18,     8,      69.57,     111.80,       0.00,    10547.2,       2.43,       1.19
    0,    18,     9,     112.31,     131.75,       0.00,    12612.5,       2.46,       1.14
    0,    18,    10,      94.50,     138.57,       0.00,     5689.2,       2.33,       1.07
    0,    18,    11,     101.35,     164.73,       0.00,     8516.5,       2.26,       1.17
    0,    19,     1,       8.21,      15.06,       0.00,     2410.5,       2.33,       1.17
    0,    19,     2,      28.62,      31.37,       0.00,    13745.4,       2.47,       1.17
    0,    19,     3,      43.28,      73.48,       0.00,     8234.4,       2.33,       1.10
    0,    19,     4,      67.95,      73.25,       0.00,    10152.5,       2.29,       1.14
    0,    19,     5,      85.58,      74.42,       0.00,     5815.4,       2.21,       1.10
    0,    19,     6,     136.33,      75.29,       0.00,     8775.0,       2.37,       1.16
    0,    19,     7,     103.13,      78.89,       0.00,     8012.4,       2.33,       1.16
    0,    19,     8,      69.56,     111.76,       0.00,    10155.7,       2.35,       1.14
    0,    19,     9,     112.28,     131.73,       0.00,    12018.7,       2.47,       1.16
    0,    19,    10,      94.58,     138.59,       0.00,     5514.8,       2.24,       1.11
    0,    19,    11,     101.25,     164.75,       0.00,     7640.5,       2.39,       1.11
    0,    20,     1,       8.28,      15.02,       0.00,     2356.5,       2.24,       1.12
    0,    20,     2,      28.67,      31.38,       0.00,    13794.1,       2.53,       1.17
    0,    20,     3,      67.92,      73.25,       0.00,    10112.4,       2.37,       1.14
    0,    20,     4,      43.21,      73.47,       0.00,     8186.0,       2.43,       1.10
    0,    20,     5,      85.60,      74.45,       0.00,     5737.8,       2.26,       1.12
    0,    20,     6,     136.41,      75.30,       0.00,     8037.0,       2.34,       1.14
    0,    20,     7,     103.17,      78.86,       0.00,     7742.9,       2.27,       1.11
    0,    20,     8,      69.59,     111.78,       0.00,    10396.0,       2.40,       1.11
    0,    20,     9,     112.33,     131.71,       0.00,    12216.5,       2.35,       1.15
    0,    20,    10,      94.61,     138.58,       0.00,     5405.5,       2.31,       1.07
    0,    20,    11,     101.31,     164.72,       0.00,     7558.2,       2.33,       1.13
    0,    21,     1,       8.16,      14.96,       0.00,     2070.4,       2.27,       1.02
    0,    21,     2,      28.70,      31.34,       0.00,    13802.7,       2.50,       1.18
    0,    21,     3,      67.98,      73.21,       0.00,     9991.1,       2.35,       1.13
    0,    21,     4,      43.22,      73.48,       0.00,     8500.5,       2.36,       1.09
    0,    21,     5,      85.52,      74.44,       0.00,     5527.9,       2.34,       1.06
    0,    21,     6,     136.40,      75.31,       0.00,     8138.6,       2.34,       1.12
    0,    21,     7,     103.14,      78.88,       0.00,     7934.3,       2.33,       1.15
    0,    21,     8,      69.53,     111.77,       0.00,     9966.8,       2.37,       1.15
    0,    21,     9,     112.33,     131.73,       0.00,    12203.8,       2.44,       1.16
    0,    21,    10,      94.52,     138.59,       0.00,     5599.5,       2.38,       1.14
    0,    21,    11,     101.34,     164.73,       0.00,     8101.3,       2.40,       1.13
    0,    22,     1,       8.31,      14.94,       0.00,     2352.9,       2.29,       1.12
    0,    22,     2,      28.61,      31.37,       0.00,    13788.7,       2.49,       1.18
    0,    22,     3,      67.95,      73.25,       0.00,     9342.0,       2.26,       1.11
    0,    22,     4,      43.29,      73.52,       0.00,     8235.9,       2.39,       1.14
    0,    22,     5,      85.52,      74.45,       0.00,     5649.9,       2.30,       1.08
    0,    22,     6,     136.36,      75.26,       0.00,     7670.2,       2.30,       1.14
    0,    22,     7,     103.16,      78.87,       0.00,     7866.8,       2.26,       1.16
    0,    22,     8,      69.52,     111.79,       0.00,    10215.9,       2.37,       1.15
    0,    22,     9,     112.34,     131.69,       0.00,    12583.4,       2.41,       1.13
    0,    22,    10,      94.51,     138.57,       0.00,     5503.7,       2.29,       1.10
    0,    22,    11,     101.28,     164.73,       0.00,     8414.7,       2.35,       1.14
    0,    23,     1,       8.29,      15.06,       0.00,     2450.0,       2.52,       1.12
    0,    23,     2,      28.74,      31.36,       0.00,    14063.9,       2.52,       1.18
    0,    23,     3,      67.95,      73.25,       0.00,     9535.8,       2.24,       1.11
    0,    23,     4,      43.27,      73.50,       0.00,     8164.7,       2.41,       1.11
    0,    23,     5,      85.52,      74.45,       0.00,     5632.3,       2.26,       1.11
    0,    23,     6,     136.40,      75.27,       0.00,     7789.3,       2.30,       1.13
    0,    23,     7,     103.21,      78.84,       0.00,     7972.5,       2.33,       1.14
    0,    23,     8,      69.57,     111.80,       0.00,    10224.5,       2.45,       1.15
    0,    23,     9,     112.25,     131.73,       0.00,    12537.6,       2.39,       1.15
    0,    23,    10,      94.56,     138.57,       0.00,     5694.0,       2.36,       1.11
    0,    23,    11,     101.30,     164.71,       0.00,     8281.7,       2.34,       1.14
    0,    24,     1,       8.30,      14.97,       0.00,     2259.9,       2.24,       1.04
    0,    24,     2,      28.64,      31.38,       0.00,    13888.5,       2.49,       1.18
    0,    24,     3,      68.03,      73.25,       0.00,     9427.2,       2.25,       1.11
    0,    24,     4,      43.31,      73.50,       0.00,     8054.8,       2.48,       1.12
    0,    24,     5,      85.55,      74.41,       0.00,     5501.3,       2.23,       1.11
    0,    24,     6,     136.39,      75.29,       0.00,     7625.6,       2.34,       1.10
    0,    24,     7,     103.18,      78.81,       0.00,     8064.8,       2.32,       1.16
    0,    24,     8,      69.56,     111.77,       0.00,     9852.2,       2.36,       1.14
    0,    24,     9,     112.34,     131.72,       0.00,    12379.3,       2.41,       1.15
    0,    24,    10,      94.57,     138.57,       0.00,     5526.0,       2.28,       1.08
    0,    24,    11,     101.25,     164.73,       0.00,     7957.2,       2.37,       1.14
    0,    25,     1,       8.26,      15.08,       0.00,     2174.3,       2.32,       1.10
    0,    25,     2,      28.65,      31.40,       0.00,    13669.6,       2.48,       1.16
    0,    25,     3,      43.19,      73.48,       0.00,     8367.5,       2.37,       1.12
    0,    25,     4,      67.92,      73.20,       0.00,     9705.5,       2.31,       1.14
    0,    25,     5,      85.55,      74.40,       0.00,     5602.3,       2.21,       1.06
    0,    25,     6,     136.45,      75.24,       0.00,     7737.1,       2.28,       1.12
    0,    25,     7,     103.22,      78.83,       0.00,     8062.2,       2.28,       1.15
    0,    25,     8,      69.55,     111.78,       0.00,    10252.8,       2.41,       1.14
    0,    25,     9,     112.28,     131.70,       0.00,    12404.2,       2.41,       1.16
    0,    25,    10,      94.51,     138.63,       0.00,     6044.4,       2.32,       1.19
    0,    25,    11,     101.30,     164.71,       0.00,     8007.3,       2.27,       1.14
    0,    26,     1,       8.18,      15.08,       0.00,     2198.3,       2.26,       1.18
    0,    26,     2,      28.67,      31.35,       0.00,    14180.2,       2.54,       1.18
    0,    26,     3,      67.88,      73.23,       0.00,    10146.9,       2.36,       1.13
    0,    26,     4,      43.27,      73.50,       0.00,     8180.0,       2.36,       1.08
    0,    26,     5,      85.51,      74.43,       0.00,     5880.6,       2.30,       1.08
    0,    26,     6,     136.34,      75.29,       0.00,     7741.5,       2.37,       1.13
    0,    26,     7,     103.23,      78.83,       0.00,     7845.2,       2.24,       1.13
    0,    26,     8,      69.54,     111.77,       0.00,    10412.0,       2.43,       1.14
    0,    26,     9,     112.24,     131.74,       0.00,    12430.1,       2.42,       1.14
    0,    26,    10,      94.61,     138.60,       0.00,     5863.4,       2.43,       1.09
    0,    26,    11,     101.30,     164.70,       0.00,     8692.3,       2.32,       1.14
    0,    27,     1,       8.22,      15.00,       0.00,     2543.3,       2.53,       1.13
    0,    27,     2,      28.71,      31.35,       0.00,    14321.0,       2.50,       1.19
    0,    27,     3,      43.19,      73.51,       0.00,     7713.2,       2.36,       1.09
    0,    27,     4,      67.93,      73.25,       0.00,    10125.3,       2.27,       1.15
    0,    27,     5,      85.55,      74.42,       0.00,     6072.0,       2.22,       1.12
    0,    27,     6,     136.40,      75.28,       0.00,     7940.6,       2.35,       1.13
    0,    27,     7,     103.17,      78.86,       0.00,     7777.4,       2.33,       1.13
    0,    27,     8,      69.54,     111.78,       0.00,    10233.0,       2.38,       1.16
    0,    27,     9,     112.34,     131.71,       0.00,    12313.1,       2.38,       1.15
    0,    27,    10,      94.59,     138.60,       0.00,     5662.1,       2.33,       1.11
    0,    27,    11,     101.28,     164.72,       0.00,     8309.0,       2.31,       1.15
    0,    28,     1,       8.36,      15.02,       0.00,     2234.6,       2.31,       1.08
    0,    28,     2,      28.64,      31.36,       0.00,    14042.4,       2.50,       1.19
    0,    28,     3,      67.87,      73.26,       0.00,     9528.7,       2.27,       1.13
    0,    28,     4,      43.28,      73.52,       0.00,     8144.5,       2.39,       1.07
    0,    28,     5,      85.54,      74.45,       0.00,     5509.9,       2.25,       1.06
    0,    28,     6,     136.34,      75.26,       0.00,     8003.1,       2.35,       1.14
    0,    28,     7,     103.16,      78.83,       0.00,     7747.1,       2.29,       1.14
    0,    28,     8,      69.54,     111.77,       0.00,    10000.6,       2.40,       1.13
    0,    28,     9,     112.25,     131.73,       0.00,    12112.6,       2.42,       1.12
    0,    28,    10,      94.58,     138.59,       0.00,     5612.7,       2.38,       1.13
    0,    28,    11,     101.21,     164.70,       0.00,     8307.8,       2.43,       1.13
    0,    29,     1,       8.03,      15.00,       0.00,     2361.9,       2.36,       1.16
    0,    29,     2,      28.68,      31.34,       0.00,    13653.4,       2.49,       1.17
    0,    29,     3,      43.11,      73.50,       0.00,     7847.4,       2.36,       1.11
    0,    29,     4,      67.99,      73.20,       0.00,     9800.8,       2.29,       1.15
    0,    29,     5,      85.58,      74.41,       0.00,     5648.5,       2.19,       1.09
    0,    29,     6,     136.34,      75.25,       0.00,     7451.0,       2.30,       1.12
    0,    29,     7,     103.19,      78.84,       0.00,     7753.3,       2.36,       1.11
    0,    29,     8,      69.58,     111.79,       0.00,    10148.1,       2.30,       1.12
    0,    29,     9,     112.32,     131.71,       0.00,    12693.3,       2.51,       1.15
    0,    29,    10,      94.57,     138.58,       0.00,     5766.6,       2.30,       1.12
    0,    29,    11,     101.27,     164.73,       0.00,     8123.1,       2.29,       1.13
    0,    30,     1,       8.32,      14.98,       0.00,     2249.5,       2.36,       1.12
    0,    30,     2,      28.62,      31.36,       0.00,    13300.8,       2.46,       1.18
    0,    30,     3,      67.92,      73.27,       0.00,     9717.9,       2.26,       1.12
    0,    30,     4,      43.18,      73.49,       0.00,     7750.7,       2.34,       1.10
    0,    30,     5,      85.60,      74.43,       0.00,     5198.5,       2.24,       1.10
    0,    30,     6,     136.40,      75.28,       0.00,     7817.8,       2.36,       1.11
    0,    30,     7,     103.19,      78.86,       0.00,     7858.0,       2.32,       1.14
    0,    30,     8,      69.53,     111.76,       0.00,    10377.0,       2.41,       1.12
    0,    30,     9,     112.30,     131.72,       0.00,    12169.5,       2.43,       1.16
    0,    30,    10,      94.57,     138.58,       0.00,     5709.8,       2.35,       1.12
    0,    30,    11,     101.24,     164.74,       0.00,     8178.2,       2.37,       1.15
    0,    31,     1,       8.20,      14.96,       0.00,     2514.8,       2.47,       1.20
    0,    31,     2,      28.63,      31.38,       0.00,    14007.7,       2.50,       1.20
    0,    31,     3,      43.16,      73.52,       0.00,     8416.3,       2.33,       1.13
    0,    31,     4,      67.96,      73.23,       0.00,     9531.6,       2.30,       1.09
    0,    31,     5,      85.44,      74.41,       0.00,     5299.7,       2.24,       1.06
    0,    31,     6,     136.35,      75.27,       0.00,     7686.2,       2.30,       1.11
    0,    31,     7,     103.23,      78.81,       0.00,     7789.9,       2.32,       1.12
    0,    31,     8,      69.58,     111.75,       0.00,     9690.4,       2.39,       1.15
    0,    31,     9,     112.32,     131.69,       0.00,    12350.3,       2.39,       1.13
    0,    31,    10,      94.55,     138.60,       0.00,     5781.2,       2.31,       1.15
    0,    31,    11,     101.29,     164.71,       0.00,     8070.3,       2.34,       1.13
    0,    32,     1,       8.19,      15.06,       0.00,     2433.9,       2.63,       1.20
    0,    32,     2,      28.70,      31.36,       0.00,    13687.6,       2.52,       1.18
    0,    32,     3,      43.24,      73.45,       0.00,     8603.6,       2.33,       1.09
    0,    32,     4,      67.88,      73.23,       0.00,     9663.8,       2.29,       1.13
    0,    32,     5,      85.52,      74.45,       0.00,     5502.7,       2.27,       1.07
    0,    32,     6,     136.39,      75.25,       0.00,     7702.2,       2.32,       1.14
    0,    32,     7,     103.20,      78.86,       0.00,     8064.0,       2.32,       1.17
    0,    32,     8,      69.53,     111.74,       0.00,    10285.9,       2.39,       1.14
    0,    32,     9,     112.30,     131.73,       0.00,    12048.1,       2.37,       1.16
    0,    32,    10,      94.52,     138.63,       0.00,     6063.3,       2.35,       1.15
    0,    32,    11,     101.26,     164.70,       0.00,     7824.0,       2.37,       1.14
    0,    33,     1,       8.41,      15.04,       0.00,     2639.4,       2.56,       1.28
    0,    33,     2,      28.69,      31.33,       0.00,    13635.4,       2.50,       1.20
    0,    33,     3,      67.95,      73.22,       0.00,     9928.5,       2.34,       1.14
    0,    33,     4,      43.19,      73.51,       0.00,     7611.0,       2.27,       1.05
    0,    33,     5,      85.54,      74.42,       0.00,     6003.4,       2.36,       1.13
    0,    33,     6,     136.28,      75.26,       0.00,     7712.5,       2.36,       1.11
    0,    33,     7,     103.20,      78.83,       0.00,     7701.4,       2.36,       1.14
    0,    33,     8,      69.56,     111.76,       0.00,    10216.8,       2.42,       1.17
    0,    33,     9,     112.30,     131.73,       0.00,    12127.3,       2.39,       1.12
    0,    33,    10,      94.45,     138.56,       0.00,     5653.6,       2.25,       1.09
    0,    33,    11,     101.27,     164.70,       0.00,     7553.2,       2.29,       1.09
    0,    34,     1,       8.21,      15.03,       0.00,     2080.1,       2.06,       1.10
    0,    34,     2,      28.67,      31.33,       0.00,    13989.0,       2.50,       1.19
    0,    34,     3,      67.85,      73.26,       0.00,     9741.5,       2.33,       1.11
    0,    34,     4,      43.27,      73.52,       0.00,     8283.0,       2.44,       1.11
    0,    34,     5,      85.56,      74.45,       0.00,     5525.9,       2.19,       1.13
    0,    34,     6,     136.32,      75.26,       0.00,     8036.9,       2.31,       1.13
    0,    34,     7,     103.17,      78.82,       0.00,     7678.5,       2.29,       1.15
    0,    34,     8,      69.66,     111.75,       0.00,    10602.8,       2.45,       1.15
    0,    34,     9,     112.33,     131.73,       0.00,    12196.4,       2.42,       1.17
    0,    34,    10,      94.48,     138.58,       0.00,     5613.1,       2.26,       1.12
    0,    34,    11,     101.28,     164.71,       0.00,     7904.0,       2.29,       1.13
    0,    35,     1,       8.36,      14.93,       0.00,     2320.4,       2.40,       1.08
    0,    35,     2,      28.71,      31.36,       0.00,    13619.6,       2.49,       1.17
    0,    35,     3,      67.90,      73.25,       0.00,    10244.1,       2.31,       1.13
    0,    35,     4,      43.24,      73.49,       0.00,     7773.9,       2.33,       1.09
    0,    35,     5,      85.57,      74.41,       0.00,     5904.2,       2.27,       1.10
    0,    35,     6,     136.34,      75.29,       0.00,     7949.7,       2.31,       1.12
    0,    35,     7,     103.18,      78.85,       0.00,     7274.1,       2.28,       1.10
    0,    35,     8,      69.62,     111.77,       0.00,    10463.4,       2.47,       1.15
    0,    35,     9,     112.36,     131.68,       0.00,    12436.7,       2.43,       1.14
    0,    35,    10,      94.56,     138.59,       0.00,     6167.6,       2.28,       1.13
    0,    35,    11,     101.21,     164.73,       0.00,     7862.0,       2.41,       1.13
    0,    36,     1,       8.26,      15.03,       0.00,     2056.1,       2.46,       1.14
    0,    36,     2,      28.69,      31.33,       0.00,    13585.8,       2.52,       1.20
    0,    36,     3,      43.23,      73.51,       0.00,     7994.2,       2.34,       1.16
    0,    36,     4,      67.93,      73.22,       0.00,    10031.4,       2.25,       1.12
    0,    36,     5,      85.54,      74.41,       0.00,     5403.6,       2.37,       1.08
    0,    36,     6,     136.38,      75.25,       0.00,     8111.5,       2.31,       1.10
    0,    36,     7,     103.26,      78.81,       0.00,     7214.8,       2.30,       1.11
    0,    36,     8,      69.62,     111.72,       0.00,    10208.9,       2.37,       1.12
    0,    36,     9,     112.32,     131.73,       0.00,    12221.7,       2.42,       1.16
    0,    36,    10,      94.58,     138.57,       0.00,     5688.4,       2.21,       1.16
    0,    36,    11,     101.27,     164.74,       0.00,     7691.6,       2.33,       1.19
    0,    37,     1,       8.50,      15.00,       0.00,     2471.7,       2.49,       1.17
    0,    37,     2,      28.66,      31.33,       0.00,    13287.1,       2.49,       1.17
    0,    37,     3,      43.18,      73.51,       0.00,     7187.0,       2.40,       1.14
    0,    37,     4,      67.98,      73.24,       0.00,     9876.6,       2.30,       1.11
    0,    37,     5,      85.45,      74.42,       0.00,     5178.8,       2.13,       1.12
    0,    37,     6,     136.29,      75.27,       0.00,     7787.1,       2.31,       1.16
    0,    37,     7,     103.19,      78.80,       0.00,     8158.5,       2.30,       1.14
    0,    37,     8,      69.63,     111.76,       0.00,    10566.5,       2.45,       1.14
    0,    37,     9,     112.34,     131.71,       0.00,    12223.6,       2.43,       1.16
    0,    37,    10,      94.49,     138.58,       0.00,     5588.0,       2.27,       1.10
    0,    37,    11,     101.25,     164.73,       0.00,     7348.2,       2.33,       1.15
    0,    38,     1,       8.27,      15.00,       0.00,     2327.7,       2.38,       1.10
    0,    38,     2,      28.66,      31.35,       0.00,    13227.5,       2.48,       1.18
    0,    38,     3,      43.19,      73.51,       0.00,     7853.4,       2.29,       1.09
    0,    38,     4,      67.99,      73.22,       0.00,    10198.6,       2.32,       1.15
    0,    38,     5,      85.55,      74.38,       0.00,     5459.1,       2.32,       1.10
    0,    38,     6,     136.39,      75.24,       0.00,     7909.1,       2.28,       1.09
    0,    38,     7,     103.18,      78.89,       0.00,     7842.1,       2.34,       1.11
    0,    38,     8,      69.60,     111.78,       0.00,    10542.2,       2.48,       1.17
    0,    38,     9,     112.33,     131.69,       0.00,    12417.2,       2.40,       1.15
    0,    38,    10,      94.57,     138.59,       0.00,     5776.8,       2.32,       1.12
    0,    38,    11,     101.35,     164.68,       0.00,     7288.4,       2.42,       1.14
    0,    39,     1,       8.47,      14.94,       0.00,     2281.1,       2.20,       1.11
    0,    39,     2,      28.71,      31.34,       0.00,    13765.4,       2.46,       1.19
    0,    39,     3,      43.13,      73.51,       0.00,     8582.1,       2.41,       1.12
    0,    39,     4,      67.93,      73.25,       0.00,     9557.5,       2.35,       1.12
    0,    39,     5,      85.47,      74.40,       0.00,     5296.9,       2.34,       1.12
    0,    39,     6,     136.37,      75.28,       0.00,     8376.6,       2.38,       1.13
    0,    39,     7,     103.12,      78.84,       0.00,     7825.7,       2.27,       1.15
    0,    39,     8,      69.53,     111.75,       0.00,    10330.4,       2.37,       1.13
    0,    39,     9,     112.30,     131.72,       0.00,    12444.9,       2.44,       1.14
    0,    39,    10,      94.61,     138.57,       0.00,     5752.1,       2.40,       1.11
    0,    39,    11,     101.33,     164.69,       0.00,     7798.2,       2.33,       1.13
