#stackID(UINT32), frameID(UINT32), eventID(UINT32), x0(float), y0(float), z0(float), photon_count0(float), sigmaX0(float), sigmaY0(float) 
    0,     0,     1,       9.03,      13.51,       0.00,     4099.6,       1.16,       4.03
    0,     0,     2,      29.27,      30.15,       0.00,    25110.1,       1.31,       4.44
    0,     0,     3,      43.80,      72.12,       0.00,    14143.5,       1.19,       4.16
    0,     0,     4,      68.47,      71.80,       0.00,    19494.7,       1.23,       4.44
    0,     0,     5,      86.14,      73.00,       0.00,     9443.1,       1.21,       4.41
    0,     0,     6,     136.82,      73.79,       0.00,    12990.0,       1.17,       4.42
    0,     0,     7,     103.71,      77.44,       0.00,    13438.7,       1.16,       4.43
    0,     0,     8,      69.96,     110.45,       0.00,    17685.6,       1.25,       4.24
    0,     0,     9,     112.72,     130.51,       0.00,    18998.2,       1.24,       4.18
    0,     0,    10,      95.02,     137.42,       0.00,     9198.4,       1.19,       4.17
    0,     0,    11,     101.85,     163.43,       0.00,    13303.5,       1.22,       4.08
    0,     1,     1,       9.04,      13.49,       0.00,     4247.7,       1.26,       4.23
    0,     1,     2,      29.27,      30.13,       0.00,    25199.3,       1.30,       4.49
    0,     1,     3,      68.48,      71.87,       0.00,    19531.9,       1.24,       4.50
    0,     1,     4,      43.79,      71.82,       0.00,    14591.2,       1.16,       4.46
    0,     1,     5,      86.22,      73.01,       0.00,     9736.7,       1.22,       4.42
    0,     1,     6,     136.80,      73.83,       0.00,    12594.8,       1.22,       4.14
    0,     1,     7,     103.73,      77.69,       0.00,    13823.9,       1.26,       4.47
    0,     1,     8,      70.01,     110.30,       0.00,    18037.2,       1.22,       4.49
    0,     1,     9,     112.75,     130.29,       0.00,    19525.6,       1.25,       4.38
    0,     1,    10,      94.99,     137.19,       0.00,     8975.8,       1.18,       4.06
    0,     1,    11,     101.89,     163.50,       0.00,    13176.3,       1.19,       4.13
    0,     2,     1,       8.95,      13.59,       0.00,     3682.0,       1.16,       3.60
    0,     2,     2,      29.27,      30.07,       0.00,    25001.9,       1.31,       4.44
    0,     2,     3,      43.79,      72.05,       0.00,    14305.9,       1.18,       4.17
    0,     2,     4,      68.49,      71.72,       0.00,    19564.3,       1.23,       4.52
    0,     2,     5,      86.22,      73.23,       0.00,     9420.1,       1.19,       4.19
    0,     2,     6,     136.83,      73.83,       0.00,    13923.3,       1.23,       4.48
    0,     2,     7,     103.70,      77.42,       0.00,    13570.5,       1.26,       4.52
    0,     2,     8,      69.98,     110.55,       0.00,    16730.2,       1.20,       4.26
    0,     2,     9,     112.71,     130.45,       0.00,    18130.6,       1.20,       4.19
    0,     2,    10,      95.06,     137.40,       0.00,     9647.2,       1.18,       4.29
    0,     2,    11,     101.87,     163.52,       0.00,    12548.3,       1.21,       4.10
    0,     3,     1,       9.01,      13.87,       0.00,     4311.8,       1.20,       4.08
    0,     3,     2,      29.28,      30.19,       0.00,    25425.5,       1.31,       4.51
    0,     3,     3,      43.77,      72.05,       0.00,    13831.2,       1.16,       4.08
    0,     3,     4,      68.47,      71.72,       0.00,    19265.9,       1.24,       4.54
    0,     3,     5,      86.22,      73.18,       0.00,     9525.2,       1.24,       4.36
    0,     3,     6,     136.84,      73.97,       0.00,    13358.7,       1.22,       4.29
    0,     3,     7,     103.71,      77.48,       0.00,    12662.2,       1.25,       4.35
    0,     3,     8,      69.99,     110.28,       0.00,    16372.4,       1.17,       4.23
    0,     3,     9,     112.73,     130.39,       0.00,    18469.5,       1.21,       4.20
    0,     3,    10,      95.03,     137.38,       0.00,     9407.1,       1.23,       4.20
    0,     3,    11,     101.88,     163.40,       0.00,    11973.9,       1.19,       4.23
    0,     4,     1,       9.08,      13.69,       0.00,     4133.8,       1.22,       4.32
    0,     4,     2,      29.25,      29.81,       0.00,    25487.4,       1.29,       4.67
    0,     4,     3,      68.51,      71.68,       0.00,    19494.9,       1.25,       4.59
    0,     4,     4,      43.78,      71.59,       0.00,    14420.1,       1.14,       4.57
    0,     4,     5,      86.17,      73.04,       0.00,     9835.4,       1.23,       4.57
    0,     4,     6,     136.79,      73.80,       0.00,    13412.8,       1.23,       4.36
    0,     4,     7,     103.71,      77.59,       0.00,    11967.8,       1.24,       4.42
    0,     4,     8,      69.98,     110.42,       0.00,    17096.4,       1.22,       4.33
    0,     4,     9,     112.73,     130.45,       0.00,    18152.2,       1.21,       4.24
    0,     4,    10,      95.02,     137.18,       0.00,     9451.9,       1.17,       4.26
    0,     4,    11,     101.88,     163.45,       0.00,    12178.8,       1.20,       4.07
    0,     5,     1,       9.00,      13.66,       0.00,     4345.1,       1.26,       4.07
    0,     5,     2,      29.28,      30.22,       0.00,    25470.8,       1.30,       4.51
    0,     5,     3,      68.48,      71.71,       0.00,    18433.3,       1.22,       4.42
    0,     5,     4,      43.78,      71.71,       0.00,    15137.4,       1.20,       4.56
    0,     5,     5,      86.19,      73.18,       0.00,     9187.6,       1.19,       4.25
    0,     5,     6,     136.82,      73.86,       0.00,    13015.5,       1.19,       4.33
    0,     5,     7,     103.70,      77.29,       0.00,    12895.0,       1.19,       4.56
    0,     5,     8,      69.98,     110.37,       0.00,    16400.9,       1.18,       4.20
    0,     5,     9,     112.71,     130.40,       0.00,    18058.9,       1.23,       4.18
    0,     5,    10,      95.08,     137.24,       0.00,     9012.6,       1.23,       4.03
    0,     5,    11,     101.87,     163.55,       0.00,    12052.4,       1.21,       4.03
    0,     6,     1,       9.05,      13.57,       0.00,     4322.7,       1.18,       4.23
    0,     6,     2,      29.28,      30.21,       0.00,    24394.0,       1.28,       4.46
    0,     6,     3,      68.47,      71.72,       0.00,    18543.9,       1.23,       4.52
    0,     6,     4,      43.75,      71.78,       0.00,    14872.6,       1.17,       4.57
    0,     6,     5,      86.24,      73.10,       0.00,     9429.9,       1.24,       4.43
    0,     6,     6,     136.84,      73.77,       0.00,    13529.7,       1.22,       4.40
    0,     6,     7,     103.72,      77.35,       0.00,    13363.8,       1.23,       4.72
    0,     6,     8,      70.02,     110.42,       0.00,    15762.3,       1.22,       4.20
    0,     6,     9,     112.73,     130.46,       0.00,    19086.1,       1.23,       4.24
    0,     6,    10,      95.03,     137.30,       0.00,     9296.5,       1.19,       4.15
    0,     6,    11,     101.85,     163.48,       0.00,    11924.2,       1.19,       4.08
    0,     7,     1,       9.04,      13.51,       0.00,     4133.7,       1.20,       4.05
    0,     7,     2,      29.26,      30.15,       0.00,    24910.7,       1.30,       4.52
    0,     7,     3,      68.48,      71.70,       0.00,    18217.5,       1.23,       4.48
    0,     7,     4,      43.79,      71.61,       0.00,    15380.5,       1.19,       4.62
    0,     7,     5,      86.19,      73.06,       0.00,     9292.2,       1.23,       4.49
    0,     7,     6,     136.83,      73.73,       0.00,    13740.9,       1.23,       4.46
    0,     7,     7,     103.70,      77.17,       0.00,    13033.3,       1.25,       4.66
    0,     7,     8,      69.99,     110.43,       0.00,    15610.8,       1.22,       4.32
    0,     7,     9,     112.73,     130.27,       0.00,    18349.0,       1.22,       4.29
    0,     7,    10,      95.03,     137.40,       0.00,     9616.0,       1.24,       4.21
    0,     7,    11,     101.87,     163.49,       0.00,    11477.3,       1.20,       4.02
    0,     8,     1,       9.01,      13.52,       0.00,     4257.9,       1.18,       3.97
    0,     8,     2,      29.27,      30.19,       0.00,    25000.8,       1.30,       4.44
    0,     8,     3,      43.79,      72.16,       0.00,    13404.3,       1.18,       4.18
    0,     8,     4,      68.47,      71.75,       0.00,    18752.1,       1.24,       4.39
    0,     8,     5,      86.18,      73.08,       0.00,     9359.5,       1.23,       4.35
    0,     8,     6,     136.85,      73.84,       0.00,    13086.5,       1.23,       4.34
    0,     8,     7,     103.71,      77.34,       0.00,    12714.8,       1.22,       4.55
    0,     8,     8,      70.01,     110.46,       0.00,    15281.7,       1.20,       4.08
    0,     8,     9,     112.72,     130.52,       0.00,    17639.5,       1.20,       4.16
    0,     8,    10,      95.06,     137.38,       0.00,     9280.6,       1.25,       4.24
    0,     8,    11,     101.88,     163.24,       0.00,    12979.9,       1.23,       4.40
    0,     9,     1,       9.04,      13.59,       0.00,     3548.7,       1.14,       3.91
    0,     9,     2,      29.27,      30.12,       0.00,    24601.2,       1.29,       4.50
    0,     9,     3,      43.81,      72.13,       0.00,    12997.5,       1.18,       4.19
    0,     9,     4,      68.49,      71.74,       0.00,    18797.9,       1.24,       4.45
    0,     9,     5,      86.24,      73.05,       0.00,     9451.9,       1.23,       4.28
    0,     9,     6,     136.85,      73.84,       0.00,    13577.9,       1.26,       4.40
    0,     9,     7,     103.72,      77.30,       0.00,    13355.6,       1.26,       4.53
    0,     9,     8,      69.99,     110.31,       0.00,    16332.6,       1.23,       4.26
    0,     9,     9,     112.74,     130.42,       0.00,    18339.6,       1.21,       4.28
    0,     9,    10,      95.00,     137.21,       0.00,     8902.4,       1.18,       4.21
    0,     9,    11,     101.88,     163.52,       0.00,    12029.7,       1.20,       4.12
    0,    10,     1,       9.04,      13.86,       0.00,     4089.0,       1.25,       4.28
    0,    10,     2,      29.30,      30.20,       0.00,    25314.1,       1.30,       4.49
    0,    10,     3,      68.46,      71.73,       0.00,    17994.6,       1.21,       4.43
    0,    10,     4,      43.78,      72.14,       0.00,    12957.4,       1.14,       4.11
    0,    10,     5,      86.19,      73.22,       0.00,     8862.4,       1.21,       4.29
    0,    10,     6,     136.85,      73.92,       0.00,    12798.1,       1.20,       4.33
    0,    10,     7,     103.71,      77.59,       0.00,    12678.3,       1.24,       4.32
    0,    10,     8,      70.00,     110.49,       0.00,    16373.1,       1.19,       4.25
    0,    10,     9,     112.75,     130.53,       0.00,    18254.7,       1.23,       4.23
    0,    10,    10,      95.00,     137.28,       0.00,     9107.9,       1.19,       4.17
    0,    10,    11,     101.83,     163.44,       0.00,    12730.5,       1.16,       4.03
    0,    11,     1,       9.05,      13.53,       0.00,     3905.4,       1.09,       3.84
    0,    11,     2,      29.29,      30.13,       0.00,    25331.4,       1.30,       4.60
    0,    11,     3,      68.47,      71.69,       0.00,    18498.4,       1.23,       4.48
    0,    11,     4,      43.79,      71.79,       0.00,    13868.2,       1.17,       4.45
    0,    11,     5,      86.21,      73.13,       0.00,     9428.0,       1.21,       4.49
    0,    11,     6,     136.83,      73.84,       0.00,    12807.2,       1.23,       4.16
    0,    11,     7,     103.71,      77.65,       0.00,    12783.4,       1.26,       4.48
    0,    11,     8,      69.98,     110.30,       0.00,    16598.9,       1.23,       4.58
    0,    11,     9,     112.74,     130.26,       0.00,    18072.9,       1.19,       4.32
    0,    11,    10,      95.02,     137.15,       0.00,     9188.4,       1.16,       4.22
    0,    11,    11,     101.88,     163.44,       0.00,    12517.8,       1.22,       4.11
    0,    12,     1,       9.02,      13.60,       0.00,     3952.6,       1.20,       4.09
    0,    12,     2,      29.27,      30.12,       0.00,    23739.5,       1.25,       4.47
    0,    12,     3,      68.49,      71.78,       0.00,    18502.0,       1.24,       4.51
    0,    12,     4,      43.76,      71.81,       0.00,    13558.5,       1.18,       4.42
    0,    12,     5,      86.23,      73.21,       0.00,     9141.2,       1.20,       4.48
    0,    12,     6,     136.85,      73.82,       0.00,    13368.7,       1.26,       4.53
    0,    12,     7,     103.71,      77.45,       0.00,    12752.5,       1.22,       4.49
    0,    12,     8,      70.00,     110.35,       0.00,    16208.6,       1.20,       4.33
    0,    12,     9,     112.71,     130.53,       0.00,    18464.0,       1.23,       4.14
    0,    12,    10,      95.01,     136.96,       0.00,     9405.5,       1.23,       4.35
    0,    12,    11,     101.87,     163.50,       0.00,    12455.6,       1.23,       4.23
    0,    13,     1,       8.99,      13.34,       0.00,     3965.8,       1.20,       4.40
    0,    13,     2,      29.29,      30.21,       0.00,    23938.8,       1.26,       4.36
    0,    13,     3,      68.52,      71.71,       0.00,    18617.2,       1.22,       4.50
    0,    13,     4,      43.78,      72.14,       0.00,    12880.6,       1.18,       4.23
    0,    13,     5,      86.20,      73.09,       0.00,     8722.8,       1.17,       4.35
    0,    13,     6,     136.82,      73.89,       0.00,    12822.9,       1.21,       4.33
    0,    13,     7,     103.75,      77.17,       0.00,    13168.4,       1.24,       4.61
    0,    13,     8,      70.00,     110.42,       0.00,    16783.2,       1.21,       4.30
    0,    13,     9,     112.75,     130.39,       0.00,    18525.6,       1.20,       4.35
    0,    13,    10,      95.08,     137.33,       0.00,     8930.8,       1.20,       4.20
    0,    13,    11,     101.87,     163.35,       0.00,    12164.5,       1.17,       4.08
    0,    14,     1,       9.03,      13.73,       0.00,     3880.3,       1.19,       3.99
    0,    14,     2,      29.32,      30.13,       0.00,    24682.2,       1.30,       4.44
    0,    14,     3,      68.51,      71.85,       0.00,    19143.0,       1.21,       4.56
    0,    14,     4,      43.79,      71.81,       0.00,    13332.4,       1.18,       4.56
    0,    14,     5,      86.20,      72.72,       0.00,     9505.2,       1.25,       4.32
    0,    14,     6,     136.83,      73.93,       0.00,    13393.9,       1.21,       4.33
    0,    14,     7,     103.72,      77.28,       0.00,    13569.0,       1.25,       4.64
    0,    14,     8,      69.98,     110.44,       0.00,    15157.2,       1.20,       4.26
    0,    14,     9,     112.75,     130.57,       0.00,    18122.3,       1.22,       4.15
    0,    14,    10,      95.05,     137.22,       0.00,     9104.2,       1.20,       4.05
    0,    14,    11,     101.90,     163.46,       0.00,    11963.1,       1.20,       4.10
    0,    15,     1,       8.96,      13.59,       0.00,     4008.4,       1.22,       4.06
    0,    15,     2,      29.28,      30.15,       0.00,    23315.9,       1.27,       4.30
    0,    15,     3,      68.49,      71.76,       0.00,    18696.1,       1.22,       4.55
    0,    15,     4,      43.80,      72.04,       0.00,    12886.3,       1.18,       4.20
    0,    15,     5,      86.16,      73.10,       0.00,     8556.3,       1.16,       4.40
    0,    15,     6,     136.87,      73.97,       0.00,    13447.1,       1.24,       4.32
    0,    15,     7,     103.70,      77.60,       0.00,    12791.8,       1.27,       4.42
    0,    15,     8,      69.99,     110.59,       0.00,    14750.8,       1.16,       4.09
    0,    15,     9,     112.75,     130.64,       0.00,    17959.4,       1.23,       4.16
    0,    15,    10,      95.06,     137.33,       0.00,     8927.7,       1.16,       4.07
    0,    15,    11,     101.87,     163.49,       0.00,    12753.1,       1.19,       4.12
    0,    16,     1,       9.00,      13.72,       0.00,     3620.4,       1.17,       3.80
    0,    16,     2,      29.28,      30.12,       0.00,    23187.6,       1.26,       4.37
    0,    16,     3,      68.48,      71.81,       0.00,    18369.6,       1.25,       4.44
    0,    16,     4,      43.80,      71.79,       0.00,    13242.0,       1.15,       4.49
    0,    16,     5,      86.19,      72.96,       0.00,     9319.7,       1.24,       4.52
    0,    16,     6,     136.84,      73.78,       0.00,    13292.2,       1.25,       4.46
    0,    16,     7,     103.70,      77.64,       0.00,    12313.6,       1.22,       4.42
    0,    16,     8,      69.96,     110.40,       0.00,    15537.1,       1.20,       4.19
    0,    16,     9,     112.72,     130.58,       0.00,    17925.3,       1.21,       4.20
    0,    16,    10,      95.07,     137.47,       0.00,     9016.0,       1.17,       4.21
    0,    16,    11,     101.89,     163.32,       0.00,    11777.1,       1.18,       4.06
    0,    17,     1,       9.09,      13.80,       0.00,     4139.7,       1.23,       4.14
    0,    17,     2,      29.28,      30.16,       0.00,    24303.3,       1.29,       4.39
    0,    17,     3,      68.49,      71.84,       0.00,    17820.4,       1.20,       4.44
    0,    17,     4,      43.79,      71.79,       0.00,    12983.2,       1.16,       4.44
    0,    17,     5,      86.23,      73.03,       0.00,     9372.5,       1.22,       4.27
    0,    17,     6,     136.86,      73.88,       0.00,    13730.6,       1.25,       4.51
    0,    17,     7,     103.75,      77.63,       0.00,    13255.3,       1.28,       4.67
    0,    17,     8,      69.99,     110.24,       0.00,    15905.9,       1.18,       4.33
    0,    17,     9,     112.73,     130.55,       0.00,    17191.7,       1.20,       4.09
    0,    17,    10,      95.01,     137.34,       0.00,     9168.9,       1.22,       4.06
    0,    17,    11,     101.89,     163.35,       0.00,    11404.3,       1.16,       4.05
    0,    18,     1,       9.05,      13.68,       0.00,     3717.5,       1.24,       3.99
    0,    18,     2,      29.28,      30.21,       0.00,    24138.8,       1.28,       4.46
    0,    18,     3,      68.50,      71.66,       0.00,    18131.1,       1.25,       4.48
    0,    18,     4,      43.81,      72.09,       0.00,    11531.9,       1.19,       4.46
    0,    18,     5,      86.18,      72.99,       0.00,     8888.2,       1.23,       4.48
    0,    18,     6,     136.83,      73.92,       0.00,    13022.7,       1.24,       4.33
    0,    18,     7,     103.67,      77.48,       0.00,    12722.7,       1.28,       4.54
    0,    18,     8,      70.01,     110.43,       0.00,    16528.5,       1.22,       4.29
    0,    18,     9,     112.73,     130.43,       0.00,    17932.9,       1.24,       4.17
    0,    18,    10,      95.06,     137.34,       0.00,     9166.9,       1.20,       4.21
    0,    18,    11,     101.87,     163.37,       0.00,    11586.6,       1.21,       4.11
    0,    19,     1,       9.01,      13.49,       0.00,     3799.9,       1.23,       3.99
    0,    19,     2,      29.25,      30.15,       0.00,    24667.6,       1.28,       4.48
    0,    19,     3,      68.49,      71.69,       0.00,    18164.5,       1.21,       4.50
    0,    19,     4,      43.81,      71.97,       0.00,    11760.5,       1.18,       4.39
    0,    19,     5,      86.20,      73.15,       0.00,     9103.3,       1.21,       4.51
    0,    19,     6,     136.83,      73.84,       0.00,    13986.0,       1.25,       4.49
    0,    19,     7,     103.70,      77.37,       0.00,    12983.0,       1.22,       4.70
    0,    19,     8,      70.00,     110.46,       0.00,    16190.6,       1.25,       4.29
    0,    19,     9,     112.71,     130.47,       0.00,    18093.0,       1.22,       4.24
    0,    19,    10,      95.05,     137.50,       0.00,     9312.3,       1.24,       4.12
    0,    19,    11,     101.87,     163.54,       0.00,    11441.2,       1.21,       4.16
    0,    20,     1,       9.10,      13.79,       0.00,     4047.1,       1.28,       4.42
    0,    20,     2,      29.27,      30.13,       0.00,    23540.3,       1.26,       4.45
    0,    20,     3,      68.48,      71.58,       0.00,    18745.2,       1.25,       4.59
    0,    20,     4,      43.81,      71.96,       0.00,    11637.0,       1.22,       4.25
    0,    20,     5,      86.21,      73.02,       0.00,     9613.1,       1.21,       4.51
    0,    20,     6,     136.85,      73.74,       0.00,    13264.7,       1.25,       4.35
    0,    20,     7,     103.71,      77.31,       0.00,    13944.1,       1.27,       4.64
    0,    20,     8,      69.99,     110.46,       0.00,    15600.8,       1.19,       4.18
    0,    20,     9,     112.74,     130.24,       0.00,    17945.5,       1.21,       4.30
    0,    20,    10,      95.00,     137.34,       0.00,     9043.4,       1.18,       4.16
    0,    20,    11,     101.88,     163.45,       0.00,    11486.4,       1.22,       4.30
    0,    21,     1,       9.13,      13.28,       0.00,     4414.0,       1.21,       4.75
    0,    21,     2,      29.26,      30.11,       0.00,    23929.5,       1.28,       4.44
    0,    21,     3,      68.49,      71.67,       0.00,    18976.2,       1.22,       4.65
    0,    21,     4,      43.80,      72.04,       0.00,    11028.6,       1.20,       4.15
    0,    21,     5,      86.22,      73.02,       0.00,     9537.5,       1.23,       4.67
    0,    21,     6,     136.85,      73.88,       0.00,    14594.3,       1.29,       4.58
    0,    21,     7,     103.72,      77.59,       0.00,    12910.7,       1.26,       4.52
    0,    21,     8,      70.00,     110.41,       0.00,    16239.5,       1.21,       4.29
    0,    21,     9,     112.72,     130.42,       0.00,    17459.6,       1.22,       4.24
    0,    21,    10,      95.10,     137.37,       0.00,     9627.4,       1.20,       4.21
    0,    21,    11,     101.88,     163.33,       0.00,    12359.9,       1.23,       4.22
    0,    22,     1,       9.03,      13.66,       0.00,     3952.0,       1.22,       3.73
    0,    22,     2,      29.29,      30.16,       0.00,    24560.2,       1.28,       4.50
    0,    22,     3,      68.47,      71.55,       0.00,    18089.2,       1.23,       4.36
    0,    22,     4,      43.77,      71.66,       0.00,    12289.3,       1.17,       4.56
    0,    22,     5,      86.20,      73.08,       0.00,     8909.2,       1.20,       4.27
    0,    22,     6,     136.86,      73.94,       0.00,    13813.2,       1.24,       4.31
    0,    22,     7,     103.73,      77.25,       0.00,    13412.5,       1.27,       4.70
    0,    22,     8,      69.98,     110.45,       0.00,    15742.0,       1.20,       4.24
    0,    22,     9,     112.73,     130.51,       0.00,    16981.7,       1.17,       4.18
    0,    22,    10,      95.05,     137.24,       0.00,     8683.9,       1.16,       4.08
    0,    22,    11,     101.87,     163.48,       0.00,    11000.3,       1.13,       4.07
    0,    23,     1,       9.02,      13.43,       0.00,     3938.2,       1.24,       4.12
    0,    23,     2,      29.28,      30.19,       0.00,    24694.1,       1.30,       4.50
    0,    23,     3,      68.49,      71.71,       0.00,    18312.0,       1.24,       4.50
    0,    23,     4,      43.83,      71.66,       0.00,    13122.3,       1.22,       4.74
    0,    23,     5,      86.18,      73.01,       0.00,     8751.6,       1.24,       4.29
    0,    23,     6,     136.81,      73.69,       0.00,    13732.2,       1.22,       4.44
    0,    23,     7,     103.73,      77.31,       0.00,    12518.6,       1.19,       4.61
    0,    23,     8,      70.03,     110.49,       0.00,    16350.4,       1.26,       4.30
    0,    23,     9,     112.71,     130.39,       0.00,    17050.5,       1.20,       4.18
    0,    23,    10,      95.07,     137.33,       0.00,     8934.2,       1.14,       4.32
    0,    23,    11,     101.89,     163.54,       0.00,    11644.9,       1.20,       4.17
    0,    24,     1,       9.05,      13.62,       0.00,     3641.4,       1.18,       4.22
    0,    24,     2,      29.28,      30.12,       0.00,    24767.4,       1.28,       4.43
    0,    24,     3,      68.50,      71.67,       0.00,    18187.0,       1.24,       4.47
    0,    24,     4,      43.80,      71.84,       0.00,    12250.4,       1.20,       4.28
    0,    24,     5,      86.18,      72.98,       0.00,     9181.4,       1.22,       4.60
    0,    24,     6,     136.86,      73.86,       0.00,    13219.4,       1.24,       4.45
    0,    24,     7,     103.71,      77.60,       0.00,    12164.6,       1.23,       4.47
    0,    24,     8,      70.05,     110.39,       0.00,    16316.7,       1.21,       4.34
    0,    24,     9,     112.75,     130.25,       0.00,    17644.8,       1.23,       4.36
    0,    24,    10,      95.06,     137.16,       0.00,     8979.5,       1.18,       4.10
    0,    24,    11,     101.91,     163.48,       0.00,    11121.7,       1.18,       3.96
    0,    25,     1,       9.08,      13.51,       0.00,     3692.3,       1.18,       4.11
    0,    25,     2,      29.29,      30.17,       0.00,    24722.8,       1.31,       4.45
    0,    25,     3,      68.51,      71.66,       0.00,    18325.6,       1.24,       4.55
    0,    25,     4,      43.85,      72.05,       0.00,    11591.2,       1.19,       4.35
    0,    25,     5,      86.21,      73.01,       0.00,     9342.6,       1.23,       4.56
    0,    25,     6,     136.91,      73.78,       0.00,    13258.4,       1.26,       4.46
    0,    25,     7,     103.75,      77.23,       0.00,    13172.6,       1.24,       4.69
    0,    25,     8,      69.99,     109.94,       0.00,    16559.7,       1.18,       4.52
    0,    25,     9,     112.73,     130.25,       0.00,    17863.7,       1.19,       4.41
    0,    25,    10,      95.07,     137.44,       0.00,     9131.8,       1.17,       4.05
    0,    25,    11,     101.90,     163.35,       0.00,    11838.6,       1.22,       4.16
    0,    26,     1,       9.00,      13.51,       0.00,     3900.3,       1.17,       4.29
    0,    26,     2,      29.29,      30.26,       0.00,    24040.6,       1.32,       4.29
    0,    26,     3,      43.78,      71.99,       0.00,    11295.8,       1.16,       4.16
    0,    26,     4,      68.53,      71.64,       0.00,    18264.2,       1.21,       4.53
    0,    26,     5,      86.21,      72.94,       0.00,     9013.9,       1.20,       4.42
    0,    26,     6,     136.85,      73.84,       0.00,    13086.7,       1.22,       4.45
    0,    26,     7,     103.73,      77.33,       0.00,    13788.0,       1.24,       4.59
    0,    26,     8,      70.02,     110.49,       0.00,    14916.6,       1.18,       4.30
    0,    26,     9,     112.71,     130.54,       0.00,    17286.3,       1.18,       4.22
    0,    26,    10,      95.03,     137.34,       0.00,     9185.7,       1.21,       4.11
    0,    26,    11,     101.92,     163.48,       0.00,    12009.9,       1.21,       4.23
    0,    27,     1,       9.02,      13.51,       0.00,     3963.0,       1.29,       4.27
    0,    27,     2,      29.27,      30.08,       0.00,    24275.8,       1.29,       4.48
    0,    27,     3,      43.80,      72.04,       0.00,    11726.4,       1.20,       4.07
    0,    27,     4,      68.50,      71.71,       0.00,    18211.7,       1.22,       4.48
    0,    27,     5,      86.18,      72.96,       0.00,     9020.3,       1.21,       4.52
    0,    27,     6,     136.90,      73.86,       0.00,    13583.0,       1.25,       4.52
    0,    27,     7,     103.74,      77.61,       0.00,    12556.1,       1.24,       4.49
    0,    27,     8,      69.99,     110.34,       0.00,    15140.0,       1.17,       4.32
    0,    27,     9,     112.75,     130.69,       0.00,    18017.9,       1.22,       4.32
    0,    27,    10,      95.05,     137.41,       0.00,     9493.3,       1.22,       4.23
    0,    27,    11,     101.88,     163.30,       0.00,    11789.3,       1.20,       4.24
    0,    28,     1,       8.98,      13.94,       0.00,     3564.4,       1.11,       4.03
    0,    28,     2,      29.30,      30.15,       0.00,    24426.7,       1.29,       4.48
    0,    28,     3,      68.48,      71.76,       0.00,    17773.9,       1.24,       4.47
    0,    28,     4,      43.82,      72.17,       0.00,    11167.2,       1.18,       4.27
    0,    28,     5,      86.18,      72.81,       0.00,     9149.5,       1.22,       4.69
    0,    28,     6,     136.83,      73.82,       0.00,    13602.9,       1.23,       4.53
    0,    28,     7,     103.72,      77.50,       0.00,    12785.0,       1.29,       4.39
    0,    28,     8,      70.03,     110.07,       0.00,    16969.5,       1.23,       4.69
    0,    28,     9,     112.72,     130.52,       0.00,    17835.0,       1.21,       4.27
    0,    28,    10,      95.07,     137.29,       0.00,     9037.6,       1.19,       4.25
    0,    28,    11,     101.89,     163.47,       0.00,    11823.9,       1.21,       4.21
    0,    29,     1,       9.05,      13.67,       0.00,     3392.9,       1.13,       3.99
    0,    29,     2,      29.29,      30.13,       0.00,    24284.6,       1.28,       4.48
    0,    29,     3,      43.78,      72.04,       0.00,    11025.1,       1.17,       4.09
    0,    29,     4,      68.49,      71.65,       0.00,    17879.5,       1.21,       4.46
    0,    29,     5,      86.19,      73.04,       0.00,     8456.9,       1.20,       4.37
    0,    29,     6,     136.83,      73.71,       0.00,    13523.0,       1.21,       4.56
    0,    29,     7,     103.75,      77.32,       0.00,    13301.7,       1.22,       4.63
    0,    29,     8,      70.01,     110.20,       0.00,    15931.4,       1.22,       4.44
    0,    29,     9,     112.71,     130.58,       0.00,    16866.7,       1.20,       4.18
    0,    29,    10,      95.03,     137.37,       0.00,     9136.1,       1.18,       4.07
    0,    29,    11,     101.89,     163.38,       0.00,    11651.6,       1.22,       4.15
    0,    30,     1,       8.93,      13.36,       0.00,     3720.2,       1.17,       3.85
    0,    30,     2,      29.28,      30.09,       0.00,    24202.5,       1.29,       4.48
    0,    30,     3,      68.51,      71.65,       0.00,    18403.0,       1.22,       4.55
    0,    30,     4,      43.79,      71.73,       0.00,    12419.4,       1.19,       4.65
    0,    30,     5,      86.19,      72.83,       0.00,     8870.2,       1.22,       4.43
    0,    30,     6,     136.85,      73.93,       0.00,    13357.9,       1.27,       4.44
    0,    30,     7,     103.74,      77.80,       0.00,    13263.7,       1.28,       4.56
    0,    30,     8,      70.01,     110.08,       0.00,    16372.2,       1.23,       4.48
    0,    30,     9,     112.72,     130.60,       0.00,    17319.5,       1.20,       4.17
    0,    30,    10,      95.10,     137.48,       0.00,     9635.3,       1.25,       4.48
    0,    30,    11,     101.91,     163.30,       0.00,    11493.3,       1.20,       4.22
    0,    31,     1,       9.07,      13.41,       0.00,     3846.0,       1.21,       4.07
    0,    31,     2,      29.31,      30.04,       0.00,    23622.2,       1.26,       4.39
    0,    31,     3,      68.49,      71.64,       0.00,    17496.7,       1.22,       4.34
    0,    31,     4,      43.83,      72.19,       0.00,    11633.7,       1.21,       4.23
    0,    31,     5,      86.18,      73.22,       0.00,     9018.3,       1.21,       4.36
    0,    31,     6,     136.83,      73.77,       0.00,    13432.7,       1.21,       4.33
    0,    31,     7,     103.73,      77.31,       0.00,    12528.6,       1.22,       4.51
    0,    31,     8,      69.99,     110.12,       0.00,    16498.4,       1.18,       4.44
    0,    31,     9,     112.72,     130.49,       0.00,    17457.3,       1.20,       4.13
    0,    31,    10,      95.06,     137.43,       0.00,     8872.0,       1.19,       4.17
    0,    31,    11,     101.88,     163.61,       0.00,    12200.0,       1.21,       4.11
    0,    32,     1,       9.04,      13.54,       0.00,     3310.2,       1.12,       3.56
    0,    32,     2,      29.28,      30.09,       0.00,    23910.3,       1.29,       4.39
    0,    32,     3,      68.51,      71.69,       0.00,    17698.4,       1.23,       4.49
    0,    32,     4,      43.79,      72.04,       0.00,    11911.2,       1.24,       4.17
    0,    32,     5,      86.20,      72.97,       0.00,     9043.0,       1.17,       4.53
    0,    32,     6,     136.84,      73.72,       0.00,    13492.2,       1.24,       4.44
    0,    32,     7,     103.71,      77.28,       0.00,    13017.8,       1.27,       4.62
    0,    32,     8,      70.00,     110.45,       0.00,    16330.2,       1.22,       4.26
    0,    32,     9,     112.77,     130.37,       0.00,    18259.0,       1.22,       4.41
    0,    32,    10,      95.04,     137.25,       0.00,     8932.5,       1.20,       4.17
    0,    32,    11,     101.91,     163.45,       0.00,    11544.5,       1.20,       4.04
    0,    33,     1,       9.09,      14.05,       0.00,     3947.0,       1.16,       4.41
    0,    33,     2,      29.27,      30.15,       0.00,    23431.6,       1.26,       4.35
    0,    33,     3,      68.49,      71.68,       0.00,    18118.0,       1.22,       4.49
    0,    33,     4,      43.82,      72.04,       0.00,    11388.5,       1.16,       4.29
    0,    33,     5,     136.84,      73.81,       0.00,    13718.3,       1.20,       4.31
    0,    33,     6,      86.22,      73.02,       0.00,     8801.0,       1.19,       4.38
    0,    33,     7,     103.70,      77.31,       0.00,    12304.5,       1.22,       4.58
    0,    33,     8,      69.98,     110.40,       0.00,    16189.2,       1.20,       4.30
    0,    33,     9,     112.73,     130.61,       0.00,    16737.3,       1.19,       4.12
    0,    33,    10,      95.00,     137.26,       0.00,     8869.4,       1.16,       4.19
    0,    33,    11,     101.89,     163.42,       0.00,    12469.9,       1.23,       4.25
    0,    34,     1,       9.03,      13.87,       0.00,     3503.3,       1.14,       4.01
    0,    34,     2,      29.30,      29.86,       0.00,    24870.1,       1.26,       4.62
    0,    34,     3,      68.47,      71.62,       0.00,    17544.4,       1.20,       4.45
    0,    34,     4,      43.83,      72.18,       0.00,    10936.1,       1.17,       4.28
    0,    34,     5,      86.21,      73.12,       0.00,     9617.3,       1.23,       4.64
    0,    34,     6,     136.86,      73.95,       0.00,    14514.8,       1.24,       4.45
    0,    34,     7,     103.76,      77.35,       0.00,    12536.5,       1.24,       4.52
    0,    34,     8,      69.98,     110.20,       0.00,    17059.8,       1.26,       4.42
    0,    34,     9,     112.74,     130.64,       0.00,    17415.2,       1.24,       4.11
    0,    34,    10,      95.05,     137.43,       0.00,     9411.3,       1.24,       4.11
    0,    34,    11,     101.86,     163.38,       0.00,    11749.8,       1.18,       4.12
    0,    35,     1,       9.11,      13.53,       0.00,     3680.4,       1.23,       4.18
    0,    35,     2,      29.29,      30.08,       0.00,    24005.6,       1.29,       4.39
    0,    35,     3,      43.78,      72.13,       0.00,    11958.9,       1.20,       4.28
    0,    35,     4,      68.51,      71.71,       0.00,    18601.4,       1.23,       4.43
    0,    35,     5,      86.20,      73.02,       0.00,     8482.7,       1.20,       4.35
    0,    35,     6,     136.85,      73.83,       0.00,    13234.3,       1.23,       4.25
    0,    35,     7,     103.76,      77.31,       0.00,    12695.1,       1.22,       4.70
    0,    35,     8,      69.97,     110.32,       0.00,    15743.1,       1.20,       4.19
    0,    35,     9,     112.72,     130.50,       0.00,    16976.8,       1.22,       4.15
    0,    35,    10,      95.03,     137.23,       0.00,     8928.4,       1.18,       4.09
    0,    35,    11,     101.88,     163.51,       0.00,    12242.4,       1.19,       4.13
    0,    36,     1,       9.01,      13.55,       0.00,     3594.7,       1.17,       3.97
    0,    36,     2,      29.30,      30.21,       0.00,    24153.3,       1.28,       4.40
    0,    36,     3,      68.47,      71.65,       0.00,    17492.3,       1.21,       4.38
    0,    36,     4,      43.79,      71.95,       0.00,    11137.6,       1.12,       4.12
    0,    36,     5,      86.23,      73.09,       0.00,     8790.0,       1.21,       4.40
    0,    36,     6,     136.85,      73.74,       0.00,    13291.1,       1.21,       4.45
    0,    36,     7,     103.70,      77.52,       0.00,    12084.9,       1.23,       4.26
    0,    36,     8,      70.02,     110.44,       0.00,    16340.3,       1.20,       4.26
    0,    36,     9,     112.74,     130.52,       0.00,    16944.4,       1.19,       4.13
    0,    36,    10,      95.00,     137.32,       0.00,     9444.3,       1.21,       3.99
    0,    36,    11,     101.88,     163.44,       0.00,    11486.0,       1.19,       4.03
    0,    37,     1,       9.08,      13.96,       0.00,     3564.0,       1.24,       4.13
    0,    37,     2,      29.30,      30.19,       0.00,    23767.6,       1.29,       4.36
    0,    37,     3,      68.49,      71.69,       0.00,    18170.9,       1.23,       4.41
    0,    37,     4,      43.83,      72.06,       0.00,    12083.9,       1.20,       4.21
    0,    37,     5,      86.19,      72.98,       0.00,     9109.4,       1.24,       4.41
    0,    37,     6,     136.82,      73.85,       0.00,    12944.7,       1.17,       4.28
    0,    37,     7,     103.70,      77.55,       0.00,    11731.2,       1.23,       4.30
    0,    37,     8,      70.00,     110.40,       0.00,    15884.8,       1.20,       4.27
    0,    37,     9,     112.73,     130.60,       0.00,    17029.1,       1.20,       4.12
    0,    37,    10,      95.06,     137.36,       0.00,     9232.9,       1.23,       4.19
    0,    37,    11,     101.89,     163.54,       0.00,    11336.7,       1.22,       4.02
    0,    38,     1,       8.98,      13.78,       0.00,     3707.2,       1.16,       4.02
    0,    38,     2,      29.29,      30.05,       0.00,    24455.1,       1.28,       4.42
    0,    38,     3,      68.48,      71.77,       0.00,    17987.5,       1.22,       4.56
    0,    38,     4,      43.78,      71.65,       0.00,    12113.9,       1.13,       4.44
    0,    38,     5,      86.17,      73.10,       0.00,     8995.5,       1.17,       4.27
    0,    38,     6,     136.84,      73.78,       0.00,    13372.6,       1.18,       4.25
    0,    38,     7,     103.68,      77.37,       0.00,    11719.8,       1.19,       4.39
    0,    38,     8,      69.99,     110.40,       0.00,    15313.1,       1.21,       4.14
    0,    38,     9,     112.72,     130.28,       0.00,    16563.4,       1.18,       4.21
    0,    38,    10,      95.07,     137.39,       0.00,     9086.6,       1.21,       4.19
    0,    38,    11,     101.91,     163.44,       0.00,    11525.2,       1.18,       4.18
    0,    39,     1,       9.02,      14.01,       0.00,     3526.3,       1.17,       3.93
    0,    39,     2,      29.29,      30.16,       0.00,    24250.4,       1.28,       4.36
    0,    39,     3,      68.50,      71.73,       0.00,    18130.4,       1.18,       4.47
    0,    39,     4,      43.79,      72.11,       0.00,    11318.3,       1.17,       4.06
    0,    39,     5,      86.21,      73.04,       0.00,     8945.2,       1.16,       4.20
    0,    39,     6,     136.84,      73.83,       0.00,    13707.9,       1.21,       4.30
    0,    39,     7,     103.70,      77.70,       0.00,    11306.7,       1.21,       4.36
    0,    39,     8,      70.02,     110.54,       0.00,    15501.3,       1.19,       4.16
    0,    39,     9,     112.71,     130.24,       0.00,    17572.3,       1.20,       4.18
    0,    39,    10,      95.01,     137.27,       0.00,     8946.8,       1.21,       3.98
    0,    39,    11,     101.94,     163.55,       0.00,    11306.1,       1.23,       4.27
    0,    40,     1,       9.03,      13.73,       0.00,     3776.5,       1.25,       3.79
    0,    40,     2,      29.26,      30.18,       0.00,    24143.6,       1.31,       4.38
    0,    40,     3,      43.77,      72.09,       0.00,    11225.8,       1.17,       4.10
    0,    40,     4,      68.50,      71.76,       0.00,    19091.5,       1.22,       4.50
    0,    40,     5,      86.24,      73.16,       0.00,     9039.3,       1.17,       4.45
    0,    40,     6,     136.84,      73.82,       0.00,    13406.6,       1.24,       4.30
    0,    40,     7,     103.73,      77.36,       0.00,    12455.8,       1.20,       4.69
    0,    40,     8,      70.01,     110.43,       0.00,    16494.7,       1.19,       4.34
    0,    40,     9,     112.71,     130.55,       0.00,    16613.8,       1.20,       4.00
    0,    40,    10,      95.05,     137.28,       0.00,     8716.0,       1.17,       4.14
    0,    40,    11,     101.90,     163.18,       0.00,    11870.2,       1.16,       4.24
    0,    41,     1,       9.09,      13.73,       0.00,     3996.4,       1.29,       4.28
    0,    41,     2,      29.28,      30.20,       0.00,    24015.4,       1.27,       4.40
    0,    41,     3,      43.79,      72.11,       0.00,    11495.6,       1.17,       4.28
    0,    41,     4,      68.51,      71.73,       0.00,    18292.5,       1.22,       4.43
    0,    41,     5,      86.19,      72.90,       0.00,     9039.9,       1.17,       4.50
    0,    41,     6,     136.83,      74.00,       0.00,    13063.8,       1.18,       4.31
    0,    41,     7,     103.69,      77.18,       0.00,    12207.9,       1.19,       4.65
    0,    41,     8,      70.01,     110.40,       0.00,    15049.8,       1.21,       4.16
    0,    41,     9,     112.73,     130.63,       0.00,    17464.1,       1.21,       4.09
    0,    41,    10,      95.06,     137.36,       0.00,     9474.6,       1.20,       4.16
    0,    41,    11,     101.87,     163.32,       0.00,    10910.5,       1.15,       4.03
    0,    42,     1,       8.93,      13.63,       0.00,     3582.6,       1.25,       3.77
    0,    42,     2,      29.28,      30.18,       0.00,    24619.1,       1.28,       4.52
    0,    42,     3,      68.48,      71.74,       0.00,    17806.6,       1.22,       4.40
    0,    42,     4,      43.81,      72.04,       0.00,    11162.6,       1.18,       4.15
    0,    42,     5,      86.17,      72.82,       0.00,     8747.2,       1.19,       4.32
    0,    42,     6,     136.81,      73.73,       0.00,    13095.3,       1.23,       4.39
    0,    42,     7,     103.73,      77.29,       0.00,    12666.9,       1.26,       4.75
    0,    42,     8,      69.99,     110.48,       0.00,    16555.5,       1.21,       4.31
    0,    42,     9,     112.73,     130.61,       0.00,    17710.3,       1.22,       4.23
    0,    42,    10,      95.01,     137.05,       0.00,     8553.5,       1.18,       3.98
    0,    42,    11,     101.89,     163.59,       0.00,    12399.9,       1.22,       4.20
    0,    43,     1,       9.01,      13.53,       0.00,     3425.5,       1.20,       3.62
    0,    43,     2,      29.27,      30.19,       0.00,    23940.0,       1.27,       4.43
    0,    43,     3,      43.83,      72.17,       0.00,    11816.9,       1.18,       4.12
    0,    43,     4,      68.49,      71.61,       0.00,    17887.1,       1.20,       4.55
    0,    43,     5,      86.21,      73.04,       0.00,     8997.6,       1.24,       4.36
    0,    43,     6,     136.81,      73.84,       0.00,    12417.1,       1.18,       4.28
    0,    43,     7,     103.69,      77.35,       0.00,    13129.2,       1.27,       4.73
    0,    43,     8,      70.01,     110.45,       0.00,    16035.6,       1.21,       4.26
    0,    43,     9,     112.71,     130.50,       0.00,    17630.2,       1.18,       4.18
    0,    43,    10,      95.02,     137.29,       0.00,     9386.5,       1.21,       4.17
    0,    43,    11,     101.87,     163.43,       0.00,    11773.6,       1.17,       4.15
    0,    44,     1,       9.08,      14.05,       0.00,     3655.0,       1.24,       4.07
    0,    44,     2,      29.28,      30.15,       0.00,    23717.4,       1.26,       4.38
    0,    44,     3,      68.48,      71.68,       0.00,    17890.4,       1.21,       4.38
    0,    44,     4,      43.83,      72.12,       0.00,    11534.0,       1.16,       4.33
    0,    44,     5,      86.22,      72.98,       0.00,     8678.6,       1.16,       4.34
    0,    44,     6,     136.84,      73.53,       0.00,    13551.3,       1.23,       4.57
    0,    44,     7,     103.68,      77.22,       0.00,    12463.7,       1.23,       4.53
    0,    44,     8,      70.00,     110.52,       0.00,    15805.7,       1.19,       4.18
    0,    44,     9,     112.71,     130.60,       0.00,    17029.4,       1.17,       4.09
    0,    44,    10,      95.05,     137.06,       0.00,     9449.5,       1.22,       4.35
    0,    44,    11,     101.88,     163.52,       0.00,    11668.2,       1.18,       4.01
    0,    45,     1,       9.07,      13.58,       0.00,     3494.6,       1.22,       3.99
    0,    45,     2,      29.29,      30.18,       0.00,    24218.6,       1.26,       4.38
    0,    45,     3,      68.49,      71.68,       0.00,    18591.4,       1.23,       4.50
    0,    45,     4,      43.80,      72.09,       0.00,    11119.2,       1.16,       4.09
    0,    45,     5,      86.22,      73.03,       0.00,     9058.1,       1.23,       4.49
    0,    45,     6,     136.84,      73.91,       0.00,    12770.5,       1.19,       4.29
    0,    45,     7,     103.72,      77.33,       0.00,    12371.2,       1.23,       4.55
    0,    45,     8,      70.00,     110.32,       0.00,    16131.0,       1.25,       4.15
    0,    45,     9,     112.73,     130.65,       0.00,    17400.0,       1.22,       4.12
    0,    45,    10,      95.03,     137.41,       0.00,     9253.0,       1.18,       4.29
    0,    45,    11,     101.88,     163.48,       0.00,    12524.2,       1.19,       4.09
    0,    46,     1,       9.00,      13.60,       0.00,     3351.7,       1.18,       3.85
    0,    46,     2,      29.27,      30.17,       0.00,    24261.6,       1.28,       4.38
    0,    46,     3,      68.50,      71.77,       0.00,    17982.0,       1.21,       4.38
    0,    46,     4,      43.81,      72.04,       0.00,    11591.1,       1.16,       4.34
    0,    46,     5,      86.19,      73.01,       0.00,     8628.3,       1.19,       4.38
    0,    46,     6,     136.84,      73.87,       0.00,    12875.9,       1.22,       4.45
    0,    46,     7,     103.73,      77.58,       0.00,    11972.3,       1.25,       4.47
    0,    46,     8,      70.01,     110.26,       0.00,    16646.0,       1.20,       4.36
    0,    46,     9,     112.70,     130.62,       0.00,    18244.1,       1.23,       4.23
    0,    46,    10,      95.04,     137.35,       0.00,     9177.1,       1.17,       4.06
    0,    46,    11,     101.86,     163.33,       0.00,    12250.8,       1.22,       4.00
