#stackID(UINT32), frameID(UINT32), eventID(UINT32), x0(float), y0(float), z0(float), photon_count0(float), sigmaX0(float), sigmaY0(float) 
    0,     0,     1,       8.76,      14.61,       0.00,     3611.9,       1.91,       1.44
    0,     0,     2,      29.14,      31.02,       0.00,    20669.8,       2.10,       1.48
    0,     0,     3,      68.39,      72.88,       0.00,    13482.7,       1.81,       1.39
    0,     0,     4,      43.66,      73.11,       0.00,    10005.1,       1.93,       1.33
    0,     0,     5,      86.02,      74.10,       0.00,     7547.8,       1.80,       1.44
    0,     0,     6,     136.73,      74.91,       0.00,    10129.9,       1.86,       1.34
    0,     0,     7,     103.61,      78.50,       0.00,    10453.8,       1.74,       1.37
    0,     0,     8,     125.98,      90.41,       0.00,      799.5,       1.34,       1.45
    0,     0,     9,      69.97,     111.41,       0.00,    14250.5,       1.87,       1.39
    0,     0,    10,     112.63,     131.36,       0.00,    16920.3,       1.92,       1.41
    0,     0,    11,      94.90,     138.24,       0.00,     8195.2,       1.87,       1.41
    0,     0,    12,     101.73,     164.36,       0.00,    11144.1,       1.84,       1.36
    0,     1,     1,       8.75,      14.66,       0.00,     3441.6,       1.88,       1.40
    0,     1,     2,      29.11,      31.02,       0.00,    19798.6,       2.05,       1.49
    0,     1,     3,      68.38,      72.91,       0.00,    13545.5,       1.82,       1.41
    0,     1,     4,      43.67,      73.12,       0.00,    10200.1,       1.93,       1.32
    0,     1,     5,      85.94,      74.09,       0.00,     7614.1,       1.77,       1.33
    0,     1,     6,     136.73,      74.87,       0.00,    10389.6,       1.82,       1.39
    0,     1,     7,     103.60,      78.51,       0.00,    10567.2,       1.76,       1.40
    0,     1,     8,     126.04,      90.34,       0.00,      616.7,       1.42,       1.12
    0,     1,     9,      69.99,     111.40,       0.00,    14725.6,       1.94,       1.42
    0,     1,    10,     112.65,     131.37,       0.00,    16951.9,       1.95,       1.43
    0,     1,    11,      94.88,     138.21,       0.00,     8177.0,       1.94,       1.34
    0,     1,    12,     101.73,     164.37,       0.00,    11102.0,       1.85,       1.35
    0,     2,     1,       8.80,      14.67,       0.00,     3164.9,       1.66,       1.35
    0,     2,     2,      29.14,      31.02,       0.00,    19830.9,       2.06,       1.47
    0,     2,     3,      43.70,      73.11,       0.00,    10384.4,       1.96,       1.36
    0,     2,     4,      68.36,      72.87,       0.00,    13122.5,       1.81,       1.37
    0,     2,     5,      85.93,      74.10,       0.00,     7472.7,       1.78,       1.31
    0,     2,     6,     136.74,      74.87,       0.00,    10182.5,       1.86,       1.36
    0,     2,     7,     103.64,      78.52,       0.00,    10819.1,       1.78,       1.44
    0,     2,     8,     125.83,      90.52,       0.00,      648.2,       1.41,       1.26
    0,     2,     9,      69.96,     111.41,       0.00,    14587.0,       1.92,       1.39
    0,     2,    10,     112.63,     131.34,       0.00,    17465.6,       1.94,       1.46
    0,     2,    11,      94.91,     138.23,       0.00,     7896.5,       1.91,       1.39
    0,     2,    12,     101.69,     164.36,       0.00,    10733.3,       1.85,       1.36
    0,     3,     1,       8.72,      14.69,       0.00,     3508.1,       2.04,       1.33
    0,     3,     2,      29.13,      31.04,       0.00,    19987.3,       2.10,       1.46
    0,     3,     3,      43.68,      73.13,       0.00,     9746.3,       1.96,       1.35
    0,     3,     4,      68.33,      72.89,       0.00,    13279.7,       1.85,       1.37
    0,     3,     5,      85.97,      74.05,       0.00,     7379.6,       1.76,       1.31
    0,     3,     6,     136.79,      74.88,       0.00,    10049.8,       1.80,       1.35
    0,     3,     7,     103.57,      78.52,       0.00,    10211.9,       1.74,       1.44
    0,     3,     8,      69.96,     111.44,       0.00,    14024.8,       1.91,       1.42
    0,     3,     9,     112.66,     131.37,       0.00,    18008.6,       1.95,       1.45
    0,     3,    10,      94.87,     138.21,       0.00,     7961.3,       1.88,       1.41
    0,     3,    11,     101.76,     164.36,       0.00,    10286.0,       1.83,       1.32
    0,     4,     1,       8.84,      14.66,       0.00,     3336.2,       1.76,       1.49
    0,     4,     2,      29.11,      31.01,       0.00,    19585.2,       2.05,       1.46
    0,     4,     3,      43.74,      73.13,       0.00,    10078.9,       1.85,       1.33
    0,     4,     4,      68.32,      72.89,       0.00,    13172.8,       1.82,       1.38
    0,     4,     5,      85.95,      74.12,       0.00,     7673.1,       1.76,       1.42
    0,     4,     6,     136.73,      74.88,       0.00,     9894.6,       1.78,       1.36
    0,     4,     7,     103.59,      78.50,       0.00,    10390.8,       1.74,       1.46
    0,     4,     8,      69.94,     111.41,       0.00,    13947.2,       1.91,       1.37
    0,     4,     9,     112.65,     131.36,       0.00,    17281.2,       1.97,       1.40
    0,     4,    10,      94.85,     138.23,       0.00,     7247.5,       1.86,       1.33
    0,     4,    11,     101.69,     164.35,       0.00,    11702.0,       1.85,       1.36
    0,     5,     1,       8.70,      14.62,       0.00,     3525.4,       1.78,       1.49
    0,     5,     2,      29.13,      31.03,       0.00,    19518.1,       2.00,       1.51
    0,     5,     3,      68.32,      72.87,       0.00,    13647.6,       1.82,       1.41
    0,     5,     4,      43.67,      73.12,       0.00,     9355.7,       1.87,       1.32
    0,     5,     5,      86.01,      74.13,       0.00,     7581.5,       1.81,       1.41
    0,     5,     6,     136.72,      74.88,       0.00,    10293.2,       1.81,       1.43
    0,     5,     7,     103.60,      78.53,       0.00,    11072.6,       1.76,       1.40
    0,     5,     8,      70.00,     111.44,       0.00,    13414.9,       1.84,       1.41
    0,     5,     9,     112.61,     131.36,       0.00,    16787.2,       1.93,       1.42
    0,     5,    10,      94.87,     138.23,       0.00,     7499.4,       1.79,       1.36
    0,     5,    11,     101.79,     164.34,       0.00,    10813.8,       1.83,       1.39
    0,     6,     1,       8.92,      14.60,       0.00,     3199.0,       1.76,       1.48
    0,     6,     2,      29.14,      31.02,       0.00,    19110.3,       2.04,       1.45
    0,     6,     3,      68.34,      72.88,       0.00,    13017.1,       1.80,       1.37
    0,     6,     4,      43.69,      73.14,       0.00,     9379.7,       1.91,       1.35
    0,     6,     5,      85.94,      74.08,       0.00,     7448.8,       1.77,       1.37
    0,     6,     6,     136.72,      74.90,       0.00,     9938.2,       1.85,       1.33
    0,     6,     7,     103.61,      78.53,       0.00,    10813.1,       1.74,       1.42
    0,     6,     8,      69.98,     111.41,       0.00,    13380.1,       1.93,       1.38
    0,     6,     9,     112.67,     131.37,       0.00,    16660.0,       1.96,       1.41
    0,     6,    10,      94.91,     138.23,       0.00,     7551.4,       1.93,       1.35
    0,     6,    11,     101.73,     164.38,       0.00,    10640.1,       1.84,       1.35
    0,     7,     1,       8.85,      14.59,       0.00,     3410.4,       1.66,       1.41
    0,     7,     2,      29.14,      31.02,       0.00,    19156.3,       2.02,       1.47
    0,     7,     3,      43.66,      73.08,       0.00,     9639.3,       1.94,       1.35
    0,     7,     4,      68.31,      72.87,       0.00,    13120.1,       1.81,       1.39
    0,     7,     5,      86.02,      74.05,       0.00,     7054.2,       1.68,       1.34
    0,     7,     6,     136.76,      74.88,       0.00,    10068.1,       1.77,       1.40
    0,     7,     7,     103.61,      78.47,       0.00,    10657.4,       1.79,       1.45
    0,     7,     8,      70.04,     111.39,       0.00,    13331.1,       1.84,       1.40
    0,     7,     9,     112.67,     131.36,       0.00,    16761.9,       1.92,       1.42
    0,     7,    10,      94.90,     138.19,       0.00,     7208.0,       1.85,       1.39
    0,     7,    11,     101.67,     164.40,       0.00,    10335.0,       1.80,       1.37
    0,     8,     1,       8.80,      14.71,       0.00,     3168.1,       1.79,       1.36
    0,     8,     2,      29.15,      31.01,       0.00,    19627.2,       2.07,       1.48
    0,     8,     3,      43.69,      73.12,       0.00,     9481.6,       1.85,       1.31
    0,     8,     4,      68.36,      72.88,       0.00,    13006.7,       1.80,       1.37
    0,     8,     5,      85.96,      74.04,       0.00,     7566.6,       1.79,       1.37
    0,     8,     6,     136.70,      74.88,       0.00,    10067.4,       1.85,       1.39
    0,     8,     7,     103.64,      78.49,       0.00,    10610.5,       1.76,       1.48
    0,     8,     8,      69.94,     111.42,       0.00,    13836.6,       1.88,       1.41
    0,     8,     9,     112.63,     131.37,       0.00,    16690.1,       1.94,       1.40
    0,     8,    10,      94.93,     138.24,       0.00,     7600.8,       1.95,       1.41
    0,     8,    11,     101.73,     164.34,       0.00,    10483.6,       1.83,       1.35
    0,     9,     1,       8.75,      14.67,       0.00,     3339.1,       1.94,       1.47
    0,     9,     2,      29.15,      31.03,       0.00,    19516.8,       2.07,       1.46
    0,     9,     3,      43.71,      73.15,       0.00,     9828.9,       1.88,       1.31
    0,     9,     4,      68.33,      72.92,       0.00,    13001.7,       1.82,       1.37
    0,     9,     5,      85.96,      74.07,       0.00,     7448.5,       1.79,       1.36
    0,     9,     6,     136.75,      74.87,       0.00,     9837.0,       1.80,       1.35
    0,     9,     7,     103.65,      78.53,       0.00,     9989.3,       1.75,       1.44
    0,     9,     8,      70.01,     111.42,       0.00,    13396.3,       1.89,       1.42
    0,     9,     9,     112.69,     131.39,       0.00,    15840.1,       1.90,       1.40
    0,     9,    10,      94.90,     138.23,       0.00,     7155.4,       1.83,       1.30
    0,     9,    11,     101.72,     164.34,       0.00,    10463.3,       1.90,       1.34
    0,    10,     1,       8.80,      14.66,       0.00,     3205.6,       1.89,       1.32
    0,    10,     2,      29.15,      31.03,       0.00,    19238.4,       2.04,       1.49
    0,    10,     3,      43.71,      73.11,       0.00,    10549.7,       1.92,       1.34
    0,    10,     4,      68.35,      72.89,       0.00,    13289.9,       1.80,       1.41
    0,    10,     5,      85.96,      74.08,       0.00,     7499.9,       1.69,       1.40
    0,    10,     6,     136.75,      74.87,       0.00,    10032.6,       1.80,       1.36
    0,    10,     7,     103.61,      78.51,       0.00,    10006.1,       1.82,       1.37
    0,    10,     8,      69.97,     111.43,       0.00,    13474.1,       1.88,       1.39
    0,    10,     9,     112.63,     131.37,       0.00,    16269.3,       1.91,       1.42
    0,    10,    10,      94.96,     138.28,       0.00,     7285.2,       1.85,       1.36
    0,    10,    11,     101.69,     164.36,       0.00,    10281.6,       1.77,       1.30
    0,    11,     1,       8.77,      14.72,       0.00,     3067.3,       1.67,       1.38
    0,    11,     2,      29.12,      31.02,       0.00,    18758.8,       2.05,       1.47
    0,    11,     3,      43.71,      73.12,       0.00,     9409.3,       1.88,       1.28
    0,    11,     4,      68.34,      72.88,       0.00,    13158.0,       1.82,       1.38
    0,    11,     5,      85.99,      74.09,       0.00,     7467.7,       1.71,       1.35
    0,    11,     6,     136.71,      74.89,       0.00,     9912.7,       1.78,       1.37
    0,    11,     7,     103.60,      78.48,       0.00,     9778.1,       1.69,       1.42
    0,    11,     8,      69.96,     111.46,       0.00,    13289.0,       1.89,       1.37
    0,    11,     9,     112.64,     131.38,       0.00,    16531.9,       1.94,       1.42
    0,    11,    10,      94.99,     138.26,       0.00,     7532.3,       1.91,       1.36
    0,    11,    11,     101.67,     164.39,       0.00,    10592.4,       1.85,       1.35
    0,    12,     1,       8.80,      14.63,       0.00,     3237.5,       1.88,       1.41
    0,    12,     2,      29.12,      31.02,       0.00,    19173.2,       2.05,       1.45
    0,    12,     3,      68.31,      72.89,       0.00,    13164.5,       1.78,       1.40
    0,    12,     4,      43.60,      73.15,       0.00,     9426.1,       1.87,       1.30
    0,    12,     5,      85.94,      74.08,       0.00,     7595.2,       1.75,       1.35
    0,    12,     6,     136.72,      74.89,       0.00,     9467.9,       1.81,       1.33
    0,    12,     7,     103.62,      78.48,       0.00,    10053.6,       1.74,       1.43
    0,    12,     8,     126.01,      90.21,       0.00,      733.1,       2.05,       1.13
    0,    12,     9,      70.02,     111.41,       0.00,    13106.9,       1.87,       1.37
    0,    12,    10,     112.65,     131.36,       0.00,    16533.4,       1.98,       1.39
    0,    12,    11,      94.90,     138.27,       0.00,     7134.5,       1.84,       1.33
    0,    12,    12,     101.68,     164.34,       0.00,    10039.8,       1.87,       1.33
    0,    13,     1,       8.77,      14.64,       0.00,     3114.1,       1.85,       1.41
    0,    13,     2,      29.14,      31.03,       0.00,    18957.9,       2.06,       1.45
    0,    13,     3,      43.71,      73.15,       0.00,     9838.0,       1.91,       1.29
    0,    13,     4,      68.32,      72.89,       0.00,    13000.6,       1.79,       1.40
    0,    13,     5,      85.94,      74.08,       0.00,     7824.2,       1.81,       1.38
    0,    13,     6,     136.78,      74.89,       0.00,     9826.9,       1.85,       1.34
    0,    13,     7,     103.60,      78.50,       0.00,    10975.6,       1.80,       1.50
    0,    13,     8,      69.98,     111.39,       0.00,    13797.9,       1.93,       1.41
    0,    13,     9,     112.60,     131.36,       0.00,    17061.7,       1.98,       1.39
    0,    13,    10,      94.91,     138.21,       0.00,     7226.0,       1.86,       1.39
    0,    13,    11,     101.71,     164.33,       0.00,    10093.5,       1.83,       1.38
    0,    14,     1,       8.73,      14.76,       0.00,     2999.7,       1.79,       1.39
    0,    14,     2,      29.12,      31.02,       0.00,    18659.1,       2.02,       1.47
    0,    14,     3,      43.71,      73.13,       0.00,     9880.4,       1.86,       1.31
    0,    14,     4,      68.36,      72.89,       0.00,    12573.4,       1.78,       1.35
    0,    14,     5,      85.88,      74.09,       0.00,     7571.6,       1.79,       1.35
    0,    14,     6,     136.73,      74.87,       0.00,    10042.7,       1.86,       1.32
    0,    14,     7,     103.63,      78.51,       0.00,     9957.4,       1.74,       1.40
    0,    14,     8,      70.02,     111.41,       0.00,    12774.9,       1.85,       1.40
    0,    14,     9,     112.62,     131.35,       0.00,    16483.9,       1.92,       1.42
    0,    14,    10,      94.96,     138.26,       0.00,     7411.4,       1.82,       1.32
    0,    14,    11,     101.66,     164.37,       0.00,    10905.3,       1.84,       1.40
    0,    15,     1,       8.82,      14.68,       0.00,     3076.4,       1.76,       1.42
    0,    15,     2,      29.14,      31.03,       0.00,    19398.8,       2.02,       1.49
    0,    15,     3,      43.74,      73.14,       0.00,     9586.7,       1.91,       1.38
    0,    15,     4,      68.34,      72.89,       0.00,    13128.4,       1.84,       1.38
    0,    15,     5,      86.00,      74.11,       0.00,     7799.5,       1.81,       1.38
    0,    15,     6,     136.76,      74.94,       0.00,    10388.1,       1.85,       1.41
    0,    15,     7,     103.64,      78.47,       0.00,    10085.9,       1.72,       1.48
    0,    15,     8,      70.00,     111.41,       0.00,    13339.7,       1.88,       1.41
    0,    15,     9,     112.66,     131.36,       0.00,    16577.4,       1.96,       1.40
    0,    15,    10,      94.93,     138.25,       0.00,     7460.6,       1.86,       1.33
    0,    15,    11,     101.69,     164.37,       0.00,     9811.1,       1.75,       1.31
    0,    16,     1,       8.79,      14.59,       0.00,     3191.3,       1.76,       1.44
    0,    16,     2,      29.11,      31.05,       0.00,    19424.5,       2.05,       1.47
    0,    16,     3,      43.68,      73.09,       0.00,     9967.6,       1.91,       1.36
    0,    16,     4,      68.37,      72.88,       0.00,    12956.7,       1.83,       1.39
    0,    16,     5,      85.97,      74.04,       0.00,     7337.3,       1.69,       1.35
    0,    16,     6,     136.70,      74.91,       0.00,     9664.8,       1.79,       1.33
    0,    16,     7,     103.56,      78.55,       0.00,    10659.3,       1.76,       1.44
    0,    16,     8,     125.76,      90.54,       0.00,      678.1,       1.50,       1.42
    0,    16,     9,      70.00,     111.43,       0.00,    13007.8,       1.87,       1.40
    0,    16,    10,     112.67,     131.36,       0.00,    16488.1,       1.93,       1.42
    0,    16,    11,      94.95,     138.23,       0.00,     7286.2,       1.84,       1.35
    0,    16,    12,     101.71,     164.35,       0.00,    10206.0,       1.82,       1.32
    0,    17,     1,       8.79,      14.63,       0.00,     3060.9,       1.71,       1.40
    0,    17,     2,      29.13,      31.02,       0.00,    18937.6,       2.05,       1.47
    0,    17,     3,      43.69,      73.13,       0.00,     9796.2,       1.91,       1.35
    0,    17,     4,      68.33,      72.91,       0.00,    12710.2,       1.79,       1.42
    0,    17,     5,      86.01,      74.09,       0.00,     7545.4,       1.79,       1.37
    0,    17,     6,     136.74,      74.89,       0.00,    10018.4,       1.83,       1.39
    0,    17,     7,     103.57,      78.55,       0.00,     9956.8,       1.78,       1.42
    0,    17,     8,      69.98,     111.39,       0.00,    13910.8,       1.88,       1.40
    0,    17,     9,     112.62,     131.37,       0.00,    16145.9,       1.89,       1.44
    0,    17,    10,      94.91,     138.19,       0.00,     7746.4,       1.89,       1.39
    0,    17,    11,     101.68,     164.39,       0.00,     9685.7,       1.84,       1.35
    0,    18,     1,       8.69,      14.63,       0.00,     3279.6,       1.83,       1.47
    0,    18,     2,      29.12,      30.99,       0.00,    19024.2,       2.02,       1.47
    0,    18,     3,      68.37,      72.87,       0.00,    12690.0,       1.78,       1.36
    0,    18,     4,      43.68,      73.11,       0.00,    10283.9,       1.92,       1.34
    0,    18,     5,      85.93,      74.09,       0.00,     7280.5,       1.70,       1.37
    0,    18,     6,     136.72,      74.87,       0.00,     9327.1,       1.78,       1.29
    0,    18,     7,     103.57,      78.51,       0.00,    10313.8,       1.75,       1.44
    0,    18,     8,      69.98,     111.40,       0.00,    14038.3,       1.89,       1.45
    0,    18,     9,     112.63,     131.35,       0.00,    16674.0,       1.96,       1.42
    0,    18,    10,      94.95,     138.24,       0.00,     7279.1,       1.82,       1.39
    0,    18,    11,     101.69,     164.37,       0.00,    10387.2,       1.82,       1.38
    0,    19,     1,       8.79,      14.63,       0.00,     2999.8,       1.70,       1.38
    0,    19,     2,      29.09,      31.02,       0.00,    18468.1,       2.03,       1.45
    0,    19,     3,      43.70,      73.08,       0.00,     9763.4,       1.88,       1.34
    0,    19,     4,      68.39,      72.88,       0.00,    12793.5,       1.77,       1.39
    0,    19,     5,      85.94,      74.09,       0.00,     7577.6,       1.74,       1.42
    0,    19,     6,     136.75,      74.88,       0.00,     9765.7,       1.84,       1.36
    0,    19,     7,     103.60,      78.48,       0.00,    10766.9,       1.79,       1.54
    0,    19,     8,      69.96,     111.39,       0.00,    13264.8,       1.89,       1.39
    0,    19,     9,     112.67,     131.35,       0.00,    16329.4,       1.97,       1.39
    0,    19,    10,      94.94,     138.26,       0.00,     7412.1,       1.84,       1.44
    0,    19,    11,     101.72,     164.37,       0.00,     9743.1,       1.79,       1.35
    0,    20,     1,       8.68,      14.64,       0.00,     3396.8,       1.89,       1.48
    0,    20,     2,      29.15,      31.02,       0.00,    18505.6,       2.05,       1.43
    0,    20,     3,      43.67,      73.12,       0.00,     9798.0,       1.93,       1.35
    0,    20,     4,      68.37,      72.88,       0.00,    12788.0,       1.80,       1.39
    0,    20,     5,      85.88,      74.05,       0.00,     7360.9,       1.70,       1.38
    0,    20,     6,     136.75,      74.86,       0.00,    10141.7,       1.82,       1.38
    0,    20,     7,     103.61,      78.50,       0.00,    10219.4,       1.70,       1.39
    0,    20,     8,      70.01,     111.41,       0.00,    13430.9,       1.89,       1.42
    0,    20,     9,     112.68,     131.34,       0.00,    16986.3,       1.95,       1.43
    0,    20,    10,      94.92,     138.25,       0.00,     7323.7,       1.89,       1.36
    0,    20,    11,     101.78,     164.36,       0.00,    10629.9,       1.87,       1.37
    0,    21,     1,       8.61,      14.63,       0.00,     3154.4,       1.84,       1.45
    0,    21,     2,      29.09,      31.01,       0.00,    18201.9,       2.03,       1.43
    0,    21,     3,      43.74,      73.13,       0.00,    10067.8,       1.86,       1.33
    0,    21,     4,      68.36,      72.84,       0.00,    12785.2,       1.84,       1.38
    0,    21,     5,      86.01,      74.04,       0.00,     6805.5,       1.71,       1.36
    0,    21,     6,     136.73,      74.91,       0.00,     9714.2,       1.86,       1.33
    0,    21,     7,     103.62,      78.51,       0.00,    10415.9,       1.77,       1.37
    0,    21,     8,      69.98,     111.43,       0.00,    13402.5,       1.92,       1.41
    0,    21,     9,     112.59,     131.38,       0.00,    16837.5,       2.01,       1.40
    0,    21,    10,      94.88,     138.20,       0.00,     7178.0,       1.82,       1.39
    0,    21,    11,     101.68,     164.35,       0.00,    10305.7,       1.85,       1.35
    0,    22,     1,       8.70,      14.63,       0.00,     3097.4,       1.69,       1.39
    0,    22,     2,      29.09,      31.03,       0.00,    19889.5,       2.07,       1.48
    0,    22,     3,      43.74,      73.11,       0.00,     9369.1,       1.92,       1.32
    0,    22,     4,      68.38,      72.89,       0.00,    12756.2,       1.78,       1.37
    0,    22,     5,      85.99,      74.03,       0.00,     7566.5,       1.78,       1.37
    0,    22,     6,     136.67,      74.91,       0.00,     9917.2,       1.81,       1.38
    0,    22,     7,     103.61,      78.50,       0.00,    10160.2,       1.77,       1.42
    0,    22,     8,      70.04,     111.41,       0.00,    13622.8,       1.88,       1.40
    0,    22,     9,     112.66,     131.37,       0.00,    16095.0,       1.92,       1.41
    0,    22,    10,      94.95,     138.28,       0.00,     7210.6,       1.85,       1.38
    0,    22,    11,     101.72,     164.36,       0.00,    10253.7,       1.84,       1.32
    0,    23,     1,       8.70,      14.75,       0.00,     3006.1,       1.81,       1.37
    0,    23,     2,      29.15,      31.02,       0.00,    19168.1,       2.06,       1.46
    0,    23,     3,      43.66,      73.11,       0.00,     9857.9,       1.90,       1.33
    0,    23,     4,      68.32,      72.88,       0.00,    12659.1,       1.82,       1.39
    0,    23,     5,      85.98,      74.10,       0.00,     7288.4,       1.78,       1.34
    0,    23,     6,     136.73,      74.89,       0.00,    10892.9,       1.81,       1.40
    0,    23,     7,     103.61,      78.53,       0.00,    10243.6,       1.77,       1.44
    0,    23,     8,      70.02,     111.41,       0.00,    13567.6,       1.92,       1.33
    0,    23,     9,     112.64,     131.36,       0.00,    16990.1,       1.99,       1.39
    0,    23,    10,      94.96,     138.28,       0.00,     7513.9,       1.97,       1.36
    0,    23,    11,     101.70,     164.39,       0.00,    10078.5,       1.80,       1.33
    0,    24,     1,       8.75,      14.72,       0.00,     3049.8,       1.83,       1.36
    0,    24,     2,      29.13,      31.02,       0.00,    19013.4,       2.05,       1.46
    0,    24,     3,      51.12,      46.10,       0.00,      595.5,       0.94,       1.69
    0,    24,     4,      43.72,      73.15,       0.00,    10320.8,       1.93,       1.34
    0,    24,     5,      68.34,      72.90,       0.00,    12602.4,       1.84,       1.35
    0,    24,     6,      85.91,      74.07,       0.00,     7528.2,       1.66,       1.38
    0,    24,     7,     136.66,      74.89,       0.00,    10273.2,       1.79,       1.36
    0,    24,     8,     103.61,      78.51,       0.00,     9850.8,       1.79,       1.41
    0,    24,     9,      70.00,     111.41,       0.00,    12547.4,       1.90,       1.35
    0,    24,    10,     112.65,     131.38,       0.00,    16463.8,       1.95,       1.41
    0,    24,    11,      94.90,     138.23,       0.00,     7475.3,       1.84,       1.34
    0,    24,    12,     101.70,     164.38,       0.00,     9873.9,       1.83,       1.29
    0,    25,     1,       8.89,      14.65,       0.00,     3033.7,       1.82,       1.43
    0,    25,     2,      29.12,      31.04,       0.00,    18732.9,       2.08,       1.43
    0,    25,     3,      43.67,      73.18,       0.00,    10194.4,       1.91,       1.30
    0,    25,     4,      68.38,      72.89,       0.00,    12839.3,       1.89,       1.36
    0,    25,     5,      85.97,      74.11,       0.00,     7279.6,       1.74,       1.33
    0,    25,     6,     136.72,      74.92,       0.00,    10517.8,       1.86,       1.35
    0,    25,     7,     103.60,      78.51,       0.00,    10388.3,       1.78,       1.39
    0,    25,     8,     126.56,      90.38,       0.00,      508.9,       1.17,       1.34
    0,    25,     9,      69.96,     111.43,       0.00,    13695.1,       1.86,       1.38
    0,    25,    10,     112.67,     131.38,       0.00,    15874.4,       1.95,       1.40
    0,    25,    11,      94.96,     138.27,       0.00,     6936.1,       2.00,       1.33
    0,    25,    12,     101.70,     164.41,       0.00,    10483.5,       1.88,       1.33
    0,    26,     1,       8.56,      14.65,       0.00,     2777.3,       1.79,       1.29
    0,    26,     2,      29.14,      31.03,       0.00,    18682.3,       2.05,       1.44
    0,    26,     3,      43.76,      73.14,       0.00,     9894.7,       1.90,       1.31
    0,    26,     4,      68.34,      72.89,       0.00,    12609.8,       1.80,       1.37
    0,    26,     5,      85.94,      74.08,       0.00,     6874.1,       1.78,       1.35
    0,    26,     6,     136.69,      74.90,       0.00,    10551.5,       1.85,       1.38
    0,    26,     7,     103.58,      78.52,       0.00,    10168.0,       1.77,       1.42
    0,    26,     8,      69.99,     111.45,       0.00,    13809.3,       1.91,       1.42
    0,    26,     9,     112.68,     131.39,       0.00,    16533.1,       1.99,       1.38
    0,    26,    10,      94.94,     138.25,       0.00,     7209.8,       1.82,       1.34
    0,    26,    11,     101.71,     164.36,       0.00,    10562.3,       1.90,       1.32
    0,    27,     1,       8.71,      14.62,       0.00,     2926.7,       1.71,       1.37
    0,    27,     2,      29.14,      31.06,       0.00,    18487.0,       2.07,       1.40
    0,    27,     3,      68.36,      72.86,       0.00,    13041.6,       1.82,       1.36
    0,    27,     4,      43.63,      73.15,       0.00,     9811.0,       1.90,       1.32
    0,    27,     5,      85.89,      74.11,       0.00,     7230.1,       1.82,       1.30
    0,    27,     6,     136.74,      74.91,       0.00,     9871.1,       1.77,       1.37
    0,    27,     7,     103.61,      78.51,       0.00,    10171.4,       1.76,       1.40
    0,    27,     8,      70.01,     111.38,       0.00,    12831.4,       1.89,       1.40
    0,    27,     9,     112.64,     131.39,       0.00,    16227.4,       1.99,       1.39
    0,    27,    10,      94.91,     138.25,       0.00,     7597.5,       1.87,       1.40
    0,    27,    11,     101.68,     164.40,       0.00,    10778.7,       1.88,       1.33
    0,    28,     1,       8.75,      14.70,       0.00,     3179.7,       1.83,       1.42
    0,    28,     2,      29.13,      31.05,       0.00,    18305.5,       2.01,       1.44
    0,    28,     3,      43.67,      73.13,       0.00,     9309.0,       1.91,       1.30
    0,    28,     4,      68.34,      72.90,       0.00,    12866.3,       1.84,       1.33
    0,    28,     5,      85.96,      74.11,       0.00,     6526.5,       1.78,       1.42
    0,    28,     6,     136.71,      74.91,       0.00,    10225.5,       1.81,       1.35
    0,    28,     7,     103.59,      78.51,       0.00,     9992.4,       1.79,       1.42
    0,    28,     8,      69.98,     111.42,       0.00,    12898.2,       1.93,       1.37
    0,    28,     9,     112.65,     131.36,       0.00,    16218.8,       1.95,       1.40
    0,    28,    10,      94.90,     138.22,       0.00,     7199.9,       1.90,       1.35
    0,    28,    11,     101.66,     164.38,       0.00,    10150.9,       1.88,       1.31
    0,    29,     1,       8.70,      14.69,       0.00,     3330.0,       1.77,       1.48
    0,    29,     2,      29.10,      31.06,       0.00,    18263.8,       2.07,       1.42
    0,    29,     3,      43.74,      73.11,       0.00,     9334.4,       1.89,       1.33
    0,    29,     4,      68.35,      72.89,       0.00,    12983.8,       1.81,       1.37
    0,    29,     5,      86.01,      74.09,       0.00,     6987.7,       1.78,       1.39
    0,    29,     6,     136.73,      74.93,       0.00,    10026.4,       1.83,       1.32
    0,    29,     7,     103.60,      78.50,       0.00,    10196.6,       1.82,       1.38
    0,    29,     8,      70.05,     111.40,       0.00,    14052.5,       1.88,       1.41
    0,    29,     9,     112.67,     131.34,       0.00,    15776.1,       1.91,       1.41
    0,    29,    10,      94.96,     138.25,       0.00,     6875.1,       1.78,       1.32
    0,    29,    11,     101.69,     164.38,       0.00,    11028.8,       1.82,       1.36
    0,    30,     1,       8.77,      14.71,       0.00,     3254.6,       1.92,       1.40
    0,    30,     2,      29.10,      31.02,       0.00,    18282.2,       2.05,       1.44
    0,    30,     3,      51.20,      46.69,       0.00,      628.8,       1.00,       1.81
    0,    30,     4,      43.63,      73.14,       0.00,     9270.1,       1.88,       1.32
    0,    30,     5,      68.36,      72.88,       0.00,    12570.1,       1.87,       1.41
    0,    30,     6,      85.99,      74.10,       0.00,     7033.2,       1.77,       1.37
    0,    30,     7,     136.73,      74.91,       0.00,    10585.4,       1.83,       1.37
    0,    30,     8,     103.62,      78.54,       0.00,    10336.8,       1.78,       1.39
    0,    30,     9,      70.00,     111.41,       0.00,    13821.4,       1.90,       1.39
    0,    30,    10,     112.64,     131.38,       0.00,    15960.2,       1.91,       1.41
    0,    30,    11,      94.93,     138.26,       0.00,     7458.9,       1.89,       1.31
    0,    30,    12,     101.65,     164.39,       0.00,    11154.6,       1.85,       1.37
    0,    31,     1,       8.66,      14.56,       0.00,     3246.5,       1.84,       1.33
    0,    31,     2,      29.09,      31.07,       0.00,    18656.2,       2.06,       1.44
    0,    31,     3,      43.68,      73.09,       0.00,     9592.6,       1.87,       1.32
    0,    31,     4,      68.33,      72.87,       0.00,    12836.4,       1.86,       1.38
    0,    31,     5,     136.71,      74.91,       0.00,    10337.1,       1.85,       1.33
    0,    31,     6,      86.01,      74.06,       0.00,     6436.7,       1.84,       1.33
    0,    31,     7,     103.59,      78.50,       0.00,    10189.9,       1.81,       1.40
    0,    31,     8,      70.02,     111.41,       0.00,    14045.5,       1.87,       1.40
    0,    31,     9,     112.62,     131.36,       0.00,    16446.3,       1.92,       1.43
    0,    31,    10,      94.95,     138.25,       0.00,     7376.3,       1.93,       1.37
    0,    31,    11,     101.73,     164.36,       0.00,    10620.8,       1.86,       1.36
    0,    32,     1,       8.73,      14.67,       0.00,     3073.1,       1.83,       1.31
    0,    32,     2,      29.11,      31.05,       0.00,    18992.4,       2.10,       1.43
    0,    32,     3,      68.33,      72.86,       0.00,    12810.1,       1.86,       1.34
    0,    32,     4,      43.67,      73.13,       0.00,     9911.1,       1.91,       1.28
    0,    32,     5,      86.01,      74.09,       0.00,     7125.0,       1.81,       1.35
    0,    32,     6,     136.72,      74.90,       0.00,    10331.2,       1.85,       1.35
    0,    32,     7,     103.63,      78.51,       0.00,    10178.8,       1.80,       1.42
    0,    32,     8,      70.04,     111.41,       0.00,    13787.3,       1.89,       1.38
    0,    32,     9,     112.65,     131.37,       0.00,    16122.8,       1.94,       1.39
    0,    32,    10,      94.94,     138.25,       0.00,     7139.7,       1.85,       1.37
    0,    32,    11,     101.69,     164.36,       0.00,    10557.7,       1.87,       1.30
    0,    33,     1,       8.73,      14.74,       0.00,     3275.1,       1.83,       1.42
    0,    33,     2,      29.12,      31.06,       0.00,    18603.9,       2.07,       1.42
    0,    33,     3,      43.68,      73.11,       0.00,     9991.8,       1.96,       1.32
    0,    33,     4,      68.37,      72.88,       0.00,    12854.3,       1.88,       1.38
    0,    33,     5,      85.98,      74.09,       0.00,     6643.3,       1.73,       1.30
    0,    33,     6,     136.73,      74.93,       0.00,    10238.9,       1.81,       1.31
    0,    33,     7,     103.62,      78.50,       0.00,    10998.3,       1.80,       1.47
    0,    33,     8,      70.01,     111.41,       0.00,    13923.3,       1.88,       1.38
    0,    33,     9,     112.63,     131.39,       0.00,    15708.6,       1.99,       1.36
    0,    33,    10,      94.90,     138.23,       0.00,     7004.0,       1.90,       1.31
    0,    33,    11,     101.74,     164.39,       0.00,    10607.1,       1.88,       1.33
    0,    34,     1,       8.75,      14.69,       0.00,     3087.5,       1.73,       1.45
    0,    34,     2,      29.09,      31.05,       0.00,    18640.0,       2.08,       1.43
    0,    34,     3,      68.36,      72.89,       0.00,    12612.6,       1.84,       1.35
    0,    34,     4,      43.71,      73.16,       0.00,     9699.1,       1.91,       1.29
    0,    34,     5,      85.96,      74.12,       0.00,     6894.8,       1.78,       1.35
    0,    34,     6,     136.75,      74.92,       0.00,     9825.7,       1.77,       1.37
    0,    34,     7,     103.54,      78.52,       0.00,    10790.0,       1.81,       1.44
    0,    34,     8,      70.04,     111.42,       0.00,    13894.2,       1.93,       1.39
    0,    34,     9,     112.61,     131.39,       0.00,    15830.8,       1.97,       1.37
    0,    34,    10,      94.99,     138.24,       0.00,     7258.6,       1.88,       1.36
    0,    34,    11,     101.71,     164.39,       0.00,    10577.1,       1.79,       1.34
    0,    35,     1,       8.75,      14.59,       0.00,     3203.0,       1.80,       1.34
    0,    35,     2,      29.11,      31.06,       0.00,    18520.2,       2.08,       1.41
    0,    35,     3,      43.63,      73.18,       0.00,     9598.7,       1.95,       1.30
    0,    35,     4,      68.36,      72.87,       0.00,    12689.6,       1.93,       1.36
    0,    35,     5,      85.93,      74.10,       0.00,     7577.8,       1.83,       1.39
    0,    35,     6,     136.76,      74.94,       0.00,     9936.1,       1.81,       1.33
    0,    35,     7,     103.56,      78.52,       0.00,    10198.6,       1.73,       1.37
    0,    35,     8,      70.02,     111.43,       0.00,    13597.0,       1.90,       1.37
    0,    35,     9,     112.70,     131.34,       0.00,    16761.9,       1.98,       1.39
    0,    35,    10,      94.92,     138.28,       0.00,     7050.0,       1.96,       1.34
    0,    35,    11,     101.69,     164.39,       0.00,    11015.9,       1.92,       1.31
    0,    36,     1,       8.79,      14.65,       0.00,     3385.3,       1.80,       1.39
    0,    36,     2,      29.09,      31.04,       0.00,    18859.4,       2.08,       1.45
    0,    36,     3,      43.72,      73.16,       0.00,     9358.1,       1.90,       1.32
    0,    36,     4,      68.35,      72.90,       0.00,    12524.2,       1.81,       1.36
    0,    36,     5,      85.95,      74.11,       0.00,     6946.1,       1.80,       1.33
    0,    36,     6,     136.71,      74.92,       0.00,    10360.0,       1.85,       1.37
    0,    36,     7,     103.58,      78.55,       0.00,    10114.2,       1.75,       1.36
    0,    36,     8,      70.07,     111.41,       0.00,    13522.1,       1.90,       1.42
    0,    36,     9,     112.67,     131.37,       0.00,    16608.4,       1.93,       1.41
    0,    36,    10,      94.90,     138.24,       0.00,     7474.8,       1.97,       1.36
    0,    36,    11,     101.70,     164.37,       0.00,     9484.5,       1.83,       1.31
    0,    37,     1,       8.77,      14.70,       0.00,     3274.5,       1.86,       1.32
    0,    37,     2,      29.13,      31.03,       0.00,    18815.5,       2.03,       1.43
    0,    37,     3,      43.66,      73.15,       0.00,     8709.4,       1.89,       1.32
    0,    37,     4,      68.37,      72.87,       0.00,    12694.2,       1.83,       1.37
    0,    37,     5,      85.95,      74.07,       0.00,     7427.9,       1.77,       1.36
    0,    37,     6,     136.76,      74.91,       0.00,     9627.0,       1.82,       1.33
    0,    37,     7,     103.62,      78.53,       0.00,    10761.7,       1.79,       1.38
    0,    37,     8,      70.07,     111.41,       0.00,    13300.9,       1.88,       1.39
    0,    37,     9,     112.62,     131.37,       0.00,    16123.7,       1.95,       1.40
    0,    37,    10,      94.98,     138.22,       0.00,     6907.5,       1.91,       1.31
    0,    37,    11,     101.65,     164.40,       0.00,     9547.8,       1.92,       1.29
    0,    38,     1,       8.82,      14.64,       0.00,     2895.4,       1.72,       1.37
    0,    38,     2,      29.08,      31.05,       0.00,    18891.3,       2.08,       1.44
    0,    38,     3,      43.72,      73.16,       0.00,     9413.6,       1.89,       1.30
    0,    38,     4,      68.30,      72.89,       0.00,    12411.0,       1.87,       1.34
    0,    38,     5,      85.88,      74.08,       0.00,     7798.4,       1.83,       1.35
    0,    38,     6,     136.74,      74.88,       0.00,    10335.0,       1.90,       1.37
    0,    38,     7,     103.58,      78.55,       0.00,    10390.8,       1.81,       1.38
    0,    38,     8,      70.06,     111.40,       0.00,    13458.4,       1.90,       1.42
    0,    38,     9,     112.60,     131.39,       0.00,    16281.6,       1.97,       1.38
    0,    38,    10,      94.96,     138.32,       0.00,     7665.6,       1.86,       1.34
    0,    38,    11,     101.65,     164.40,       0.00,     9913.9,       1.92,       1.31
    0,    39,     1,       8.67,      14.59,       0.00,     3284.4,       1.90,       1.32
    0,    39,     2,      29.11,      31.04,       0.00,    18783.4,       2.08,       1.45
    0,    39,     3,      43.67,      73.14,       0.00,     8846.1,       1.88,       1.29
    0,    39,     4,      68.37,      72.90,       0.00,    12538.7,       1.84,       1.35
    0,    39,     5,      85.95,      74.09,       0.00,     7187.6,       1.74,       1.32
    0,    39,     6,     136.72,      74.90,       0.00,     9791.1,       1.80,       1.31
    0,    39,     7,     103.58,      78.52,       0.00,     9978.9,       1.75,       1.35
    0,    39,     8,      70.02,     111.41,       0.00,    13393.6,       1.87,       1.40
    0,    39,     9,     112.61,     131.38,       0.00,    16053.8,       1.95,       1.40
    0,    39,    10,      94.87,     138.25,       0.00,     7048.4,       1.89,       1.32
    0,    39,    11,     101.70,     164.33,       0.00,     9674.7,       1.84,       1.34
    0,    40,     1,       8.72,      14.64,       0.00,     3014.0,       1.87,       1.32
    0,    40,     2,      29.07,      31.05,       0.00,    19023.2,       2.10,       1.42
    0,    40,     3,      43.71,      73.14,       0.00,     9681.4,       1.92,       1.26
    0,    40,     4,      68.33,      72.92,       0.00,    12601.7,       1.81,       1.36
    0,    40,     5,      85.91,      74.10,       0.00,     7505.8,       1.72,       1.37
    0,    40,     6,     136.74,      74.94,       0.00,     9407.8,       1.91,       1.32
    0,    40,     7,     103.54,      78.56,       0.00,    10478.0,       1.84,       1.41
    0,    40,     8,      70.04,     111.40,       0.00,    14170.0,       1.90,       1.41
    0,    40,     9,     112.64,     131.37,       0.00,    16746.6,       2.01,       1.37
    0,    40,    10,      94.85,     138.27,       0.00,     7106.5,       1.83,       1.36
    0,    40,    11,     101.67,     164.39,       0.00,     9949.0,       1.89,       1.31
    0,    41,     1,       8.78,      14.67,       0.00,     3037.9,       1.74,       1.39
    0,    41,     2,      29.09,      31.03,       0.00,    18648.0,       2.06,       1.45
    0,    41,     3,      43.67,      73.13,       0.00,     9006.7,       1.91,       1.28
    0,    41,     4,      68.35,      72.90,       0.00,    12333.0,       1.88,       1.34
    0,    41,     5,      85.92,      74.11,       0.00,     7513.9,       1.84,       1.37
    0,    41,     6,     136.67,      74.92,       0.00,     9421.0,       1.85,       1.33
    0,    41,     7,     103.60,      78.56,       0.00,    10259.2,       1.75,       1.43
    0,    41,     8,      70.02,     111.43,       0.00,    13543.2,       1.87,       1.39
    0,    41,     9,     112.71,     131.36,       0.00,    16631.6,       1.96,       1.39
    0,    41,    10,      94.94,     138.23,       0.00,     7350.4,       1.94,       1.31
    0,    41,    11,     101.71,     164.39,       0.00,    10521.9,       1.86,       1.29
    0,    42,     1,       8.78,      14.67,       0.00,     3037.9,       1.74,       1.39
    0,    42,     2,      29.09,      31.03,       0.00,    18648.0,       2.06,       1.45
    0,    42,     3,      43.67,      73.13,       0.00,     9006.7,       1.91,       1.28
    0,    42,     4,      68.35,      72.90,       0.00,    12333.0,       1.88,       1.34
    0,    42,     5,      85.92,      74.11,       0.00,     7513.9,       1.84,       1.37
    0,    42,     6,     136.67,      74.92,       0.00,     9421.0,       1.85,       1.33
    0,    42,     7,     103.60,      78.56,       0.00,    10259.2,       1.75,       1.43
    0,    42,     8,      70.02,     111.43,       0.00,    13543.2,       1.87,       1.39
    0,    42,     9,     112.71,     131.36,       0.00,    16631.6,       1.96,       1.39
    0,    42,    10,      94.94,     138.23,       0.00,     7350.4,       1.94,       1.31
    0,    42,    11,     101.71,     164.39,       0.00,    10521.9,       1.86,       1.29
