#stackID(UINT32), frameID(UINT32), eventID(UINT32), x0(float), y0(float), z0(float), photon_count0(float), sigmaX0(float), sigmaY0(float) 
    0,     0,     1,       8.35,      14.76,       0.00,     2317.0,       1.95,       1.29
    0,     0,     2,      28.94,      31.11,       0.00,    14677.1,       2.26,       1.30
    0,     0,     3,      68.15,      72.99,       0.00,    10846.4,       2.05,       1.24
    0,     0,     4,      43.50,      73.22,       0.00,     8008.2,       2.22,       1.16
    0,     0,     5,      85.77,      74.21,       0.00,     5410.3,       2.06,       1.19
    0,     0,     6,     136.60,      75.01,       0.00,     7647.3,       2.06,       1.21
    0,     0,     7,     103.48,      78.58,       0.00,     8599.5,       2.07,       1.20
    0,     0,     8,      69.81,     111.53,       0.00,    10942.7,       2.20,       1.23
    0,     0,     9,     112.51,     131.47,       0.00,    13706.7,       2.17,       1.26
    0,     0,    10,      94.77,     138.33,       0.00,     5693.2,       2.06,       1.23
    0,     0,    11,     101.56,     164.47,       0.00,     8787.7,       2.10,       1.21
    0,     1,     1,       8.47,      14.77,       0.00,     2560.7,       2.20,       1.25
    0,     1,     2,      28.94,      31.10,       0.00,    14704.1,       2.29,       1.29
    0,     1,     3,      68.19,      72.98,       0.00,    10912.0,       2.14,       1.22
    0,     1,     4,      43.47,      73.24,       0.00,     7693.3,       2.16,       1.15
    0,     1,     5,      85.86,      74.19,       0.00,     5111.4,       1.93,       1.13
    0,     1,     6,     136.60,      75.01,       0.00,     7537.0,       2.18,       1.18
    0,     1,     7,     103.48,      78.62,       0.00,     8466.4,       2.08,       1.26
    0,     1,     8,      69.85,     111.54,       0.00,    10784.5,       2.14,       1.21
    0,     1,     9,     112.53,     131.49,       0.00,    13539.6,       2.19,       1.24
    0,     1,    10,      94.87,     138.30,       0.00,     5920.4,       2.15,       1.24
    0,     1,    11,     101.58,     164.45,       0.00,     8124.6,       2.06,       1.18
    0,     2,     1,       8.59,      14.63,       0.00,     2288.2,       1.99,       1.22
    0,     2,     2,      28.95,      31.12,       0.00,    14472.2,       2.29,       1.28
    0,     2,     3,      68.19,      72.98,       0.00,    10768.9,       2.03,       1.22
    0,     2,     4,      43.48,      73.26,       0.00,     7721.5,       2.17,       1.23
    0,     2,     5,      85.77,      74.23,       0.00,     5476.6,       2.01,       1.23
    0,     2,     6,     136.61,      75.01,       0.00,     7770.5,       2.10,       1.21
    0,     2,     7,     103.44,      78.62,       0.00,     8166.8,       2.05,       1.20
    0,     2,     8,      69.85,     111.53,       0.00,    10870.8,       2.22,       1.23
    0,     2,     9,     112.51,     131.49,       0.00,    12838.4,       2.15,       1.23
    0,     2,    10,      94.82,     138.33,       0.00,     6501.0,       2.06,       1.25
    0,     2,    11,     101.53,     164.48,       0.00,     8235.6,       2.07,       1.19
    0,     3,     1,       8.67,      14.79,       0.00,     2407.9,       2.24,       1.19
    0,     3,     2,      29.00,      31.11,       0.00,    14022.6,       2.26,       1.25
    0,     3,     3,      68.16,      72.97,       0.00,    10862.6,       2.13,       1.23
    0,     3,     4,      43.56,      73.24,       0.00,     7709.5,       2.13,       1.16
    0,     3,     5,      85.83,      74.16,       0.00,     5538.8,       2.00,       1.15
    0,     3,     6,     136.59,      75.02,       0.00,     7620.0,       2.06,       1.20
    0,     3,     7,     103.44,      78.62,       0.00,     7893.4,       2.13,       1.17
    0,     3,     8,      69.77,     111.52,       0.00,    10542.1,       2.06,       1.24
    0,     3,     9,     112.50,     131.49,       0.00,    12702.4,       2.15,       1.23
    0,     3,    10,      94.80,     138.35,       0.00,     5672.0,       2.09,       1.20
    0,     3,    11,     101.55,     164.47,       0.00,     8329.6,       2.18,       1.14
    0,     4,     1,       8.42,      14.73,       0.00,     2173.2,       2.04,       1.10
    0,     4,     2,      29.00,      31.14,       0.00,    14218.2,       2.29,       1.26
    0,     4,     3,      43.54,      73.23,       0.00,     8656.2,       2.24,       1.20
    0,     4,     4,      68.16,      73.04,       0.00,     9996.1,       2.06,       1.24
    0,     4,     5,      85.76,      74.21,       0.00,     5717.6,       2.06,       1.17
    0,     4,     6,     136.53,      74.98,       0.00,     7396.9,       2.08,       1.20
    0,     4,     7,     103.45,      78.62,       0.00,     8092.2,       2.08,       1.21
    0,     4,     8,      69.82,     111.53,       0.00,    10386.0,       2.15,       1.21
    0,     4,     9,     112.52,     131.48,       0.00,    13389.4,       2.21,       1.24
    0,     4,    10,      94.72,     138.38,       0.00,     5827.8,       2.07,       1.13
    0,     4,    11,     101.54,     164.44,       0.00,     8441.7,       2.15,       1.20
    0,     5,     1,       8.52,      14.77,       0.00,     2190.1,       2.27,       1.14
    0,     5,     2,      28.94,      31.12,       0.00,    14643.1,       2.33,       1.28
    0,     5,     3,      43.50,      73.21,       0.00,     7930.5,       2.23,       1.23
    0,     5,     4,      68.15,      72.99,       0.00,    10368.9,       2.07,       1.23
    0,     5,     5,      85.87,      74.17,       0.00,     5588.5,       2.06,       1.21
    0,     5,     6,     136.63,      75.02,       0.00,     7920.0,       2.17,       1.20
    0,     5,     7,     103.39,      78.61,       0.00,     8042.1,       2.00,       1.22
    0,     5,     8,      69.78,     111.53,       0.00,    10642.0,       2.13,       1.26
    0,     5,     9,     112.54,     131.48,       0.00,    13633.4,       2.20,       1.27
    0,     5,    10,      94.82,     138.29,       0.00,     5589.8,       2.08,       1.18
    0,     5,    11,     101.55,     164.44,       0.00,     8139.7,       2.10,       1.21
    0,     6,     1,       8.71,      14.78,       0.00,     2196.8,       2.04,       1.22
    0,     6,     2,      28.92,      31.12,       0.00,    14395.4,       2.33,       1.28
    0,     6,     3,      68.15,      72.98,       0.00,    10283.0,       2.08,       1.22
    0,     6,     4,      43.50,      73.25,       0.00,     7854.8,       2.25,       1.17
    0,     6,     5,      85.79,      74.21,       0.00,     5940.5,       2.09,       1.17
    0,     6,     6,     136.66,      75.00,       0.00,     7409.0,       2.06,       1.15
    0,     6,     7,     103.52,      78.62,       0.00,     8051.9,       1.98,       1.20
    0,     6,     8,      69.81,     111.53,       0.00,    10781.9,       2.20,       1.27
    0,     6,     9,     112.54,     131.48,       0.00,    13048.2,       2.17,       1.23
    0,     6,    10,      94.82,     138.32,       0.00,     5268.5,       2.09,       1.19
    0,     6,    11,     101.49,     164.50,       0.00,     8443.6,       2.16,       1.21
    0,     7,     1,       8.43,      14.78,       0.00,     2319.9,       1.96,       1.22
    0,     7,     2,      28.92,      31.15,       0.00,    13981.4,       2.28,       1.27
    0,     7,     3,      68.16,      73.02,       0.00,    10360.9,       2.15,       1.24
    0,     7,     4,      43.52,      73.23,       0.00,     7520.9,       2.16,       1.17
    0,     7,     5,      85.74,      74.19,       0.00,     6040.7,       2.18,       1.19
    0,     7,     6,     136.59,      75.04,       0.00,     7244.0,       2.12,       1.20
    0,     7,     7,     103.47,      78.61,       0.00,     8126.3,       2.00,       1.19
    0,     7,     8,      69.81,     111.48,       0.00,    10503.5,       2.20,       1.23
    0,     7,     9,     112.50,     131.50,       0.00,    13023.8,       2.12,       1.23
    0,     7,    10,      94.81,     138.32,       0.00,     5902.6,       2.10,       1.21
    0,     7,    11,     101.59,     164.44,       0.00,     8381.0,       2.08,       1.21
    0,     8,     1,       8.55,      14.76,       0.00,     2377.4,       2.11,       1.19
    0,     8,     2,      28.97,      31.11,       0.00,    14113.1,       2.34,       1.25
    0,     8,     3,      68.11,      73.01,       0.00,    10496.2,       2.06,       1.24
    0,     8,     4,      43.49,      73.23,       0.00,     7849.9,       2.21,       1.17
    0,     8,     5,      85.75,      74.17,       0.00,     6035.6,       2.03,       1.17
    0,     8,     6,     136.59,      75.01,       0.00,     7228.4,       2.05,       1.17
    0,     8,     7,     103.43,      78.60,       0.00,     7789.1,       2.02,       1.21
    0,     8,     8,      69.88,     111.54,       0.00,    10633.9,       2.22,       1.22
    0,     8,     9,     112.52,     131.50,       0.00,    13030.2,       2.19,       1.21
    0,     8,    10,      94.67,     138.34,       0.00,     5675.8,       2.16,       1.23
    0,     8,    11,     101.59,     164.45,       0.00,     8081.3,       2.13,       1.21
    0,     9,     1,       8.72,      14.70,       0.00,     2250.9,       2.05,       1.33
    0,     9,     2,      28.98,      31.14,       0.00,    13864.2,       2.30,       1.26
    0,     9,     3,      68.10,      73.02,       0.00,    10590.0,       2.12,       1.23
    0,     9,     4,      43.51,      73.25,       0.00,     7310.4,       2.11,       1.17
    0,     9,     5,      85.76,      74.22,       0.00,     5712.0,       2.11,       1.16
    0,     9,     6,     136.57,      75.01,       0.00,     7784.9,       2.14,       1.20
    0,     9,     7,     103.41,      78.62,       0.00,     7956.7,       2.08,       1.21
    0,     9,     8,      69.85,     111.51,       0.00,    10546.0,       2.17,       1.21
    0,     9,     9,     112.46,     131.49,       0.00,    13511.8,       2.21,       1.24
    0,     9,    10,      94.89,     138.29,       0.00,     5957.2,       2.07,       1.19
    0,     9,    11,     101.55,     164.49,       0.00,     8166.7,       2.10,       1.23
    0,    10,     1,       8.53,      14.70,       0.00,     2057.0,       1.99,       1.19
    0,    10,     2,      28.91,      31.13,       0.00,    13754.5,       2.25,       1.27
    0,    10,     3,      68.15,      72.99,       0.00,    10149.6,       2.07,       1.22
    0,    10,     4,      43.58,      73.24,       0.00,     7741.7,       2.13,       1.16
    0,    10,     5,      85.82,      74.23,       0.00,     5296.5,       1.96,       1.19
    0,    10,     6,     136.59,      75.02,       0.00,     7636.9,       2.10,       1.21
    0,    10,     7,     103.48,      78.59,       0.00,     8142.2,       2.05,       1.21
    0,    10,     8,      69.81,     111.52,       0.00,    10853.2,       2.20,       1.22
    0,    10,     9,     112.53,     131.49,       0.00,    13327.4,       2.17,       1.24
    0,    10,    10,      94.79,     138.35,       0.00,     5974.7,       2.19,       1.21
    0,    10,    11,     101.53,     164.50,       0.00,     8001.5,       2.08,       1.19
    0,    11,     1,       8.48,      14.83,       0.00,     2392.1,       2.09,       1.22
    0,    11,     2,      28.96,      31.11,       0.00,    13590.5,       2.31,       1.27
    0,    11,     3,      68.13,      73.00,       0.00,    10367.5,       2.12,       1.24
    0,    11,     4,      43.55,      73.25,       0.00,     7738.4,       2.14,       1.16
    0,    11,     5,      85.80,      74.25,       0.00,     5237.9,       2.02,       1.18
    0,    11,     6,     136.54,      75.02,       0.00,     7553.5,       2.01,       1.20
    0,    11,     7,     103.45,      78.60,       0.00,     7671.8,       2.05,       1.20
    0,    11,     8,      69.78,     111.56,       0.00,    10635.0,       2.13,       1.20
    0,    11,     9,     112.50,     131.49,       0.00,    13310.9,       2.17,       1.24
    0,    11,    10,      94.77,     138.30,       0.00,     5687.2,       2.16,       1.20
    0,    11,    11,     101.54,     164.48,       0.00,     8128.5,       2.04,       1.17
    0,    12,     1,       8.51,      14.76,       0.00,     2349.2,       2.03,       1.22
    0,    12,     2,      28.98,      31.12,       0.00,    13216.6,       2.28,       1.26
    0,    12,     3,      43.47,      73.28,       0.00,     7372.6,       2.14,       1.17
    0,    12,     4,      68.21,      73.00,       0.00,    10132.4,       2.09,       1.21
    0,    12,     5,      85.80,      74.21,       0.00,     5786.6,       2.04,       1.14
    0,    12,     6,     136.60,      75.03,       0.00,     7396.2,       2.10,       1.22
    0,    12,     7,     103.46,      78.63,       0.00,     7952.3,       2.07,       1.23
    0,    12,     8,      69.85,     111.53,       0.00,    10239.6,       2.16,       1.20
    0,    12,     9,     112.49,     131.51,       0.00,    13486.4,       2.21,       1.23
    0,    12,    10,      94.74,     138.31,       0.00,     5568.7,       2.08,       1.17
    0,    12,    11,     101.53,     164.45,       0.00,     8389.7,       2.07,       1.17
    0,    13,     1,       8.44,      14.89,       0.00,     2172.3,       2.11,       1.17
    0,    13,     2,      28.94,      31.13,       0.00,    13562.0,       2.28,       1.25
    0,    13,     3,      43.52,      73.26,       0.00,     8025.4,       2.11,       1.14
    0,    13,     4,      68.12,      73.01,       0.00,     9974.6,       2.10,       1.23
    0,    13,     5,      85.73,      74.16,       0.00,     5418.9,       2.02,       1.20
    0,    13,     6,     136.59,      75.02,       0.00,     7300.3,       2.06,       1.18
    0,    13,     7,     103.45,      78.62,       0.00,     7940.9,       2.11,       1.22
    0,    13,     8,      69.87,     111.52,       0.00,    10767.5,       2.17,       1.24
    0,    13,     9,     112.48,     131.50,       0.00,    13185.1,       2.19,       1.22
    0,    13,    10,      94.75,     138.34,       0.00,     5633.5,       2.06,       1.18
    0,    13,    11,     101.56,     164.49,       0.00,     8682.2,       2.10,       1.24
    0,    14,     1,       8.51,      14.86,       0.00,     2488.9,       2.11,       1.23
    0,    14,     2,      28.93,      31.13,       0.00,    13991.3,       2.25,       1.26
    0,    14,     3,      43.46,      73.23,       0.00,     7297.4,       2.13,       1.16
    0,    14,     4,      68.21,      72.99,       0.00,     9957.0,       2.08,       1.16
    0,    14,     5,      85.75,      74.17,       0.00,     5766.6,       2.17,       1.17
    0,    14,     6,     136.59,      75.00,       0.00,     7410.7,       2.06,       1.20
    0,    14,     7,     103.46,      78.66,       0.00,     7942.7,       2.04,       1.21
    0,    14,     8,      69.86,     111.53,       0.00,     9881.2,       2.18,       1.20
    0,    14,     9,     112.51,     131.49,       0.00,    13612.0,       2.23,       1.24
    0,    14,    10,      94.77,     138.35,       0.00,     5822.1,       2.12,       1.24
    0,    14,    11,     101.56,     164.48,       0.00,     8570.9,       2.18,       1.22
    0,    15,     1,       8.45,      14.73,       0.00,     2291.5,       2.08,       1.27
    0,    15,     2,      28.98,      31.12,       0.00,    14235.1,       2.32,       1.27
    0,    15,     3,      68.19,      73.00,       0.00,    10317.8,       2.06,       1.22
    0,    15,     4,      43.54,      73.26,       0.00,     7563.3,       2.19,       1.19
    0,    15,     5,      85.74,      74.18,       0.00,     5638.0,       2.07,       1.19
    0,    15,     6,     136.59,      75.03,       0.00,     7762.7,       2.14,       1.21
    0,    15,     7,     103.38,      78.63,       0.00,     7811.6,       2.10,       1.19
    0,    15,     8,      69.84,     111.51,       0.00,    10573.6,       2.12,       1.20
    0,    15,     9,     112.49,     131.50,       0.00,    13526.3,       2.23,       1.25
    0,    15,    10,      94.68,     138.40,       0.00,     5216.1,       1.97,       1.18
    0,    15,    11,     101.54,     164.48,       0.00,     7670.0,       2.13,       1.19
    0,    16,     1,       8.56,      14.84,       0.00,     2233.3,       2.05,       1.15
    0,    16,     2,      28.91,      31.14,       0.00,    13968.2,       2.30,       1.26
    0,    16,     3,      68.19,      73.00,       0.00,    10167.0,       2.11,       1.20
    0,    16,     4,      43.45,      73.27,       0.00,     7699.3,       2.17,       1.14
    0,    16,     5,      85.75,      74.25,       0.00,     5668.3,       1.98,       1.22
    0,    16,     6,     136.62,      75.02,       0.00,     7307.7,       2.14,       1.15
    0,    16,     7,     103.36,      78.63,       0.00,     7985.8,       1.99,       1.26
    0,    16,     8,      69.88,     111.52,       0.00,    10448.5,       2.15,       1.22
    0,    16,     9,     112.54,     131.49,       0.00,    13044.2,       2.21,       1.22
    0,    16,    10,      94.78,     138.32,       0.00,     5892.1,       2.19,       1.20
    0,    16,    11,     101.54,     164.46,       0.00,     7866.6,       2.18,       1.18
    0,    17,     1,       8.63,      14.79,       0.00,     2600.3,       2.15,       1.20
    0,    17,     2,      28.94,      31.13,       0.00,    13915.7,       2.28,       1.26
    0,    17,     3,      68.15,      73.03,       0.00,     9906.8,       2.05,       1.20
    0,    17,     4,      43.49,      73.29,       0.00,     8356.5,       2.14,       1.17
    0,    17,     5,      85.84,      74.20,       0.00,     5052.1,       1.98,       1.15
    0,    17,     6,     136.63,      75.00,       0.00,     7582.5,       2.14,       1.22
    0,    17,     7,     103.47,      78.62,       0.00,     8043.5,       2.02,       1.23
    0,    17,     8,      69.83,     111.56,       0.00,    10771.4,       2.21,       1.21
    0,    17,     9,     112.56,     131.48,       0.00,    12755.4,       2.21,       1.23
    0,    17,    10,      94.71,     138.32,       0.00,     5442.3,       2.13,       1.20
    0,    17,    11,     101.57,     164.49,       0.00,     8054.0,       2.06,       1.17
    0,    18,     1,       8.55,      14.69,       0.00,     2206.4,       1.95,       1.11
    0,    18,     2,      28.88,      31.16,       0.00,    14522.7,       2.30,       1.28
    0,    18,     3,      43.42,      73.28,       0.00,     8367.7,       2.28,       1.19
    0,    18,     4,      68.11,      73.02,       0.00,     9583.8,       2.06,       1.20
    0,    18,     5,      85.77,      74.22,       0.00,     5203.6,       2.02,       1.18
    0,    18,     6,     136.62,      75.03,       0.00,     7501.0,       2.13,       1.19
    0,    18,     7,     103.50,      78.59,       0.00,     8035.5,       2.06,       1.21
    0,    18,     8,      69.86,     111.55,       0.00,    10770.0,       2.21,       1.21
    0,    18,     9,     112.47,     131.47,       0.00,    13671.7,       2.24,       1.24
    0,    18,    10,      94.85,     138.36,       0.00,     5849.3,       2.15,       1.18
    0,    18,    11,     101.56,     164.45,       0.00,     8112.6,       2.11,       1.16
    0,    19,     1,       8.55,      14.70,       0.00,     2382.3,       2.03,       1.24
    0,    19,     2,      28.99,      31.13,       0.00,    13974.6,       2.27,       1.28
    0,    19,     3,      68.14,      73.03,       0.00,    10292.7,       2.06,       1.22
    0,    19,     4,      43.50,      73.27,       0.00,     8115.7,       2.19,       1.15
    0,    19,     5,      85.73,      74.21,       0.00,     5516.3,       2.03,       1.17
    0,    19,     6,     136.63,      75.03,       0.00,     7333.7,       2.05,       1.16
    0,    19,     7,     103.49,      78.63,       0.00,     7783.9,       2.10,       1.17
    0,    19,     8,      69.82,     111.51,       0.00,    10256.4,       2.16,       1.20
    0,    19,     9,     112.51,     131.51,       0.00,    12733.4,       2.18,       1.23
    0,    19,    10,      94.79,     138.32,       0.00,     5217.8,       2.08,       1.24
    0,    19,    11,     101.52,     164.45,       0.00,     8140.9,       2.16,       1.16
    0,    20,     1,       8.52,      14.75,       0.00,     2150.3,       2.14,       1.13
    0,    20,     2,      28.93,      31.15,       0.00,    14090.7,       2.28,       1.27
    0,    20,     3,      68.15,      73.03,       0.00,    10170.4,       2.12,       1.21
    0,    20,     4,      43.44,      73.25,       0.00,     7750.1,       2.18,       1.15
    0,    20,     5,      85.78,      74.24,       0.00,     5399.5,       2.11,       1.18
    0,    20,     6,     136.59,      75.01,       0.00,     7104.4,       2.17,       1.16
    0,    20,     7,     103.44,      78.62,       0.00,     7813.0,       2.12,       1.18
    0,    20,     8,      69.81,     111.58,       0.00,     9607.0,       2.13,       1.17
    0,    20,     9,     112.45,     131.51,       0.00,    13210.5,       2.22,       1.20
    0,    20,    10,      94.75,     138.33,       0.00,     5216.0,       2.11,       1.18
    0,    20,    11,     101.53,     164.48,       0.00,     8450.0,       2.20,       1.19
    0,    21,     1,       8.55,      14.78,       0.00,     2486.5,       2.05,       1.20
    0,    21,     2,      28.92,      31.14,       0.00,    13898.3,       2.30,       1.24
    0,    21,     3,      43.44,      73.30,       0.00,     8035.7,       2.19,       1.19
    0,    21,     4,      68.16,      73.03,       0.00,     9976.3,       2.20,       1.18
    0,    21,     5,      85.80,      74.18,       0.00,     5811.1,       2.13,       1.20
    0,    21,     6,     136.58,      75.01,       0.00,     7379.7,       2.13,       1.19
    0,    21,     7,     103.41,      78.64,       0.00,     7751.2,       2.08,       1.16
    0,    21,     8,      69.81,     111.56,       0.00,     9804.3,       2.17,       1.20
    0,    21,     9,     112.50,     131.49,       0.00,    13047.8,       2.27,       1.23
    0,    21,    10,      94.62,     138.42,       0.00,     5284.2,       2.19,       1.16
    0,    21,    11,     101.55,     164.53,       0.00,     8289.1,       2.18,       1.18
    0,    22,     1,       8.67,      14.74,       0.00,     2375.4,       2.38,       1.18
    0,    22,     2,      28.90,      31.16,       0.00,    13787.3,       2.32,       1.24
    0,    22,     3,      43.44,      73.27,       0.00,     7685.3,       2.17,       1.14
    0,    22,     4,      68.14,      73.03,       0.00,     9692.1,       2.12,       1.20
    0,    22,     5,      85.67,      74.24,       0.00,     5665.0,       2.04,       1.19
    0,    22,     6,     136.53,      75.01,       0.00,     7209.2,       2.05,       1.16
    0,    22,     7,     103.46,      78.65,       0.00,     8058.5,       2.06,       1.18
    0,    22,     8,      69.82,     111.54,       0.00,     9855.3,       2.23,       1.19
    0,    22,     9,     112.41,     131.48,       0.00,    12967.7,       2.19,       1.23
    0,    22,    10,      94.74,     138.38,       0.00,     5271.0,       2.12,       1.22
    0,    22,    11,     101.53,     164.52,       0.00,     8305.2,       2.11,       1.17
    0,    23,     1,       8.44,      14.74,       0.00,     2340.3,       2.29,       1.15
    0,    23,     2,      28.92,      31.18,       0.00,    14761.0,       2.37,       1.26
    0,    23,     3,      43.46,      73.26,       0.00,     7581.9,       2.17,       1.14
    0,    23,     4,      68.17,      73.04,       0.00,     9990.5,       2.13,       1.18
    0,    23,     5,      85.73,      74.19,       0.00,     5561.7,       2.06,       1.18
    0,    23,     6,     136.51,      75.07,       0.00,     7401.8,       2.16,       1.18
    0,    23,     7,     103.44,      78.61,       0.00,     8050.3,       2.09,       1.19
    0,    23,     8,      69.84,     111.53,       0.00,     9472.5,       2.21,       1.14
    0,    23,     9,     112.50,     131.50,       0.00,    12845.4,       2.21,       1.19
    0,    23,    10,      94.75,     138.32,       0.00,     5095.6,       2.25,       1.18
    0,    23,    11,     101.54,     164.53,       0.00,     8495.9,       2.16,       1.20
    0,    24,     1,       8.52,      14.74,       0.00,     2282.1,       2.04,       1.23
    0,    24,     2,      28.92,      31.13,       0.00,    13771.0,       2.31,       1.25
    0,    24,     3,      68.14,      73.03,       0.00,     9897.0,       2.15,       1.20
    0,    24,     4,      43.45,      73.27,       0.00,     7907.9,       2.20,       1.15
    0,    24,     5,      85.78,      74.21,       0.00,     5660.1,       2.10,       1.15
    0,    24,     6,     136.59,      75.06,       0.00,     7562.1,       2.15,       1.18
    0,    24,     7,     103.38,      78.65,       0.00,     7797.0,       2.05,       1.18
    0,    24,     8,      69.77,     111.57,       0.00,     9877.2,       2.22,       1.18
    0,    24,     9,     112.50,     131.49,       0.00,    13036.3,       2.23,       1.22
    0,    24,    10,      94.90,     138.37,       0.00,     5587.4,       2.20,       1.23
    0,    24,    11,     101.53,     164.50,       0.00,     7703.8,       2.16,       1.17
    0,    25,     1,       8.57,      14.79,       0.00,     2240.2,       2.13,       1.17
    0,    25,     2,      28.89,      31.17,       0.00,    13816.0,       2.32,       1.23
    0,    25,     3,      43.52,      73.24,       0.00,     7730.8,       2.14,       1.15
    0,    25,     4,      68.08,      73.05,       0.00,     9811.8,       2.11,       1.19
    0,    25,     5,      85.68,      74.26,       0.00,     5608.1,       2.08,       1.20
    0,    25,     6,     136.55,      75.05,       0.00,     7747.9,       2.15,       1.14
    0,    25,     7,     103.36,      78.66,       0.00,     8036.9,       2.07,       1.22
    0,    25,     8,      69.80,     111.55,       0.00,     9927.5,       2.22,       1.21
    0,    25,     9,     112.45,     131.53,       0.00,    12953.5,       2.23,       1.22
    0,    25,    10,      94.76,     138.38,       0.00,     5561.2,       2.22,       1.16
    0,    25,    11,     101.61,     164.46,       0.00,     8792.0,       2.18,       1.19
    0,    26,     1,       8.61,      14.75,       0.00,     2481.0,       2.20,       1.29
    0,    26,     2,      28.90,      31.16,       0.00,    13848.5,       2.36,       1.24
    0,    26,     3,      43.47,      73.29,       0.00,     7718.1,       2.19,       1.17
    0,    26,     4,      68.11,      73.03,       0.00,     9732.5,       2.13,       1.18
    0,    26,     5,      85.78,      74.21,       0.00,     5423.1,       1.99,       1.16
    0,    26,     6,     136.55,      75.03,       0.00,     7538.7,       2.16,       1.18
    0,    26,     7,     103.36,      78.63,       0.00,     8093.8,       2.14,       1.24
    0,    26,     8,      69.76,     111.55,       0.00,    10273.3,       2.22,       1.20
    0,    26,     9,     112.42,     131.52,       0.00,    12696.8,       2.24,       1.20
    0,    26,    10,      94.70,     138.38,       0.00,     4962.3,       2.11,       1.19
    0,    26,    11,     101.62,     164.49,       0.00,     8550.4,       2.13,       1.19
    0,    27,     1,       8.31,      14.87,       0.00,     2157.8,       2.13,       1.18
    0,    27,     2,      28.96,      31.16,       0.00,    14056.4,       2.31,       1.26
    0,    27,     3,      43.43,      73.29,       0.00,     7526.9,       2.23,       1.15
    0,    27,     4,      68.13,      73.00,       0.00,     9145.2,       2.05,       1.18
    0,    27,     5,      85.75,      74.25,       0.00,     5687.9,       2.05,       1.19
    0,    27,     6,     136.52,      75.08,       0.00,     7860.4,       2.20,       1.21
    0,    27,     7,     103.35,      78.67,       0.00,     8078.4,       2.11,       1.23
    0,    27,     8,      69.75,     111.56,       0.00,     9604.3,       2.24,       1.19
    0,    27,     9,     112.41,     131.53,       0.00,    12939.5,       2.20,       1.19
    0,    27,    10,      94.78,     138.37,       0.00,     5186.4,       2.24,       1.19
    0,    27,    11,     101.54,     164.53,       0.00,     7793.7,       2.19,       1.16
    0,    28,     1,       8.45,      14.83,       0.00,     2552.2,       2.15,       1.34
    0,    28,     2,      28.92,      31.16,       0.00,    13875.9,       2.34,       1.24
    0,    28,     3,      68.11,      73.06,       0.00,     9975.0,       2.17,       1.16
    0,    28,     4,      43.43,      73.29,       0.00,     7346.0,       2.26,       1.16
    0,    28,     5,      85.75,      74.21,       0.00,     5365.1,       2.04,       1.16
    0,    28,     6,     136.62,      75.05,       0.00,     7893.4,       2.13,       1.15
    0,    28,     7,     103.45,      78.64,       0.00,     7871.4,       2.13,       1.18
    0,    28,     8,      69.73,     111.58,       0.00,     9613.1,       2.24,       1.17
    0,    28,     9,     112.45,     131.52,       0.00,    12637.4,       2.22,       1.19
    0,    28,    10,      94.78,     138.36,       0.00,     5060.4,       2.15,       1.17
    0,    28,    11,     101.52,     164.49,       0.00,     8543.8,       2.17,       1.16
    0,    29,     1,       8.55,      14.77,       0.00,     2507.7,       2.14,       1.25
    0,    29,     2,      28.91,      31.17,       0.00,    13226.4,       2.32,       1.22
    0,    29,     3,      68.19,      73.02,       0.00,     9817.4,       2.11,       1.18
    0,    29,     4,      43.41,      73.28,       0.00,     7101.7,       2.10,       1.11
    0,    29,     5,      85.83,      74.21,       0.00,     5017.1,       2.00,       1.11
    0,    29,     6,     136.51,      75.03,       0.00,     7724.3,       2.13,       1.16
    0,    29,     7,     103.44,      78.67,       0.00,     7991.6,       2.06,       1.20
    0,    29,     8,      69.79,     111.58,       0.00,    10126.1,       2.18,       1.20
    0,    29,     9,     112.44,     131.51,       0.00,    13437.5,       2.28,       1.22
    0,    29,    10,      94.71,     138.39,       0.00,     5539.1,       2.14,       1.17
    0,    29,    11,     101.47,     164.51,       0.00,     7958.6,       2.15,       1.13
    0,    30,     1,       8.49,      14.87,       0.00,     2248.0,       2.10,       1.14
    0,    30,     2,      28.92,      31.18,       0.00,    14029.6,       2.31,       1.25
    0,    30,     3,      43.45,      73.31,       0.00,     7970.6,       2.25,       1.15
    0,    30,     4,      68.10,      73.07,       0.00,     9635.6,       2.16,       1.17
    0,    30,     5,      85.80,      74.23,       0.00,     5174.2,       2.28,       1.17
    0,    30,     6,     136.56,      75.03,       0.00,     7486.4,       2.13,       1.19
    0,    30,     7,     103.44,      78.66,       0.00,     7931.7,       2.17,       1.19
    0,    30,     8,      69.84,     111.55,       0.00,    10018.2,       2.24,       1.21
    0,    30,     9,     112.48,     131.54,       0.00,    12667.0,       2.22,       1.18
    0,    30,    10,      94.71,     138.41,       0.00,     5400.1,       2.12,       1.20
    0,    30,    11,     101.56,     164.54,       0.00,     8376.7,       2.15,       1.16
    0,    31,     1,       8.61,      14.81,       0.00,     2673.3,       2.16,       1.17
    0,    31,     2,      28.88,      31.15,       0.00,    13708.1,       2.37,       1.23
    0,    31,     3,      43.41,      73.29,       0.00,     7998.0,       2.17,       1.14
    0,    31,     4,      68.18,      73.08,       0.00,     9889.3,       2.19,       1.15
    0,    31,     5,      85.79,      74.28,       0.00,     5173.0,       2.13,       1.16
    0,    31,     6,     136.62,      75.06,       0.00,     8011.1,       2.15,       1.21
    0,    31,     7,     103.42,      78.66,       0.00,     7535.0,       2.09,       1.16
    0,    31,     8,      69.75,     111.56,       0.00,    10087.2,       2.22,       1.21
    0,    31,     9,     112.48,     131.52,       0.00,    13316.0,       2.26,       1.23
    0,    31,    10,      94.77,     138.35,       0.00,     5573.2,       2.07,       1.18
    0,    31,    11,     101.50,     164.50,       0.00,     8363.4,       2.14,       1.23
    0,    32,     1,       8.50,      14.80,       0.00,     2189.0,       2.23,       1.16
    0,    32,     2,      28.93,      31.18,       0.00,    14128.0,       2.38,       1.25
    0,    32,     3,      68.22,      73.02,       0.00,     9866.5,       2.19,       1.21
    0,    32,     4,      43.46,      73.28,       0.00,     8197.9,       2.25,       1.19
    0,    32,     5,      85.73,      74.28,       0.00,     5493.5,       2.06,       1.18
    0,    32,     6,     136.53,      75.07,       0.00,     7791.0,       2.14,       1.19
    0,    32,     7,     103.41,      78.67,       0.00,     7762.8,       2.03,       1.21
    0,    32,     8,      69.74,     111.54,       0.00,    10232.8,       2.29,       1.19
    0,    32,     9,     112.49,     131.51,       0.00,    13246.9,       2.22,       1.23
    0,    32,    10,      94.67,     138.39,       0.00,     5631.2,       2.23,       1.17
    0,    32,    11,     101.46,     164.54,       0.00,     8136.7,       2.15,       1.19
    0,    33,     1,       8.68,      14.67,       0.00,     2430.4,       2.13,       1.19
    0,    33,     2,      28.92,      31.17,       0.00,    13698.2,       2.33,       1.24
    0,    33,     3,      43.42,      73.26,       0.00,     7284.6,       2.19,       1.14
    0,    33,     4,      68.16,      73.06,       0.00,     9737.5,       2.14,       1.18
    0,    33,     5,      85.71,      74.25,       0.00,     5573.3,       2.15,       1.16
    0,    33,     6,     136.52,      75.04,       0.00,     8108.3,       2.18,       1.22
    0,    33,     7,     103.48,      78.65,       0.00,     7760.6,       2.13,       1.18
    0,    33,     8,      69.76,     111.56,       0.00,    10016.6,       2.25,       1.18
    0,    33,     9,     112.44,     131.54,       0.00,    13636.4,       2.28,       1.23
    0,    33,    10,      94.75,     138.37,       0.00,     5542.6,       2.19,       1.19
    0,    33,    11,     101.47,     164.55,       0.00,     8286.8,       2.22,       1.19
    0,    34,     1,       8.56,      14.89,       0.00,     2489.7,       2.35,       1.25
    0,    34,     2,      28.93,      31.19,       0.00,    13702.9,       2.31,       1.24
    0,    34,     3,      43.52,      73.27,       0.00,     7675.1,       2.21,       1.13
    0,    34,     4,      68.13,      73.05,       0.00,     9678.1,       2.16,       1.18
    0,    34,     5,      85.76,      74.25,       0.00,     5518.2,       2.17,       1.13
    0,    34,     6,     136.51,      75.04,       0.00,     7456.0,       2.19,       1.19
    0,    34,     7,     103.40,      78.63,       0.00,     7425.0,       1.99,       1.21
    0,    34,     8,      69.75,     111.59,       0.00,     9936.4,       2.21,       1.22
    0,    34,     9,     112.52,     131.52,       0.00,    13525.7,       2.26,       1.22
    0,    34,    10,      94.78,     138.38,       0.00,     5557.9,       2.11,       1.17
    0,    34,    11,     101.47,     164.50,       0.00,     7747.5,       2.17,       1.16
    0,    35,     1,       8.47,      14.76,       0.00,     2325.3,       2.10,       1.23
    0,    35,     2,      28.96,      31.14,       0.00,    14084.2,       2.37,       1.25
    0,    35,     3,      43.40,      73.28,       0.00,     7830.3,       2.20,       1.13
    0,    35,     4,      68.16,      73.03,       0.00,     9522.4,       2.11,       1.14
    0,    35,     5,      85.67,      74.22,       0.00,     5257.3,       2.01,       1.17
    0,    35,     6,     136.61,      75.07,       0.00,     7142.7,       2.10,       1.19
    0,    35,     7,     103.43,      78.61,       0.00,     7660.9,       2.02,       1.20
    0,    35,     8,      69.77,     111.57,       0.00,    10224.9,       2.27,       1.17
    0,    35,     9,     112.49,     131.52,       0.00,    13414.3,       2.27,       1.20
    0,    35,    10,      94.70,     138.38,       0.00,     5498.4,       2.20,       1.18
    0,    35,    11,     101.64,     164.49,       0.00,     8777.1,       2.14,       1.20
    0,    36,     1,       8.46,      14.73,       0.00,     2381.6,       1.99,       1.35
    0,    36,     2,      28.93,      31.17,       0.00,    13674.0,       2.31,       1.25
    0,    36,     3,      68.20,      73.05,       0.00,     9682.6,       2.10,       1.18
    0,    36,     4,      43.43,      73.29,       0.00,     7584.0,       2.21,       1.16
    0,    36,     5,      85.76,      74.22,       0.00,     5649.4,       2.02,       1.14
    0,    36,     6,     136.66,      75.06,       0.00,     7297.4,       2.21,       1.20
    0,    36,     7,     103.48,      78.63,       0.00,     7666.7,       2.07,       1.20
    0,    36,     8,      69.83,     111.57,       0.00,     9544.0,       2.21,       1.17
    0,    36,     9,     112.48,     131.51,       0.00,    13405.1,       2.24,       1.21
    0,    36,    10,      94.78,     138.39,       0.00,     5492.9,       2.16,       1.22
    0,    36,    11,     101.57,     164.49,       0.00,     8347.2,       2.14,       1.17
    0,    37,     1,       8.61,      14.89,       0.00,     2586.1,       2.20,       1.23
    0,    37,     2,      28.89,      31.17,       0.00,    13863.2,       2.32,       1.24
    0,    37,     3,      43.54,      73.30,       0.00,     7751.4,       2.22,       1.17
    0,    37,     4,      68.21,      73.04,       0.00,     9947.4,       2.11,       1.18
    0,    37,     5,      85.68,      74.22,       0.00,     5440.6,       2.05,       1.23
    0,    37,     6,     136.57,      75.04,       0.00,     7157.2,       2.16,       1.18
    0,    37,     7,     103.39,      78.65,       0.00,     7774.6,       2.07,       1.18
    0,    37,     8,      69.86,     111.53,       0.00,     9808.1,       2.19,       1.19
    0,    37,     9,     112.41,     131.52,       0.00,    13497.2,       2.24,       1.24
    0,    37,    10,      94.70,     138.41,       0.00,     5485.9,       2.16,       1.22
    0,    37,    11,     101.61,     164.49,       0.00,     8292.6,       2.14,       1.19
    0,    38,     1,       8.52,      14.82,       0.00,     2405.0,       2.08,       1.13
    0,    38,     2,      28.96,      31.16,       0.00,    13222.2,       2.26,       1.24
    0,    38,     3,      43.41,      73.32,       0.00,     7525.3,       2.12,       1.14
    0,    38,     4,      68.18,      73.04,       0.00,     9847.0,       2.11,       1.20
    0,    38,     5,      85.83,      74.23,       0.00,     5002.2,       2.06,       1.16
    0,    38,     6,     136.57,      75.01,       0.00,     6988.7,       2.13,       1.12
    0,    38,     7,     103.40,      78.66,       0.00,     7974.6,       2.10,       1.18
    0,    38,     8,      69.81,     111.53,       0.00,     9715.1,       2.25,       1.22
    0,    38,     9,     112.43,     131.52,       0.00,    13341.3,       2.23,       1.22
    0,    38,    10,      94.74,     138.36,       0.00,     5376.4,       2.29,       1.23
    0,    38,    11,     101.59,     164.47,       0.00,     8564.6,       2.15,       1.15
    0,    39,     1,       8.65,      14.79,       0.00,     2301.1,       1.98,       1.17
    0,    39,     2,      28.89,      31.16,       0.00,    14176.8,       2.30,       1.25
    0,    39,     3,      43.47,      73.26,       0.00,     8097.0,       2.17,       1.15
    0,    39,     4,      68.15,      73.04,       0.00,     9970.0,       2.10,       1.20
    0,    39,     5,      85.83,      74.19,       0.00,     5009.6,       2.05,       1.15
    0,    39,     6,     136.59,      75.05,       0.00,     7121.2,       2.17,       1.18
    0,    39,     7,     103.44,      78.64,       0.00,     7848.3,       2.14,       1.18
    0,    39,     8,      69.82,     111.58,       0.00,     9741.3,       2.24,       1.20
    0,    39,     9,     112.47,     131.52,       0.00,    14102.1,       2.24,       1.24
    0,    39,    10,      94.73,     138.37,       0.00,     5791.7,       2.24,       1.22
    0,    39,    11,     101.60,     164.48,       0.00,     8578.4,       2.13,       1.17
    0,    40,     1,       8.46,      14.75,       0.00,     2320.1,       2.15,       1.28
    0,    40,     2,      28.99,      31.15,       0.00,    13969.1,       2.32,       1.24
    0,    40,     3,      68.16,      73.03,       0.00,     9674.2,       2.13,       1.21
    0,    40,     4,      43.53,      73.28,       0.00,     7854.5,       2.29,       1.15
    0,    40,     5,      85.80,      74.17,       0.00,     4617.2,       2.04,       1.16
    0,    40,     6,     136.51,      75.07,       0.00,     6752.8,       2.12,       1.14
    0,    40,     7,     103.51,      78.67,       0.00,     7838.3,       2.12,       1.21
    0,    40,     8,      69.75,     111.56,       0.00,    10110.9,       2.18,       1.19
    0,    40,     9,     112.41,     131.49,       0.00,    13132.3,       2.17,       1.22
    0,    40,    10,      94.73,     138.40,       0.00,     5689.8,       2.21,       1.24
    0,    40,    11,     101.53,     164.51,       0.00,     8454.2,       2.22,       1.19
    0,    41,     1,       8.40,      14.83,       0.00,     2277.5,       2.16,       1.18
    0,    41,     2,      28.94,      31.15,       0.00,    13415.4,       2.34,       1.23
    0,    41,     3,      68.16,      73.05,       0.00,     9857.7,       2.16,       1.19
    0,    41,     4,      43.41,      73.30,       0.00,     7679.8,       2.23,       1.16
    0,    41,     5,      85.83,      74.25,       0.00,     4896.1,       1.99,       1.11
    0,    41,     6,     136.50,      75.05,       0.00,     6925.1,       2.20,       1.15
    0,    41,     7,     103.45,      78.62,       0.00,     7555.9,       2.03,       1.21
    0,    41,     8,      69.76,     111.57,       0.00,     9910.0,       2.19,       1.20
    0,    41,     9,     112.47,     131.49,       0.00,    13074.9,       2.21,       1.19
    0,    41,    10,      94.81,     138.40,       0.00,     5636.2,       2.17,       1.17
    0,    41,    11,     101.56,     164.48,       0.00,     8076.7,       2.17,       1.25
