#stackID(UINT32), frameID(UINT32), eventID(UINT32), x0(float), y0(float), z0(float), photon_count0(float), sigmaX0(float), sigmaY0(float) 
    0,     0,     1,       8.98,      14.57,       0.00,     3035.3,       1.57,       1.69
    0,     0,     2,      29.22,      30.92,       0.00,    19121.7,       1.80,       1.64
    0,     0,     3,      43.75,      73.02,       0.00,    10309.8,       1.69,       1.54
    0,     0,     4,      68.43,      72.77,       0.00,    13625.8,       1.59,       1.61
    0,     0,     5,      86.10,      73.97,       0.00,     8343.8,       1.56,       1.62
    0,     0,     6,     136.83,      74.81,       0.00,    10709.0,       1.60,       1.54
    0,     0,     7,     103.68,      78.41,       0.00,    11927.7,       1.53,       1.68
    0,     0,     8,      70.11,     111.32,       0.00,    14202.4,       1.60,       1.69
    0,     0,     9,     112.74,     131.28,       0.00,    18241.2,       1.75,       1.68
    0,     0,    10,      95.05,     138.13,       0.00,     7866.7,       1.68,       1.61
    0,     0,    11,     101.87,     164.24,       0.00,    11314.0,       1.61,       1.56
    0,     1,     1,       8.85,      14.54,       0.00,     3031.9,       1.60,       1.48
    0,     1,     2,      29.23,      30.96,       0.00,    20098.5,       1.82,       1.70
    0,     1,     3,      68.44,      72.83,       0.00,    13075.3,       1.60,       1.61
    0,     1,     4,      43.78,      73.05,       0.00,     9882.2,       1.62,       1.58
    0,     1,     5,      86.06,      73.96,       0.00,     7882.5,       1.52,       1.58
    0,     1,     6,     136.84,      74.79,       0.00,    10298.9,       1.58,       1.59
    0,     1,     7,     103.61,      78.38,       0.00,    11576.5,       1.49,       1.72
    0,     1,     8,     126.35,      89.26,       0.00,     1605.3,       1.62,       3.05
    0,     1,     9,      70.08,     111.36,       0.00,    13226.7,       1.65,       1.58
    0,     1,    10,     112.73,     131.27,       0.00,    16893.7,       1.68,       1.64
    0,     1,    11,      95.07,     138.14,       0.00,     7316.8,       1.68,       1.50
    0,     1,    12,     101.81,     164.30,       0.00,    11145.4,       1.56,       1.57
    0,     2,     1,       8.83,      14.49,       0.00,     3362.8,       1.68,       1.76
    0,     2,     2,      29.23,      30.94,       0.00,    18884.1,       1.82,       1.62
    0,     2,     3,      68.46,      72.80,       0.00,    13247.0,       1.56,       1.60
    0,     2,     4,      43.80,      73.03,       0.00,     9876.5,       1.64,       1.56
    0,     2,     5,      86.06,      73.98,       0.00,     7897.0,       1.44,       1.68
    0,     2,     6,     136.84,      74.79,       0.00,    10190.3,       1.59,       1.54
    0,     2,     7,     103.63,      78.35,       0.00,    11584.7,       1.51,       1.74
    0,     2,     8,      70.10,     111.35,       0.00,    13961.4,       1.63,       1.65
    0,     2,     9,     112.78,     131.25,       0.00,    16649.4,       1.68,       1.63
    0,     2,    10,      95.04,     138.13,       0.00,     7203.9,       1.57,       1.51
    0,     2,    11,     101.79,     164.26,       0.00,    11313.1,       1.60,       1.56
    0,     3,     1,       8.76,      14.49,       0.00,     3026.6,       1.52,       1.62
    0,     3,     2,      29.23,      30.97,       0.00,    19259.2,       1.81,       1.67
    0,     3,     3,      43.76,      73.01,       0.00,     9810.8,       1.62,       1.52
    0,     3,     4,      68.46,      72.79,       0.00,    13223.9,       1.58,       1.60
    0,     3,     5,      86.09,      73.95,       0.00,     7500.2,       1.50,       1.60
    0,     3,     6,     136.86,      74.82,       0.00,    10011.2,       1.59,       1.59
    0,     3,     7,     103.66,      78.38,       0.00,    11627.0,       1.54,       1.69
    0,     3,     8,      70.07,     111.35,       0.00,    13377.3,       1.61,       1.64
    0,     3,     9,     112.74,     131.25,       0.00,    16421.0,       1.67,       1.61
    0,     3,    10,      95.04,     138.09,       0.00,     6933.5,       1.59,       1.49
    0,     3,    11,     101.82,     164.26,       0.00,    10147.0,       1.57,       1.53
    0,     4,     1,       8.84,      14.57,       0.00,     2916.7,       1.48,       1.59
    0,     4,     2,      29.25,      30.93,       0.00,    19175.6,       1.78,       1.68
    0,     4,     3,      68.43,      72.77,       0.00,    13235.0,       1.59,       1.61
    0,     4,     4,      43.82,      73.00,       0.00,     9644.7,       1.65,       1.54
    0,     4,     5,      86.03,      74.00,       0.00,     7689.1,       1.52,       1.62
    0,     4,     6,     136.83,      74.79,       0.00,     9859.1,       1.54,       1.60
    0,     4,     7,     103.61,      78.37,       0.00,    10915.0,       1.51,       1.69
    0,     4,     8,      70.07,     111.34,       0.00,    13335.6,       1.62,       1.63
    0,     4,     9,     112.74,     131.24,       0.00,    16689.1,       1.73,       1.61
    0,     4,    10,      95.02,     138.14,       0.00,     7261.7,       1.58,       1.53
    0,     4,    11,     101.87,     164.33,       0.00,    10086.4,       1.62,       1.53
    0,     5,     1,       8.89,      14.56,       0.00,     2859.8,       1.51,       1.61
    0,     5,     2,      29.21,      30.93,       0.00,    18729.9,       1.80,       1.67
    0,     5,     3,      68.42,      72.78,       0.00,    12887.7,       1.59,       1.58
    0,     5,     4,      43.78,      73.01,       0.00,     9479.4,       1.58,       1.55
    0,     5,     5,      86.04,      74.04,       0.00,     7966.1,       1.53,       1.66
    0,     5,     6,     136.82,      74.77,       0.00,     9586.8,       1.60,       1.57
    0,     5,     7,     103.67,      78.40,       0.00,    11303.0,       1.53,       1.70
    0,     5,     8,      70.07,     111.35,       0.00,    13607.8,       1.64,       1.67
    0,     5,     9,     112.77,     131.26,       0.00,    16216.2,       1.68,       1.63
    0,     5,    10,      95.03,     138.12,       0.00,     7112.4,       1.58,       1.56
    0,     5,    11,     101.80,     164.30,       0.00,    10571.2,       1.60,       1.58
    0,     6,     1,       8.87,      14.51,       0.00,     3188.0,       1.61,       1.69
    0,     6,     2,      29.21,      30.93,       0.00,    18830.7,       1.80,       1.66
    0,     6,     3,      43.82,      72.99,       0.00,     9772.9,       1.61,       1.56
    0,     6,     4,      68.46,      72.76,       0.00,    12654.8,       1.58,       1.57
    0,     6,     5,      86.07,      74.03,       0.00,     8106.8,       1.58,       1.57
    0,     6,     6,     136.90,      74.80,       0.00,     9837.5,       1.64,       1.59
    0,     6,     7,     103.69,      78.39,       0.00,    11397.5,       1.46,       1.70
    0,     6,     8,     126.18,      89.51,       0.00,     1140.1,       1.51,       2.20
    0,     6,     9,      70.06,     111.32,       0.00,    13765.6,       1.61,       1.70
    0,     6,    10,     112.82,     131.26,       0.00,    16750.0,       1.74,       1.59
    0,     6,    11,      95.08,     138.08,       0.00,     7385.8,       1.57,       1.55
    0,     6,    12,     101.82,     164.28,       0.00,    11135.6,       1.61,       1.62
    0,     7,     1,       8.88,      14.52,       0.00,     2822.2,       1.51,       1.70
    0,     7,     2,      29.22,      30.93,       0.00,    19081.9,       1.80,       1.66
    0,     7,     3,      68.43,      72.77,       0.00,    12882.9,       1.56,       1.58
    0,     7,     4,      43.75,      73.06,       0.00,     9796.4,       1.65,       1.55
    0,     7,     5,      86.11,      73.97,       0.00,     7629.9,       1.50,       1.57
    0,     7,     6,     136.82,      74.84,       0.00,     9948.7,       1.62,       1.61
    0,     7,     7,     103.69,      78.39,       0.00,    11527.5,       1.51,       1.69
    0,     7,     8,     126.28,      89.57,       0.00,     1655.9,       1.79,       2.41
    0,     7,     9,      70.08,     111.35,       0.00,    13308.9,       1.60,       1.65
    0,     7,    10,     112.74,     131.25,       0.00,    16435.3,       1.68,       1.63
    0,     7,    11,      95.09,     138.07,       0.00,     7604.2,       1.62,       1.57
    0,     7,    12,     101.83,     164.24,       0.00,    10750.8,       1.53,       1.57
    0,     8,     1,       8.83,      14.59,       0.00,     3053.8,       1.59,       1.76
    0,     8,     2,      29.22,      30.91,       0.00,    18563.8,       1.80,       1.62
    0,     8,     3,      68.46,      72.74,       0.00,    12668.6,       1.56,       1.60
    0,     8,     4,      43.82,      73.01,       0.00,     9371.7,       1.67,       1.57
    0,     8,     5,      86.04,      73.97,       0.00,     6939.4,       1.49,       1.62
    0,     8,     6,     136.86,      74.81,       0.00,    10389.4,       1.58,       1.54
    0,     8,     7,     103.66,      78.42,       0.00,    11429.6,       1.51,       1.66
    0,     8,     8,     125.91,      89.18,       0.00,     1607.5,       1.76,       2.89
    0,     8,     9,      70.07,     111.31,       0.00,    13060.5,       1.71,       1.65
    0,     8,    10,     112.73,     131.23,       0.00,    16438.9,       1.71,       1.61
    0,     8,    11,      95.08,     138.11,       0.00,     7372.8,       1.60,       1.58
    0,     8,    12,     101.77,     164.29,       0.00,    10472.7,       1.56,       1.58
    0,     9,     1,       8.97,      14.59,       0.00,     2862.3,       1.63,       1.53
    0,     9,     2,      29.23,      30.90,       0.00,    18565.1,       1.74,       1.67
    0,     9,     3,      43.78,      73.02,       0.00,     9661.9,       1.69,       1.52
    0,     9,     4,      68.41,      72.78,       0.00,    13278.3,       1.61,       1.58
    0,     9,     5,      86.13,      73.98,       0.00,     6913.5,       1.58,       1.56
    0,     9,     6,     136.83,      74.79,       0.00,    10626.6,       1.58,       1.63
    0,     9,     7,     103.67,      78.36,       0.00,    11977.2,       1.49,       1.76
    0,     9,     8,     126.33,      89.27,       0.00,     1710.3,       1.67,       3.16
    0,     9,     9,      70.05,     111.30,       0.00,    13692.4,       1.67,       1.70
    0,     9,    10,     112.72,     131.21,       0.00,    16475.1,       1.66,       1.64
    0,     9,    11,      95.06,     138.11,       0.00,     7775.6,       1.62,       1.58
    0,     9,    12,     101.83,     164.21,       0.00,    10650.6,       1.62,       1.58
    0,    10,     1,       8.90,      14.45,       0.00,     2933.2,       1.52,       1.68
    0,    10,     2,      29.21,      30.94,       0.00,    18548.5,       1.79,       1.63
    0,    10,     3,      68.44,      72.76,       0.00,    13402.9,       1.57,       1.60
    0,    10,     4,      43.83,      73.00,       0.00,     9430.1,       1.63,       1.55
    0,    10,     5,      86.09,      73.97,       0.00,     7016.5,       1.52,       1.55
    0,    10,     6,     136.84,      74.82,       0.00,    10639.2,       1.55,       1.65
    0,    10,     7,     103.69,      78.37,       0.00,    11674.8,       1.54,       1.63
    0,    10,     8,     126.12,      89.38,       0.00,     1322.1,       1.49,       2.05
    0,    10,     9,      70.02,     111.32,       0.00,    13174.0,       1.63,       1.68
    0,    10,    10,     112.73,     131.25,       0.00,    16830.3,       1.69,       1.64
    0,    10,    11,      95.07,     138.17,       0.00,     7232.5,       1.61,       1.52
    0,    10,    12,     101.76,     164.29,       0.00,    10483.6,       1.59,       1.53
    0,    11,     1,       8.83,      14.55,       0.00,     2740.8,       1.54,       1.63
    0,    11,     2,      29.25,      30.94,       0.00,    18489.2,       1.78,       1.65
    0,    11,     3,      68.44,      72.79,       0.00,    13117.8,       1.62,       1.60
    0,    11,     4,      43.84,      73.01,       0.00,    10249.7,       1.71,       1.53
    0,    11,     5,      86.07,      74.01,       0.00,     6681.8,       1.54,       1.58
    0,    11,     6,     136.84,      74.78,       0.00,    10504.5,       1.57,       1.58
    0,    11,     7,     103.66,      78.34,       0.00,    11232.4,       1.53,       1.63
    0,    11,     8,      70.07,     111.35,       0.00,    13303.5,       1.62,       1.67
    0,    11,     9,     112.74,     131.25,       0.00,    16341.2,       1.68,       1.62
    0,    11,    10,      95.02,     138.15,       0.00,     7189.5,       1.59,       1.56
    0,    11,    11,     101.85,     164.27,       0.00,     9500.4,       1.62,       1.52
    0,    12,     1,       8.87,      14.60,       0.00,     3206.6,       1.55,       1.73
    0,    12,     2,      29.24,      30.93,       0.00,    18468.8,       1.77,       1.64
    0,    12,     3,      68.44,      72.78,       0.00,    13342.6,       1.60,       1.62
    0,    12,     4,      43.80,      73.02,       0.00,     9674.5,       1.68,       1.60
    0,    12,     5,      86.10,      73.97,       0.00,     6994.1,       1.50,       1.57
    0,    12,     6,     136.86,      74.76,       0.00,     9918.8,       1.52,       1.59
    0,    12,     7,     103.66,      78.35,       0.00,    11899.4,       1.50,       1.70
    0,    12,     8,     125.91,      90.39,       0.00,      979.3,       1.59,       1.83
    0,    12,     9,      70.00,     111.31,       0.00,    13354.8,       1.60,       1.66
    0,    12,    10,     112.75,     131.25,       0.00,    16523.1,       1.68,       1.63
    0,    12,    11,      95.04,     138.15,       0.00,     6876.6,       1.57,       1.59
    0,    12,    12,     101.79,     164.29,       0.00,     9757.6,       1.61,       1.48
    0,    13,     1,       8.89,      14.50,       0.00,     2840.0,       1.57,       1.53
    0,    13,     2,      29.23,      30.93,       0.00,    18072.4,       1.79,       1.65
    0,    13,     3,      43.83,      73.01,       0.00,     9169.7,       1.64,       1.54
    0,    13,     4,      68.44,      72.80,       0.00,    13283.5,       1.59,       1.65
    0,    13,     5,      86.11,      73.93,       0.00,     7287.7,       1.53,       1.64
    0,    13,     6,     136.87,      74.80,       0.00,    10378.9,       1.57,       1.60
    0,    13,     7,     103.67,      78.39,       0.00,    11527.5,       1.53,       1.66
    0,    13,     8,      70.05,     111.34,       0.00,    13051.6,       1.63,       1.65
    0,    13,     9,     112.75,     131.26,       0.00,    16352.7,       1.65,       1.63
    0,    13,    10,      95.01,     138.12,       0.00,     6875.6,       1.63,       1.52
    0,    13,    11,     101.75,     164.30,       0.00,    10421.2,       1.65,       1.55
    0,    14,     1,       8.88,      14.58,       0.00,     3006.0,       1.61,       1.60
    0,    14,     2,      29.21,      30.96,       0.00,    18571.9,       1.80,       1.63
    0,    14,     3,      68.43,      72.82,       0.00,    12723.6,       1.58,       1.60
    0,    14,     4,      43.76,      73.00,       0.00,     9600.9,       1.63,       1.56
    0,    14,     5,      86.04,      73.90,       0.00,     7141.1,       1.53,       1.59
    0,    14,     6,     136.83,      74.78,       0.00,    10659.5,       1.57,       1.59
    0,    14,     7,     103.66,      78.35,       0.00,    11649.5,       1.52,       1.69
    0,    14,     8,      70.06,     111.35,       0.00,    13278.5,       1.61,       1.66
    0,    14,     9,     112.74,     131.25,       0.00,    15494.4,       1.64,       1.59
    0,    14,    10,      95.05,     138.11,       0.00,     7147.8,       1.63,       1.51
    0,    14,    11,     101.82,     164.24,       0.00,    10036.7,       1.56,       1.58
    0,    15,     1,       8.86,      14.50,       0.00,     2872.1,       1.41,       1.64
    0,    15,     2,      29.26,      30.93,       0.00,    18659.9,       1.80,       1.63
    0,    15,     3,      68.43,      72.77,       0.00,    12990.3,       1.56,       1.60
    0,    15,     4,      43.79,      73.00,       0.00,     9592.0,       1.65,       1.54
    0,    15,     5,      86.14,      74.00,       0.00,     6645.7,       1.50,       1.58
    0,    15,     6,     136.83,      74.78,       0.00,    10311.4,       1.60,       1.60
    0,    15,     7,     103.68,      78.37,       0.00,    12367.0,       1.51,       1.67
    0,    15,     8,      70.10,     111.30,       0.00,    13145.3,       1.64,       1.63
    0,    15,     9,     112.77,     131.25,       0.00,    15684.0,       1.69,       1.61
    0,    15,    10,      95.08,     138.12,       0.00,     6993.6,       1.62,       1.51
    0,    15,    11,     101.74,     164.27,       0.00,    10647.0,       1.61,       1.56
    0,    16,     1,       8.90,      14.51,       0.00,     2997.6,       1.58,       1.63
    0,    16,     2,      29.15,      30.96,       0.00,    18515.1,       1.79,       1.63
    0,    16,     3,      43.84,      73.03,       0.00,     9337.1,       1.64,       1.54
    0,    16,     4,      68.46,      72.78,       0.00,    12645.5,       1.63,       1.58
    0,    16,     5,      86.12,      74.00,       0.00,     7100.2,       1.54,       1.57
    0,    16,     6,     136.79,      74.83,       0.00,    10096.0,       1.61,       1.55
    0,    16,     7,     103.67,      78.33,       0.00,    11889.9,       1.51,       1.67
    0,    16,     8,      70.10,     111.35,       0.00,    12882.6,       1.60,       1.64
    0,    16,     9,     112.77,     131.26,       0.00,    16208.6,       1.70,       1.61
    0,    16,    10,      95.00,     138.10,       0.00,     7346.0,       1.66,       1.55
    0,    16,    11,     101.76,     164.31,       0.00,    10325.9,       1.63,       1.50
    0,    17,     1,       8.92,      14.45,       0.00,     2919.0,       1.46,       1.66
    0,    17,     2,      29.25,      30.92,       0.00,    18645.9,       1.82,       1.63
    0,    17,     3,      68.43,      72.75,       0.00,    12239.4,       1.56,       1.55
    0,    17,     4,      43.78,      73.00,       0.00,     9352.9,       1.63,       1.55
    0,    17,     5,      86.08,      73.97,       0.00,     7637.5,       1.50,       1.62
    0,    17,     6,     136.83,      74.82,       0.00,    10132.6,       1.55,       1.60
    0,    17,     7,     103.63,      78.33,       0.00,    12057.5,       1.55,       1.73
    0,    17,     8,      70.09,     111.32,       0.00,    13260.5,       1.59,       1.67
    0,    17,     9,     112.78,     131.24,       0.00,    16004.2,       1.71,       1.63
    0,    17,    10,      95.06,     138.07,       0.00,     7297.0,       1.59,       1.59
    0,    17,    11,     101.81,     164.25,       0.00,    10178.8,       1.62,       1.56
    0,    18,     1,       8.89,      14.54,       0.00,     2816.4,       1.49,       1.64
    0,    18,     2,      29.23,      30.93,       0.00,    18486.6,       1.80,       1.64
    0,    18,     3,      68.42,      72.81,       0.00,    12989.9,       1.60,       1.64
    0,    18,     4,      43.81,      72.98,       0.00,     9717.0,       1.73,       1.53
    0,    18,     5,      86.10,      73.98,       0.00,     7749.6,       1.51,       1.56
    0,    18,     6,     136.78,      74.80,       0.00,    10353.1,       1.56,       1.56
    0,    18,     7,     103.64,      78.40,       0.00,    12135.4,       1.51,       1.71
    0,    18,     8,      70.07,     111.35,       0.00,    13174.4,       1.63,       1.65
    0,    18,     9,     112.75,     131.23,       0.00,    15857.6,       1.73,       1.59
    0,    18,    10,      95.04,     138.10,       0.00,     7192.9,       1.62,       1.52
    0,    18,    11,     101.80,     164.23,       0.00,    10467.1,       1.56,       1.55
    0,    19,     1,       8.94,      14.59,       0.00,     2891.5,       1.48,       1.63
    0,    19,     2,      29.23,      30.94,       0.00,    18593.9,       1.80,       1.64
    0,    19,     3,      68.42,      72.74,       0.00,    12591.5,       1.59,       1.62
    0,    19,     4,      43.79,      73.00,       0.00,    10191.7,       1.68,       1.49
    0,    19,     5,      86.09,      74.00,       0.00,     7348.6,       1.51,       1.58
    0,    19,     6,     136.85,      74.80,       0.00,    10483.5,       1.58,       1.66
    0,    19,     7,     103.66,      78.36,       0.00,    11830.0,       1.51,       1.66
    0,    19,     8,      70.03,     111.33,       0.00,    12994.4,       1.65,       1.65
    0,    19,     9,     112.72,     131.24,       0.00,    15801.7,       1.70,       1.60
    0,    19,    10,      95.06,     138.11,       0.00,     7469.3,       1.62,       1.56
    0,    19,    11,     101.77,     164.21,       0.00,    10362.1,       1.59,       1.58
    0,    20,     1,       8.97,      14.57,       0.00,     2835.2,       1.54,       1.61
    0,    20,     2,      29.21,      30.95,       0.00,    18822.9,       1.78,       1.66
    0,    20,     3,      68.44,      72.73,       0.00,    12660.5,       1.60,       1.55
    0,    20,     4,      43.78,      73.01,       0.00,     9736.5,       1.71,       1.49
    0,    20,     5,      86.06,      74.01,       0.00,     7316.2,       1.62,       1.56
    0,    20,     6,     136.84,      74.85,       0.00,    10696.6,       1.61,       1.64
    0,    20,     7,     103.65,      78.37,       0.00,    11647.9,       1.55,       1.66
    0,    20,     8,      70.08,     111.29,       0.00,    13166.1,       1.65,       1.65
    0,    20,     9,     112.75,     131.28,       0.00,    16888.6,       1.68,       1.64
    0,    20,    10,      95.02,     138.11,       0.00,     7338.7,       1.58,       1.54
    0,    20,    11,     101.83,     164.30,       0.00,    10032.0,       1.62,       1.54
    0,    21,     1,       8.84,      14.57,       0.00,     2838.2,       1.64,       1.63
    0,    21,     2,      29.22,      30.95,       0.00,    18316.9,       1.79,       1.62
    0,    21,     3,      68.46,      72.75,       0.00,    12551.8,       1.55,       1.63
    0,    21,     4,      43.75,      73.01,       0.00,     9358.2,       1.69,       1.48
    0,    21,     5,      86.05,      73.98,       0.00,     7195.8,       1.52,       1.56
    0,    21,     6,     136.85,      74.83,       0.00,    10674.2,       1.58,       1.61
    0,    21,     7,     103.64,      78.30,       0.00,    11974.0,       1.49,       1.67
    0,    21,     8,     125.92,      89.25,       0.00,     1253.9,       1.63,       2.73
    0,    21,     9,      70.06,     111.29,       0.00,    13484.5,       1.59,       1.63
    0,    21,    10,     112.75,     131.24,       0.00,    15932.2,       1.69,       1.58
    0,    21,    11,      95.04,     138.10,       0.00,     7045.0,       1.61,       1.55
    0,    21,    12,     101.76,     164.27,       0.00,     9738.1,       1.62,       1.49
    0,    22,     1,       8.98,      14.44,       0.00,     2963.7,       1.62,       1.70
    0,    22,     2,      29.25,      30.91,       0.00,    18384.1,       1.81,       1.61
    0,    22,     3,      68.47,      72.76,       0.00,    12953.5,       1.58,       1.62
    0,    22,     4,      43.81,      72.96,       0.00,     9804.9,       1.69,       1.61
    0,    22,     5,      86.05,      73.96,       0.00,     7636.8,       1.51,       1.60
    0,    22,     6,     136.83,      74.84,       0.00,    10238.0,       1.61,       1.60
    0,    22,     7,     103.66,      78.35,       0.00,    11601.0,       1.50,       1.67
    0,    22,     8,      70.07,     111.28,       0.00,    13280.5,       1.59,       1.67
    0,    22,     9,     112.72,     131.27,       0.00,    15619.6,       1.67,       1.60
    0,    22,    10,      95.05,     138.14,       0.00,     7493.4,       1.63,       1.55
    0,    22,    11,     101.82,     164.28,       0.00,     9235.5,       1.60,       1.53
    0,    23,     1,       8.81,      14.57,       0.00,     2896.7,       1.72,       1.58
    0,    23,     2,      29.24,      30.92,       0.00,    18411.9,       1.78,       1.63
    0,    23,     3,      68.42,      72.77,       0.00,    12608.8,       1.54,       1.59
    0,    23,     4,      43.78,      73.06,       0.00,     9381.8,       1.64,       1.58
    0,    23,     5,      86.10,      73.98,       0.00,     7833.1,       1.55,       1.60
    0,    23,     6,     136.82,      74.82,       0.00,    10383.7,       1.60,       1.56
    0,    23,     7,     103.70,      78.36,       0.00,    11256.3,       1.51,       1.63
    0,    23,     8,      70.05,     111.33,       0.00,    13482.2,       1.65,       1.67
    0,    23,     9,     112.79,     131.23,       0.00,    15946.8,       1.67,       1.61
    0,    23,    10,      95.04,     138.15,       0.00,     6914.4,       1.57,       1.54
    0,    23,    11,     101.77,     164.27,       0.00,    10360.1,       1.64,       1.55
    0,    24,     1,       9.03,      14.49,       0.00,     3035.6,       1.56,       1.62
    0,    24,     2,      29.24,      30.96,       0.00,    18773.0,       1.79,       1.66
    0,    24,     3,      68.48,      72.74,       0.00,    12981.3,       1.60,       1.63
    0,    24,     4,      43.78,      72.98,       0.00,     9627.6,       1.65,       1.50
    0,    24,     5,      86.10,      73.97,       0.00,     7430.1,       1.57,       1.52
    0,    24,     6,     136.83,      74.81,       0.00,    10578.0,       1.55,       1.63
    0,    24,     7,     103.63,      78.34,       0.00,    11345.8,       1.51,       1.68
    0,    24,     8,      70.06,     111.31,       0.00,    13700.4,       1.63,       1.69
    0,    24,     9,     112.75,     131.25,       0.00,    16050.5,       1.65,       1.62
    0,    24,    10,      95.03,     138.09,       0.00,     7411.2,       1.58,       1.58
    0,    24,    11,     101.79,     164.24,       0.00,    10327.4,       1.65,       1.53
    0,    25,     1,       8.84,      14.54,       0.00,     2861.3,       1.51,       1.59
    0,    25,     2,      29.22,      30.91,       0.00,    18538.0,       1.78,       1.66
    0,    25,     3,      43.80,      73.05,       0.00,     9928.7,       1.67,       1.54
    0,    25,     4,      68.46,      72.75,       0.00,    12847.5,       1.62,       1.58
    0,    25,     5,      86.11,      73.93,       0.00,     7347.3,       1.52,       1.59
    0,    25,     6,     136.81,      74.84,       0.00,    10223.0,       1.59,       1.52
    0,    25,     7,     103.69,      78.38,       0.00,    11573.1,       1.56,       1.69
    0,    25,     8,      70.09,     111.34,       0.00,    13911.4,       1.61,       1.71
    0,    25,     9,     112.76,     131.24,       0.00,    16008.5,       1.64,       1.60
    0,    25,    10,      95.02,     138.09,       0.00,     7137.5,       1.56,       1.58
    0,    25,    11,     101.80,     164.27,       0.00,     9947.8,       1.61,       1.52
    0,    26,     1,       9.01,      14.50,       0.00,     3075.5,       1.71,       1.64
    0,    26,     2,      29.23,      30.92,       0.00,    17716.5,       1.81,       1.62
    0,    26,     3,      68.44,      72.75,       0.00,    12381.2,       1.56,       1.56
    0,    26,     4,      43.78,      73.04,       0.00,     9250.9,       1.67,       1.47
    0,    26,     5,      86.08,      73.95,       0.00,     8094.1,       1.54,       1.62
    0,    26,     6,     136.80,      74.80,       0.00,    10558.1,       1.59,       1.65
    0,    26,     7,     103.67,      78.37,       0.00,    12083.3,       1.57,       1.69
    0,    26,     8,      70.07,     111.33,       0.00,    13290.9,       1.59,       1.67
    0,    26,     9,     112.79,     131.25,       0.00,    16330.3,       1.65,       1.63
    0,    26,    10,      95.05,     138.05,       0.00,     6940.3,       1.59,       1.53
    0,    26,    11,     101.82,     164.22,       0.00,    10429.1,       1.60,       1.56
    0,    27,     1,       8.88,      14.54,       0.00,     3160.8,       1.61,       1.66
    0,    27,     2,      29.24,      30.94,       0.00,    18443.2,       1.80,       1.64
    0,    27,     3,      68.43,      72.77,       0.00,    12469.0,       1.58,       1.57
    0,    27,     4,      43.82,      72.98,       0.00,     9431.1,       1.65,       1.53
    0,    27,     5,      86.06,      73.94,       0.00,     7535.9,       1.49,       1.62
    0,    27,     6,     136.80,      74.81,       0.00,    10620.9,       1.57,       1.59
    0,    27,     7,     103.68,      78.37,       0.00,    12030.0,       1.54,       1.71
    0,    27,     8,      70.05,     111.33,       0.00,    13655.1,       1.63,       1.63
    0,    27,     9,     112.76,     131.26,       0.00,    16298.2,       1.69,       1.63
    0,    27,    10,      95.05,     138.10,       0.00,     7248.8,       1.68,       1.60
    0,    27,    11,     101.78,     164.30,       0.00,    10986.6,       1.58,       1.55
    0,    28,     1,       8.85,      14.57,       0.00,     3008.3,       1.65,       1.64
    0,    28,     2,      29.23,      30.91,       0.00,    17850.7,       1.76,       1.62
    0,    28,     3,      68.46,      72.74,       0.00,    12491.3,       1.61,       1.55
    0,    28,     4,      43.75,      73.03,       0.00,    10035.8,       1.71,       1.57
    0,    28,     5,      86.11,      73.97,       0.00,     7635.1,       1.61,       1.57
    0,    28,     6,     136.82,      74.79,       0.00,    10752.3,       1.53,       1.63
    0,    28,     7,     103.73,      78.37,       0.00,    11330.9,       1.59,       1.69
    0,    28,     8,      70.08,     111.32,       0.00,    12862.0,       1.65,       1.69
    0,    28,     9,     112.79,     131.24,       0.00,    16122.6,       1.67,       1.63
    0,    28,    10,      95.08,     138.10,       0.00,     7694.1,       1.64,       1.61
    0,    28,    11,     101.80,     164.29,       0.00,    10574.6,       1.57,       1.57
    0,    29,     1,       8.87,      14.48,       0.00,     3001.5,       1.63,       1.66
    0,    29,     2,      29.22,      30.91,       0.00,    18359.5,       1.81,       1.60
    0,    29,     3,      68.45,      72.76,       0.00,    13145.8,       1.57,       1.62
    0,    29,     4,      43.81,      73.02,       0.00,     9104.0,       1.66,       1.53
    0,    29,     5,      86.09,      73.97,       0.00,     7594.4,       1.58,       1.60
    0,    29,     6,     136.80,      74.78,       0.00,    10756.2,       1.57,       1.57
    0,    29,     7,     103.66,      78.38,       0.00,    11635.8,       1.51,       1.67
    0,    29,     8,      70.09,     111.33,       0.00,    12787.0,       1.63,       1.63
    0,    29,     9,     112.77,     131.26,       0.00,    16098.0,       1.67,       1.62
    0,    29,    10,      95.02,     138.12,       0.00,     6808.0,       1.59,       1.56
    0,    29,    11,     101.85,     164.28,       0.00,    10638.9,       1.59,       1.60
    0,    30,     1,       8.84,      14.57,       0.00,     2624.7,       1.61,       1.55
    0,    30,     2,      29.24,      30.97,       0.00,    18154.7,       1.79,       1.64
    0,    30,     3,      68.44,      72.81,       0.00,    13061.6,       1.59,       1.64
    0,    30,     4,      43.84,      72.98,       0.00,     9262.3,       1.66,       1.45
    0,    30,     5,      86.08,      74.02,       0.00,     7208.6,       1.51,       1.60
    0,    30,     6,     136.82,      74.83,       0.00,    10178.9,       1.56,       1.59
    0,    30,     7,     103.67,      78.39,       0.00,    11715.8,       1.52,       1.68
    0,    30,     8,      70.08,     111.35,       0.00,    12773.9,       1.60,       1.62
    0,    30,     9,     112.74,     131.24,       0.00,    15967.3,       1.69,       1.62
    0,    30,    10,      95.05,     138.16,       0.00,     7253.9,       1.63,       1.55
    0,    30,    11,     101.80,     164.27,       0.00,    10389.7,       1.64,       1.51
    0,    31,     1,       8.86,      14.56,       0.00,     3113.0,       1.49,       1.69
    0,    31,     2,      29.23,      30.94,       0.00,    18463.4,       1.80,       1.63
    0,    31,     3,      68.42,      72.77,       0.00,    13112.4,       1.59,       1.65
    0,    31,     4,      43.83,      73.02,       0.00,     8832.2,       1.63,       1.59
    0,    31,     5,      86.08,      74.07,       0.00,     7104.5,       1.51,       1.58
    0,    31,     6,     136.80,      74.79,       0.00,     9948.0,       1.56,       1.55
    0,    31,     7,     103.66,      78.42,       0.00,    11903.7,       1.48,       1.69
    0,    31,     8,      70.08,     111.33,       0.00,    13420.3,       1.60,       1.69
    0,    31,     9,     112.77,     131.25,       0.00,    15458.4,       1.69,       1.61
    0,    31,    10,      95.09,     138.07,       0.00,     7170.3,       1.61,       1.56
    0,    31,    11,     101.78,     164.28,       0.00,    10092.8,       1.63,       1.51
    0,    32,     1,       8.81,      14.58,       0.00,     3035.4,       1.68,       1.58
    0,    32,     2,      29.22,      30.94,       0.00,    18690.0,       1.80,       1.63
    0,    32,     3,      68.47,      72.78,       0.00,    13348.6,       1.58,       1.63
    0,    32,     4,      43.80,      72.98,       0.00,     8973.0,       1.64,       1.62
    0,    32,     5,      86.09,      73.98,       0.00,     7292.4,       1.50,       1.56
    0,    32,     6,     136.80,      74.79,       0.00,     9897.8,       1.63,       1.60
    0,    32,     7,     103.69,      78.36,       0.00,    11033.4,       1.49,       1.70
    0,    32,     8,      70.08,     111.32,       0.00,    13004.3,       1.59,       1.66
    0,    32,     9,     112.73,     131.25,       0.00,    15469.4,       1.72,       1.59
    0,    32,    10,      95.04,     138.08,       0.00,     6828.8,       1.65,       1.50
    0,    32,    11,     101.81,     164.32,       0.00,    10959.8,       1.67,       1.50
    0,    33,     1,       8.92,      14.61,       0.00,     3132.7,       1.51,       1.58
    0,    33,     2,      29.25,      30.93,       0.00,    18747.0,       1.80,       1.64
    0,    33,     3,      68.42,      72.79,       0.00,    13547.9,       1.62,       1.65
    0,    33,     4,      43.85,      72.98,       0.00,     9150.9,       1.64,       1.55
    0,    33,     5,      86.04,      74.00,       0.00,     7515.4,       1.53,       1.59
    0,    33,     6,     136.82,      74.83,       0.00,     9943.1,       1.60,       1.55
    0,    33,     7,     103.69,      78.37,       0.00,    11644.1,       1.48,       1.68
    0,    33,     8,     125.95,      90.37,       0.00,     1140.0,       1.68,       2.48
    0,    33,     9,      70.04,     111.31,       0.00,    13212.2,       1.63,       1.65
    0,    33,    10,     112.71,     131.25,       0.00,    15494.0,       1.70,       1.60
    0,    33,    11,      95.04,     138.09,       0.00,     6846.6,       1.60,       1.54
    0,    33,    12,     101.77,     164.30,       0.00,    10666.1,       1.63,       1.56
    0,    34,     1,       8.86,      14.53,       0.00,     2868.2,       1.58,       1.60
    0,    34,     2,      29.22,      30.94,       0.00,    17677.5,       1.78,       1.62
    0,    34,     3,      68.44,      72.78,       0.00,    12613.5,       1.57,       1.61
    0,    34,     4,      43.78,      73.02,       0.00,     9596.6,       1.68,       1.59
    0,    34,     5,      86.11,      73.99,       0.00,     7637.7,       1.52,       1.67
    0,    34,     6,     136.80,      74.83,       0.00,    10200.7,       1.56,       1.60
    0,    34,     7,     103.66,      78.36,       0.00,    12033.8,       1.52,       1.69
    0,    34,     8,      70.08,     111.30,       0.00,    13149.3,       1.62,       1.64
    0,    34,     9,     112.79,     131.27,       0.00,    15908.8,       1.70,       1.62
    0,    34,    10,      95.03,     138.11,       0.00,     7230.1,       1.54,       1.55
    0,    34,    11,     101.81,     164.30,       0.00,    10725.2,       1.61,       1.57
    0,    35,     1,       8.84,      14.52,       0.00,     3053.6,       1.51,       1.71
    0,    35,     2,      29.22,      30.95,       0.00,    18566.6,       1.79,       1.63
    0,    35,     3,      68.43,      72.77,       0.00,    12701.7,       1.59,       1.62
    0,    35,     4,      43.82,      73.04,       0.00,    10047.9,       1.70,       1.55
    0,    35,     5,      86.09,      73.99,       0.00,     7353.6,       1.55,       1.55
    0,    35,     6,     136.85,      74.78,       0.00,     9489.9,       1.54,       1.56
    0,    35,     7,     103.65,      78.34,       0.00,    11939.9,       1.56,       1.71
    0,    35,     8,      70.02,     111.34,       0.00,    13210.6,       1.67,       1.66
    0,    35,     9,     112.73,     131.29,       0.00,    15543.1,       1.68,       1.59
    0,    35,    10,      95.04,     138.14,       0.00,     6740.5,       1.64,       1.56
    0,    35,    11,     101.78,     164.31,       0.00,    10045.0,       1.57,       1.56
    0,    35,    12,     128.94,     167.69,       0.00,      914.6,       2.15,       0.90
    0,    36,     1,       8.78,      14.55,       0.00,     3043.1,       1.51,       1.61
    0,    36,     2,      29.21,      30.95,       0.00,    18681.8,       1.81,       1.64
    0,    36,     3,      43.83,      73.00,       0.00,     9753.4,       1.65,       1.58
    0,    36,     4,      68.45,      72.79,       0.00,    12866.6,       1.55,       1.61
    0,    36,     5,      86.05,      74.00,       0.00,     7465.8,       1.56,       1.57
    0,    36,     6,     136.81,      74.80,       0.00,     9916.2,       1.61,       1.58
    0,    36,     7,     103.65,      78.35,       0.00,    12155.5,       1.53,       1.71
    0,    36,     8,      70.05,     111.34,       0.00,    12947.0,       1.59,       1.65
    0,    36,     9,     112.73,     131.23,       0.00,    15541.6,       1.65,       1.61
    0,    36,    10,      95.08,     138.12,       0.00,     6809.1,       1.56,       1.53
    0,    36,    11,     101.80,     164.32,       0.00,    11010.6,       1.62,       1.60
    0,    36,    12,     128.72,     167.58,       0.00,     1047.4,       1.77,       1.21
    0,    37,     1,       8.97,      14.52,       0.00,     3181.1,       1.59,       1.70
    0,    37,     2,      29.20,      30.94,       0.00,    18790.4,       1.79,       1.65
    0,    37,     3,      68.40,      72.79,       0.00,    12741.9,       1.56,       1.61
    0,    37,     4,      43.77,      73.03,       0.00,     9360.5,       1.61,       1.53
    0,    37,     5,      86.08,      74.02,       0.00,     7874.2,       1.55,       1.59
    0,    37,     6,     136.79,      74.82,       0.00,    10524.1,       1.56,       1.59
    0,    37,     7,     103.65,      78.38,       0.00,    11985.1,       1.53,       1.74
    0,    37,     8,      69.99,     111.31,       0.00,    12719.1,       1.61,       1.61
    0,    37,     9,     112.74,     131.27,       0.00,    15925.3,       1.64,       1.60
    0,    37,    10,      95.06,     138.07,       0.00,     7062.2,       1.60,       1.54
    0,    37,    11,     101.77,     164.28,       0.00,    10498.2,       1.68,       1.56
    0,    37,    12,     129.20,     167.52,       0.00,      863.4,       1.88,       1.08
    0,    38,     1,       8.83,      14.63,       0.00,     3002.5,       1.54,       1.61
    0,    38,     2,      29.21,      30.92,       0.00,    18883.3,       1.80,       1.65
    0,    38,     3,      68.44,      72.75,       0.00,    12674.2,       1.54,       1.56
    0,    38,     4,      43.79,      73.00,       0.00,    10577.5,       1.66,       1.56
    0,    38,     5,      86.01,      73.97,       0.00,     7392.7,       1.50,       1.58
    0,    38,     6,     136.81,      74.77,       0.00,    10432.8,       1.55,       1.57
    0,    38,     7,     103.70,      78.38,       0.00,    11954.4,       1.52,       1.72
    0,    38,     8,      70.05,     111.32,       0.00,    13040.4,       1.62,       1.63
    0,    38,     9,     112.79,     131.25,       0.00,    16086.0,       1.69,       1.64
    0,    38,    10,      95.05,     138.08,       0.00,     6827.4,       1.65,       1.52
    0,    38,    11,     101.75,     164.28,       0.00,    10369.6,       1.62,       1.54
    0,    38,    12,     129.21,     167.52,       0.00,      824.9,       1.76,       1.09
    0,    39,     1,       8.90,      14.51,       0.00,     3435.2,       1.67,       1.66
    0,    39,     2,      29.19,      30.96,       0.00,    18350.4,       1.78,       1.65
    0,    39,     3,      68.43,      72.76,       0.00,    12886.6,       1.58,       1.58
    0,    39,     4,      43.81,      73.00,       0.00,     9031.8,       1.60,       1.55
    0,    39,     5,      86.08,      73.97,       0.00,     7663.7,       1.55,       1.59
    0,    39,     6,     136.79,      74.81,       0.00,    10526.2,       1.54,       1.57
    0,    39,     7,     103.66,      78.38,       0.00,    12020.6,       1.52,       1.67
    0,    39,     8,      70.06,     111.34,       0.00,    12799.1,       1.61,       1.65
    0,    39,     9,     112.76,     131.28,       0.00,    15097.7,       1.62,       1.59
    0,    39,    10,      95.05,     138.13,       0.00,     6932.8,       1.57,       1.59
    0,    39,    11,     101.82,     164.29,       0.00,    10877.7,       1.62,       1.63
    0,    39,    12,     129.14,     167.50,       0.00,      985.2,       1.75,       1.24
