#stackID(UINT32), frameID(UINT32), eventID(UINT32), x0(float), y0(float), z0(float), photon_count0(float), sigmaX0(float), sigmaY0(float) 
    0,     0,     1,       9.01,      14.30,       0.00,     3628.4,       1.19,       2.67
    0,     0,     2,      29.30,      30.69,       0.00,    23088.2,       1.19,       2.63
    0,     0,     3,      68.48,      72.40,       0.00,    15501.0,       1.11,       2.61
    0,     0,     4,      43.83,      72.64,       0.00,    10813.1,       1.12,       2.55
    0,     0,     5,      86.18,      73.68,       0.00,     7543.3,       1.14,       2.60
    0,     0,     6,     136.85,      74.53,       0.00,    12884.9,       1.10,       2.66
    0,     0,     7,     103.75,      78.17,       0.00,    12972.6,       1.14,       2.69
    0,     0,     8,      70.07,     110.96,       0.00,    15207.5,       1.15,       2.59
    0,     0,     9,     112.76,     130.99,       0.00,    17676.6,       1.14,       2.54
    0,     0,    10,      95.06,     137.80,       0.00,     7829.0,       1.12,       2.59
    0,     0,    11,     101.87,     163.99,       0.00,    12322.8,       1.12,       2.61
    0,     1,     1,       9.10,      14.22,       0.00,     3149.6,       1.01,       2.62
    0,     1,     2,      29.28,      30.63,       0.00,    21662.5,       1.19,       2.55
    0,     1,     3,      43.86,      72.63,       0.00,    10923.6,       1.15,       2.63
    0,     1,     4,      68.49,      72.47,       0.00,    15452.0,       1.09,       2.59
    0,     1,     5,      86.16,      73.73,       0.00,     7671.9,       1.12,       2.53
    0,     1,     6,     136.85,      74.47,       0.00,    12377.0,       1.09,       2.53
    0,     1,     7,     103.74,      78.16,       0.00,    12315.8,       1.09,       2.69
    0,     1,     8,      70.05,     110.98,       0.00,    15074.1,       1.11,       2.63
    0,     1,     9,     112.79,     130.98,       0.00,    17549.3,       1.16,       2.53
    0,     1,    10,      95.06,     137.76,       0.00,     7525.5,       1.14,       2.53
    0,     1,    11,     101.86,     163.99,       0.00,    12407.5,       1.13,       2.54
    0,     2,     1,       9.09,      14.34,       0.00,     3228.4,       1.08,       2.50
    0,     2,     2,      29.28,      30.68,       0.00,    22308.5,       1.20,       2.64
    0,     2,     3,      43.80,      72.73,       0.00,    10835.5,       1.11,       2.44
    0,     2,     4,      68.50,      72.46,       0.00,    15020.9,       1.10,       2.61
    0,     2,     5,      86.16,      73.75,       0.00,     7829.3,       1.10,       2.56
    0,     2,     6,     136.86,      74.47,       0.00,    12611.3,       1.12,       2.60
    0,     2,     7,     103.71,      78.18,       0.00,    12407.6,       1.06,       2.68
    0,     2,     8,      70.07,     111.02,       0.00,    14831.6,       1.11,       2.62
    0,     2,     9,     112.77,     130.97,       0.00,    18160.8,       1.15,       2.60
    0,     2,    10,      95.05,     137.88,       0.00,     7624.8,       1.08,       2.50
    0,     2,    11,     101.84,     163.94,       0.00,    11105.1,       1.11,       2.56
    0,     3,     1,       9.12,      14.07,       0.00,     3295.8,       1.06,       2.63
    0,     3,     2,      29.28,      30.67,       0.00,    22137.7,       1.20,       2.57
    0,     3,     3,      43.78,      72.71,       0.00,    10810.6,       1.14,       2.57
    0,     3,     4,      68.49,      72.48,       0.00,    14804.1,       1.11,       2.61
    0,     3,     5,      86.14,      73.77,       0.00,     7642.4,       1.10,       2.62
    0,     3,     6,     136.82,      74.48,       0.00,    12662.7,       1.10,       2.61
    0,     3,     7,     103.71,      78.20,       0.00,    12723.1,       1.10,       2.63
    0,     3,     8,      70.08,     111.02,       0.00,    15006.6,       1.13,       2.67
    0,     3,     9,     112.75,     131.00,       0.00,    17615.3,       1.19,       2.52
    0,     3,    10,      95.04,     137.76,       0.00,     7445.7,       1.10,       2.54
    0,     3,    11,     101.86,     164.03,       0.00,    11349.1,       1.11,       2.57
    0,     4,     1,       8.94,      14.06,       0.00,     3285.3,       1.02,       2.45
    0,     4,     2,      29.28,      30.65,       0.00,    21897.1,       1.21,       2.58
    0,     4,     3,      68.49,      72.49,       0.00,    14971.1,       1.13,       2.67
    0,     4,     4,      43.82,      72.69,       0.00,    11066.4,       1.12,       2.62
    0,     4,     5,      86.20,      73.68,       0.00,     7350.8,       1.05,       2.55
    0,     4,     6,     136.83,      74.52,       0.00,    12453.7,       1.13,       2.64
    0,     4,     7,     103.73,      78.16,       0.00,    11918.2,       1.09,       2.67
    0,     4,     8,      70.04,     110.96,       0.00,    14850.9,       1.10,       2.65
    0,     4,     9,     112.77,     131.03,       0.00,    17745.1,       1.15,       2.53
    0,     4,    10,      95.00,     137.82,       0.00,     7684.6,       1.10,       2.62
    0,     4,    11,     101.88,     164.01,       0.00,    11450.1,       1.11,       2.51
    0,     5,     1,       8.99,      14.21,       0.00,     3543.7,       1.08,       2.64
    0,     5,     2,      29.27,      30.63,       0.00,    21737.6,       1.20,       2.58
    0,     5,     3,      43.79,      72.71,       0.00,    11044.6,       1.09,       2.54
    0,     5,     4,      68.48,      72.49,       0.00,    14951.8,       1.12,       2.62
    0,     5,     5,      86.16,      73.63,       0.00,     7678.1,       1.14,       2.57
    0,     5,     6,     136.84,      74.52,       0.00,    11892.4,       1.10,       2.57
    0,     5,     7,     103.71,      78.18,       0.00,    12269.5,       1.10,       2.74
    0,     5,     8,      70.07,     111.01,       0.00,    14980.9,       1.12,       2.68
    0,     5,     9,     112.77,     130.94,       0.00,    17779.7,       1.18,       2.52
    0,     5,    10,      95.03,     137.70,       0.00,     7827.8,       1.13,       2.56
    0,     5,    11,     101.88,     163.99,       0.00,    11169.9,       1.11,       2.54
    0,     6,     1,       9.03,      14.12,       0.00,     3621.4,       1.17,       2.50
    0,     6,     2,      29.28,      30.64,       0.00,    21661.6,       1.19,       2.58
    0,     6,     3,      43.82,      72.69,       0.00,    11503.7,       1.11,       2.55
    0,     6,     4,      68.49,      72.51,       0.00,    15542.1,       1.12,       2.66
    0,     6,     5,      86.14,      73.71,       0.00,     7398.8,       1.09,       2.62
    0,     6,     6,     136.83,      74.52,       0.00,    12247.7,       1.13,       2.61
    0,     6,     7,     103.72,      78.13,       0.00,    12332.9,       1.11,       2.63
    0,     6,     8,      70.09,     111.01,       0.00,    15191.0,       1.12,       2.61
    0,     6,     9,     112.77,     131.00,       0.00,    17925.6,       1.17,       2.54
    0,     6,    10,      95.06,     137.79,       0.00,     7418.0,       1.12,       2.50
    0,     6,    11,     101.89,     163.99,       0.00,    10527.2,       1.13,       2.50
    0,     7,     1,       9.04,      14.05,       0.00,     3394.5,       1.13,       2.48
    0,     7,     2,      29.26,      30.60,       0.00,    21799.2,       1.19,       2.60
    0,     7,     3,      43.81,      72.75,       0.00,    11678.3,       1.12,       2.58
    0,     7,     4,      68.48,      72.45,       0.00,    14834.3,       1.12,       2.62
    0,     7,     5,      86.18,      73.78,       0.00,     7281.4,       1.13,       2.58
    0,     7,     6,     136.82,      74.47,       0.00,    12315.9,       1.13,       2.57
    0,     7,     7,     103.68,      78.13,       0.00,    11513.5,       1.09,       2.63
    0,     7,     8,      70.08,     111.07,       0.00,    14862.0,       1.12,       2.64
    0,     7,     9,     112.76,     131.00,       0.00,    17151.6,       1.16,       2.53
    0,     7,    10,      95.00,     137.75,       0.00,     7703.7,       1.14,       2.49
    0,     7,    11,     101.87,     163.96,       0.00,    11431.6,       1.11,       2.48
    0,     8,     1,       8.99,      14.17,       0.00,     3372.6,       1.11,       2.51
    0,     8,     2,      29.29,      30.61,       0.00,    21457.2,       1.20,       2.57
    0,     8,     3,      43.80,      72.80,       0.00,    11106.1,       1.12,       2.56
    0,     8,     4,      68.49,      72.40,       0.00,    14778.4,       1.09,       2.60
    0,     8,     5,      86.19,      73.71,       0.00,     7256.3,       1.12,       2.60
    0,     8,     6,     136.84,      74.48,       0.00,    12441.7,       1.11,       2.62
    0,     8,     7,     103.72,      78.17,       0.00,    11853.4,       1.11,       2.67
    0,     8,     8,      70.07,     110.99,       0.00,    15106.2,       1.13,       2.61
    0,     8,     9,     112.76,     130.95,       0.00,    17241.1,       1.13,       2.52
    0,     8,    10,      95.04,     137.85,       0.00,     7572.1,       1.11,       2.59
    0,     8,    11,     101.86,     164.02,       0.00,    10996.0,       1.11,       2.53
    0,     9,     1,       9.03,      14.13,       0.00,     3111.7,       1.00,       2.50
    0,     9,     2,      29.28,      30.65,       0.00,    21556.5,       1.19,       2.59
    0,     9,     3,      43.80,      72.66,       0.00,    11116.3,       1.15,       2.49
    0,     9,     4,      68.50,      72.51,       0.00,    14484.9,       1.09,       2.60
    0,     9,     5,      86.20,      73.73,       0.00,     7460.6,       1.11,       2.57
    0,     9,     6,     136.83,      74.51,       0.00,    11941.3,       1.12,       2.59
    0,     9,     7,     103.72,      78.14,       0.00,    11849.6,       1.10,       2.67
    0,     9,     8,      70.05,     110.96,       0.00,    15165.1,       1.12,       2.62
    0,     9,     9,     112.73,     130.96,       0.00,    17478.4,       1.15,       2.54
    0,     9,    10,      95.02,     137.80,       0.00,     8036.9,       1.17,       2.57
    0,     9,    11,     101.89,     163.91,       0.00,    11791.5,       1.11,       2.48
    0,    10,     1,       9.01,      14.20,       0.00,     3120.2,       1.01,       2.64
    0,    10,     2,      29.29,      30.64,       0.00,    21566.8,       1.20,       2.59
    0,    10,     3,      43.81,      72.68,       0.00,    11529.0,       1.14,       2.58
    0,    10,     4,      68.47,      72.38,       0.00,    14139.6,       1.08,       2.58
    0,    10,     5,      86.14,      73.69,       0.00,     7089.8,       1.10,       2.60
    0,    10,     6,     136.84,      74.53,       0.00,    11985.2,       1.13,       2.64
    0,    10,     7,     103.68,      78.10,       0.00,    11795.4,       1.13,       2.63
    0,    10,     8,      70.07,     111.03,       0.00,    14840.0,       1.11,       2.60
    0,    10,     9,     112.77,     130.98,       0.00,    16685.7,       1.16,       2.50
    0,    10,    10,      95.03,     137.80,       0.00,     7690.9,       1.10,       2.55
    0,    10,    11,     101.85,     164.00,       0.00,    11252.6,       1.12,       2.50
    0,    11,     1,       9.01,      14.30,       0.00,     3491.7,       1.17,       2.51
    0,    11,     2,      29.27,      30.67,       0.00,    21487.7,       1.18,       2.60
    0,    11,     3,      43.86,      72.63,       0.00,    11748.7,       1.14,       2.56
    0,    11,     4,      68.46,      72.47,       0.00,    14427.4,       1.11,       2.62
    0,    11,     5,      86.19,      73.68,       0.00,     7242.7,       1.11,       2.55
    0,    11,     6,     136.83,      74.51,       0.00,    12227.6,       1.12,       2.56
    0,    11,     7,     103.69,      78.17,       0.00,    11824.0,       1.08,       2.65
    0,    11,     8,      70.05,     111.01,       0.00,    15090.5,       1.10,       2.62
    0,    11,     9,     112.78,     130.98,       0.00,    17561.3,       1.15,       2.55
    0,    11,    10,      95.01,     137.91,       0.00,     7269.5,       1.17,       2.50
    0,    11,    11,     101.86,     164.01,       0.00,    11764.7,       1.12,       2.56
    0,    12,     1,       8.99,      14.20,       0.00,     3618.3,       1.09,       2.58
    0,    12,     2,      29.30,      30.68,       0.00,    21412.9,       1.19,       2.58
    0,    12,     3,      68.49,      72.36,       0.00,    14962.3,       1.13,       2.60
    0,    12,     4,      43.82,      72.74,       0.00,    11302.3,       1.11,       2.54
    0,    12,     5,      86.18,      73.72,       0.00,     7440.2,       1.11,       2.69
    0,    12,     6,     136.84,      74.54,       0.00,    12039.3,       1.13,       2.64
    0,    12,     7,     103.72,      78.13,       0.00,    11648.8,       1.10,       2.62
    0,    12,     8,      70.08,     111.00,       0.00,    14934.4,       1.11,       2.70
    0,    12,     9,     112.75,     131.00,       0.00,    16843.0,       1.14,       2.49
    0,    12,    10,      95.04,     137.73,       0.00,     7386.1,       1.11,       2.50
    0,    12,    11,     101.87,     163.96,       0.00,    11525.0,       1.12,       2.55
    0,    13,     1,       9.07,      14.18,       0.00,     3294.4,       1.06,       2.72
    0,    13,     2,      29.28,      30.64,       0.00,    21511.4,       1.19,       2.59
    0,    13,     3,      43.80,      72.75,       0.00,    11600.4,       1.15,       2.60
    0,    13,     4,      68.49,      72.45,       0.00,    14583.3,       1.09,       2.60
    0,    13,     5,      86.18,      73.68,       0.00,     7601.0,       1.10,       2.61
    0,    13,     6,     136.83,      74.51,       0.00,    12008.0,       1.10,       2.61
    0,    13,     7,     103.71,      78.15,       0.00,    11380.5,       1.10,       2.68
    0,    13,     8,      70.06,     110.99,       0.00,    14733.0,       1.10,       2.60
    0,    13,     9,     112.77,     130.94,       0.00,    17702.8,       1.16,       2.54
    0,    13,    10,      95.04,     137.76,       0.00,     7217.7,       1.11,       2.58
    0,    13,    11,     101.85,     163.91,       0.00,    11435.2,       1.12,       2.51
    0,    14,     1,       9.01,      14.25,       0.00,     3044.9,       1.00,       2.52
    0,    14,     2,      29.29,      30.63,       0.00,    21252.9,       1.19,       2.58
    0,    14,     3,      43.81,      72.69,       0.00,    10983.8,       1.12,       2.57
    0,    14,     4,      68.47,      72.40,       0.00,    14507.2,       1.08,       2.61
    0,    14,     5,      86.22,      73.74,       0.00,     7756.5,       1.14,       2.63
    0,    14,     6,     136.83,      74.47,       0.00,    11152.4,       1.10,       2.56
    0,    14,     7,     103.74,      78.16,       0.00,    11373.2,       1.12,       2.65
    0,    14,     8,      70.08,     111.02,       0.00,    15071.4,       1.13,       2.69
    0,    14,     9,     112.76,     130.98,       0.00,    17094.3,       1.14,       2.53
    0,    14,    10,      95.02,     137.86,       0.00,     7569.2,       1.10,       2.62
    0,    14,    11,     101.86,     163.95,       0.00,    11201.6,       1.10,       2.55
    0,    15,     1,       8.99,      14.38,       0.00,     3236.9,       1.12,       2.73
    0,    15,     2,      29.28,      30.66,       0.00,    21464.5,       1.19,       2.54
    0,    15,     3,      43.81,      72.75,       0.00,    11427.8,       1.12,       2.55
    0,    15,     4,      68.50,      72.47,       0.00,    14686.0,       1.09,       2.61
    0,    15,     5,      86.18,      73.64,       0.00,     7577.9,       1.10,       2.61
    0,    15,     6,     136.84,      74.52,       0.00,    10724.6,       1.10,       2.54
    0,    15,     7,     103.69,      78.14,       0.00,    11604.8,       1.10,       2.66
    0,    15,     8,      70.09,     111.02,       0.00,    14672.5,       1.13,       2.66
    0,    15,     9,     112.72,     130.96,       0.00,    17114.8,       1.15,       2.53
    0,    15,    10,      95.05,     137.86,       0.00,     7365.6,       1.14,       2.52
    0,    15,    11,     101.85,     163.96,       0.00,    11573.2,       1.09,       2.52
    0,    16,     1,       9.02,      14.19,       0.00,     3129.5,       1.06,       2.55
    0,    16,     2,      29.26,      30.63,       0.00,    21481.7,       1.20,       2.58
    0,    16,     3,      43.80,      72.67,       0.00,    11471.0,       1.09,       2.58
    0,    16,     4,      68.49,      72.42,       0.00,    14620.7,       1.11,       2.60
    0,    16,     5,      86.20,      73.65,       0.00,     7227.4,       1.10,       2.63
    0,    16,     6,     136.85,      74.51,       0.00,    11271.7,       1.13,       2.58
    0,    16,     7,     103.69,      78.13,       0.00,    12377.4,       1.11,       2.67
    0,    16,     8,      70.07,     111.00,       0.00,    13985.5,       1.10,       2.65
    0,    16,     9,     112.74,     130.99,       0.00,    16459.3,       1.17,       2.51
    0,    16,    10,      95.02,     137.77,       0.00,     7769.9,       1.08,       2.60
    0,    16,    11,     101.86,     163.93,       0.00,    11348.3,       1.14,       2.52
    0,    17,     1,       8.93,      14.12,       0.00,     3059.1,       1.09,       2.46
    0,    17,     2,      29.28,      30.62,       0.00,    21209.1,       1.20,       2.58
    0,    17,     3,      43.76,      72.71,       0.00,    10552.8,       1.13,       2.54
    0,    17,     4,      68.46,      72.50,       0.00,    14409.1,       1.11,       2.62
    0,    17,     5,      86.21,      73.74,       0.00,     7466.5,       1.14,       2.62
    0,    17,     6,     136.84,      74.50,       0.00,    11149.7,       1.13,       2.62
    0,    17,     7,     103.71,      78.13,       0.00,    11702.0,       1.13,       2.66
    0,    17,     8,      70.06,     110.95,       0.00,    14836.9,       1.12,       2.58
    0,    17,     9,     112.74,     130.99,       0.00,    16937.0,       1.16,       2.53
    0,    17,    10,      95.02,     137.72,       0.00,     7367.7,       1.08,       2.55
    0,    17,    11,     101.88,     163.78,       0.00,    11367.1,       1.16,       2.53
    0,    18,     1,       9.02,      14.36,       0.00,     3113.4,       1.14,       2.56
    0,    18,     2,      29.28,      30.67,       0.00,    21153.1,       1.19,       2.61
    0,    18,     3,      43.78,      72.71,       0.00,    10799.6,       1.11,       2.46
    0,    18,     4,      68.46,      72.47,       0.00,    14478.9,       1.12,       2.59
    0,    18,     5,      86.20,      73.76,       0.00,     7569.8,       1.16,       2.55
    0,    18,     6,     136.84,      74.47,       0.00,    10611.8,       1.08,       2.54
    0,    18,     7,     103.72,      78.15,       0.00,    11766.2,       1.13,       2.61
    0,    18,     8,      70.07,     110.94,       0.00,    14245.2,       1.11,       2.64
    0,    18,     9,     112.78,     130.98,       0.00,    17293.0,       1.18,       2.50
    0,    18,    10,      95.03,     137.77,       0.00,     7698.1,       1.11,       2.54
    0,    18,    11,     101.85,     163.95,       0.00,    10722.0,       1.14,       2.50
    0,    19,     1,       8.99,      14.34,       0.00,     3333.5,       1.15,       2.69
    0,    19,     2,      29.31,      30.64,       0.00,    21722.4,       1.19,       2.61
    0,    19,     3,      43.78,      72.73,       0.00,    10673.1,       1.13,       2.57
    0,    19,     4,      68.45,      72.50,       0.00,    14663.6,       1.12,       2.62
    0,    19,     5,      86.21,      73.72,       0.00,     7409.0,       1.15,       2.64
    0,    19,     6,     136.84,      74.51,       0.00,    11298.5,       1.12,       2.56
    0,    19,     7,     103.69,      78.19,       0.00,    11975.3,       1.10,       2.71
    0,    19,     8,      70.07,     111.01,       0.00,    14331.6,       1.10,       2.64
    0,    19,     9,     112.75,     130.99,       0.00,    16437.5,       1.13,       2.53
    0,    19,    10,      95.03,     137.74,       0.00,     7376.4,       1.10,       2.53
    0,    19,    11,     101.83,     163.95,       0.00,    11394.6,       1.13,       2.56
    0,    20,     1,       8.99,      14.31,       0.00,     3672.5,       1.13,       2.74
    0,    20,     2,      29.29,      30.68,       0.00,    21261.0,       1.19,       2.56
    0,    20,     3,      43.80,      72.76,       0.00,    10772.7,       1.12,       2.55
    0,    20,     4,      68.48,      72.49,       0.00,    14482.4,       1.10,       2.62
    0,    20,     5,      86.18,      73.73,       0.00,     7281.0,       1.13,       2.53
    0,    20,     6,     136.85,      74.50,       0.00,    11253.1,       1.10,       2.53
    0,    20,     7,     103.73,      78.17,       0.00,    11900.0,       1.14,       2.68
    0,    20,     8,      70.05,     111.04,       0.00,    14288.3,       1.13,       2.60
    0,    20,     9,     112.75,     130.98,       0.00,    17871.5,       1.18,       2.50
    0,    20,    10,      95.04,     137.69,       0.00,     7540.0,       1.16,       2.57
    0,    20,    11,     101.85,     163.97,       0.00,    10256.5,       1.09,       2.51
    0,    21,     1,       9.08,      14.29,       0.00,     3511.6,       1.14,       2.68
    0,    21,     2,      29.27,      30.65,       0.00,    21080.3,       1.19,       2.58
    0,    21,     3,      43.79,      72.62,       0.00,    11340.9,       1.10,       2.57
    0,    21,     4,      68.44,      72.39,       0.00,    13993.6,       1.10,       2.56
    0,    21,     5,      86.16,      73.73,       0.00,     7465.5,       1.11,       2.66
    0,    21,     6,     136.83,      74.46,       0.00,    12173.8,       1.12,       2.62
    0,    21,     7,     103.71,      78.10,       0.00,    11558.0,       1.10,       2.67
    0,    21,     8,      70.08,     111.02,       0.00,    14349.7,       1.10,       2.61
    0,    21,     9,     112.78,     130.96,       0.00,    16989.5,       1.14,       2.50
    0,    21,    10,      95.03,     137.76,       0.00,     7346.0,       1.13,       2.56
    0,    21,    11,     101.88,     163.94,       0.00,    11316.8,       1.14,       2.58
    0,    22,     1,       8.99,      14.34,       0.00,     3046.5,       1.13,       2.63
    0,    22,     2,      29.30,      30.66,       0.00,    20728.0,       1.18,       2.55
    0,    22,     3,      43.80,      72.70,       0.00,    10973.3,       1.11,       2.61
    0,    22,     4,      68.49,      72.48,       0.00,    14122.6,       1.10,       2.59
    0,    22,     5,      86.19,      73.71,       0.00,     7447.8,       1.13,       2.61
    0,    22,     6,     136.86,      74.43,       0.00,    11979.6,       1.11,       2.57
    0,    22,     7,     103.73,      78.25,       0.00,    11232.5,       1.11,       2.66
    0,    22,     8,      70.05,     111.02,       0.00,    14508.2,       1.12,       2.64
    0,    22,     9,     112.76,     131.00,       0.00,    17035.7,       1.17,       2.51
    0,    22,    10,      95.05,     137.81,       0.00,     7578.7,       1.14,       2.53
    0,    22,    11,     101.87,     163.99,       0.00,    11769.2,       1.13,       2.53
    0,    23,     1,       8.99,      14.21,       0.00,     3124.3,       1.04,       2.60
    0,    23,     2,      29.27,      30.66,       0.00,    21277.9,       1.20,       2.57
    0,    23,     3,      43.76,      72.66,       0.00,    11166.3,       1.11,       2.54
    0,    23,     4,      68.47,      72.43,       0.00,    14249.6,       1.11,       2.57
    0,    23,     5,      86.18,      73.68,       0.00,     7336.9,       1.13,       2.53
    0,    23,     6,     136.83,      74.49,       0.00,    12349.0,       1.17,       2.67
    0,    23,     7,     103.69,      78.17,       0.00,    11698.1,       1.12,       2.74
    0,    23,     8,      70.08,     110.99,       0.00,    14434.8,       1.12,       2.67
    0,    23,     9,     112.74,     130.95,       0.00,    16676.8,       1.16,       2.54
    0,    23,    10,      94.98,     137.85,       0.00,     7280.9,       1.09,       2.47
    0,    23,    11,     101.86,     163.98,       0.00,    11133.9,       1.13,       2.54
    0,    24,     1,       9.07,      14.21,       0.00,     3211.6,       1.11,       2.68
    0,    24,     2,      29.29,      30.65,       0.00,    21521.8,       1.19,       2.59
    0,    24,     3,      43.79,      72.70,       0.00,    10627.5,       1.12,       2.56
    0,    24,     4,      68.47,      72.45,       0.00,    14446.7,       1.10,       2.62
    0,    24,     5,      86.17,      73.74,       0.00,     7371.7,       1.09,       2.60
    0,    24,     6,     136.82,      74.53,       0.00,    12320.7,       1.12,       2.64
    0,    24,     7,     103.67,      78.18,       0.00,    11000.5,       1.10,       2.65
    0,    24,     8,      70.05,     110.96,       0.00,    15982.5,       1.13,       2.59
    0,    24,     9,     112.74,     131.02,       0.00,    16961.1,       1.18,       2.53
    0,    24,    10,      95.01,     137.78,       0.00,     7416.6,       1.15,       2.48
    0,    24,    11,     101.85,     164.02,       0.00,    10856.4,       1.11,       2.51
    0,    25,     1,       9.01,      14.42,       0.00,     3168.3,       1.08,       2.59
    0,    25,     2,      29.31,      30.65,       0.00,    21158.1,       1.19,       2.59
    0,    25,     3,      43.80,      72.70,       0.00,    10604.2,       1.09,       2.49
    0,    25,     4,      68.44,      72.49,       0.00,    14345.0,       1.12,       2.63
    0,    25,     5,      86.18,      73.77,       0.00,     7372.0,       1.11,       2.57
    0,    25,     6,     136.85,      74.49,       0.00,    11862.4,       1.10,       2.57
    0,    25,     7,     103.72,      78.16,       0.00,    11248.0,       1.10,       2.64
    0,    25,     8,      70.07,     111.00,       0.00,    14466.8,       1.12,       2.61
    0,    25,     9,     112.76,     130.99,       0.00,    16782.2,       1.16,       2.45
    0,    25,    10,      95.00,     137.74,       0.00,     6957.8,       1.09,       2.48
    0,    25,    11,     101.86,     163.99,       0.00,    11147.8,       1.16,       2.48
    0,    26,     1,       8.98,      14.31,       0.00,     3037.8,       1.09,       2.75
    0,    26,     2,      29.29,      30.65,       0.00,    21252.7,       1.19,       2.62
    0,    26,     3,      43.78,      72.68,       0.00,    11194.1,       1.11,       2.50
    0,    26,     4,      68.46,      72.45,       0.00,    14173.4,       1.10,       2.59
    0,    26,     5,     136.81,      74.55,       0.00,    12096.2,       1.12,       2.65
    0,    26,     6,      86.16,      73.71,       0.00,     7417.8,       1.09,       2.59
    0,    26,     7,     103.72,      78.17,       0.00,    11381.2,       1.09,       2.65
    0,    26,     8,      70.08,     110.96,       0.00,    14369.5,       1.13,       2.62
    0,    26,     9,     112.76,     130.98,       0.00,    17621.5,       1.18,       2.53
    0,    26,    10,      95.03,     137.76,       0.00,     7039.7,       1.08,       2.51
    0,    26,    11,     101.86,     163.89,       0.00,    11323.4,       1.10,       2.59
    0,    27,     1,       9.03,      14.23,       0.00,     3242.8,       1.06,       2.71
    0,    27,     2,      29.27,      30.70,       0.00,    20909.2,       1.19,       2.58
    0,    27,     3,      43.80,      72.67,       0.00,    10453.8,       1.10,       2.51
    0,    27,     4,      68.46,      72.52,       0.00,    14565.1,       1.11,       2.61
    0,    27,     5,      86.18,      73.82,       0.00,     7138.7,       1.08,       2.59
    0,    27,     6,     136.83,      74.54,       0.00,    11895.6,       1.12,       2.58
    0,    27,     7,     103.72,      78.21,       0.00,    11263.7,       1.11,       2.64
    0,    27,     8,      70.05,     111.00,       0.00,    13990.9,       1.10,       2.57
    0,    27,     9,     112.76,     131.03,       0.00,    17017.2,       1.16,       2.52
    0,    27,    10,      95.02,     137.75,       0.00,     7078.8,       1.10,       2.44
    0,    27,    11,     101.86,     164.05,       0.00,    11061.3,       1.12,       2.53
    0,    28,     1,       9.05,      14.32,       0.00,     2876.4,       1.06,       2.55
    0,    28,     2,      29.28,      30.66,       0.00,    21174.0,       1.19,       2.59
    0,    28,     3,      68.46,      72.42,       0.00,    14429.2,       1.11,       2.63
    0,    28,     4,      43.79,      72.73,       0.00,    10868.3,       1.11,       2.49
    0,    28,     5,      86.16,      73.71,       0.00,     7152.4,       1.12,       2.62
    0,    28,     6,     136.81,      74.54,       0.00,    12005.3,       1.11,       2.62
    0,    28,     7,     103.71,      78.19,       0.00,    11364.2,       1.11,       2.64
    0,    28,     8,      70.05,     111.00,       0.00,    14815.0,       1.12,       2.63
    0,    28,     9,     112.73,     131.02,       0.00,    16267.8,       1.14,       2.50
    0,    28,    10,      95.00,     137.76,       0.00,     7215.5,       1.14,       2.62
    0,    28,    11,     101.90,     163.95,       0.00,    10915.1,       1.10,       2.55
    0,    29,     1,       9.01,      14.19,       0.00,     3393.5,       1.20,       2.53
    0,    29,     2,      29.27,      30.72,       0.00,    21556.5,       1.20,       2.57
    0,    29,     3,      43.78,      72.62,       0.00,    10895.6,       1.10,       2.60
    0,    29,     4,      68.48,      72.45,       0.00,    14038.5,       1.12,       2.61
    0,    29,     5,      86.16,      73.67,       0.00,     7210.8,       1.08,       2.57
    0,    29,     6,     136.84,      74.50,       0.00,    11760.2,       1.12,       2.53
    0,    29,     7,     103.71,      78.11,       0.00,    11871.2,       1.10,       2.68
    0,    29,     8,      70.06,     110.97,       0.00,    14769.5,       1.10,       2.57
    0,    29,     9,     112.76,     131.03,       0.00,    16145.1,       1.14,       2.48
    0,    29,    10,      95.01,     137.80,       0.00,     7523.3,       1.12,       2.50
    0,    29,    11,     101.84,     163.99,       0.00,    10704.6,       1.08,       2.41
    0,    30,     1,       9.00,      14.39,       0.00,     3310.0,       1.04,       2.71
    0,    30,     2,      29.27,      30.65,       0.00,    21694.1,       1.21,       2.58
    0,    30,     3,      68.49,      72.47,       0.00,    14201.5,       1.11,       2.63
    0,    30,     4,      43.79,      72.68,       0.00,    11596.7,       1.11,       2.55
    0,    30,     5,      86.18,      73.77,       0.00,     7309.9,       1.12,       2.63
    0,    30,     6,     136.82,      74.55,       0.00,    11853.5,       1.14,       2.60
    0,    30,     7,     103.71,      78.22,       0.00,    11552.5,       1.15,       2.65
    0,    30,     8,      70.08,     110.99,       0.00,    14607.2,       1.09,       2.58
    0,    30,     9,     112.75,     131.00,       0.00,    16643.1,       1.14,       2.51
    0,    30,    10,      95.02,     137.89,       0.00,     7300.6,       1.13,       2.50
    0,    30,    11,     101.84,     164.03,       0.00,    10831.5,       1.12,       2.48
    0,    31,     1,       8.99,      14.22,       0.00,     3462.2,       1.11,       2.56
    0,    31,     2,      29.30,      30.66,       0.00,    20630.0,       1.19,       2.56
    0,    31,     3,      43.81,      72.65,       0.00,    10625.0,       1.14,       2.55
    0,    31,     4,      68.46,      72.51,       0.00,    14711.7,       1.11,       2.62
    0,    31,     5,      86.17,      73.66,       0.00,     7281.7,       1.11,       2.67
    0,    31,     6,     136.82,      74.55,       0.00,    11398.6,       1.14,       2.53
    0,    31,     7,     103.71,      78.15,       0.00,    11205.8,       1.10,       2.63
    0,    31,     8,      70.04,     111.00,       0.00,    14827.7,       1.12,       2.61
    0,    31,     9,     112.74,     131.01,       0.00,    17714.3,       1.19,       2.52
    0,    31,    10,      95.00,     137.73,       0.00,     7581.8,       1.17,       2.51
    0,    31,    11,     101.81,     163.97,       0.00,    10986.3,       1.14,       2.54
    0,    32,     1,       9.00,      14.44,       0.00,     3080.5,       1.07,       2.57
    0,    32,     2,      29.29,      30.66,       0.00,    21008.2,       1.20,       2.53
    0,    32,     3,      43.81,      72.74,       0.00,     9945.4,       1.11,       2.54
    0,    32,     4,      68.47,      72.41,       0.00,    14236.8,       1.12,       2.62
    0,    32,     5,      86.13,      73.71,       0.00,     7285.7,       1.12,       2.56
    0,    32,     6,     136.84,      74.54,       0.00,    11552.4,       1.12,       2.57
    0,    32,     7,     103.69,      78.15,       0.00,    11419.8,       1.10,       2.62
    0,    32,     8,      70.08,     111.03,       0.00,    14840.1,       1.12,       2.62
    0,    32,     9,     112.73,     131.01,       0.00,    16879.6,       1.15,       2.49
    0,    32,    10,      94.99,     137.79,       0.00,     7127.0,       1.12,       2.51
    0,    32,    11,     101.84,     164.02,       0.00,    10634.3,       1.09,       2.53
    0,    33,     1,       9.01,      14.35,       0.00,     3464.1,       1.16,       2.53
    0,    33,     2,      29.28,      30.67,       0.00,    20605.3,       1.20,       2.55
    0,    33,     3,      68.45,      72.43,       0.00,    14659.7,       1.11,       2.65
    0,    33,     4,      43.76,      72.62,       0.00,    11216.4,       1.09,       2.47
    0,    33,     5,      86.18,      73.73,       0.00,     7067.4,       1.08,       2.57
    0,    33,     6,     136.85,      74.50,       0.00,    11145.7,       1.11,       2.60
    0,    33,     7,     103.71,      78.27,       0.00,    11200.6,       1.11,       2.62
    0,    33,     8,      70.07,     111.02,       0.00,    15366.7,       1.12,       2.65
    0,    33,     9,     112.76,     130.96,       0.00,    16899.0,       1.16,       2.53
    0,    33,    10,      95.00,     137.74,       0.00,     7304.6,       1.14,       2.54
    0,    33,    11,     101.84,     164.05,       0.00,    11345.6,       1.11,       2.53
    0,    34,     1,       9.03,      14.46,       0.00,     3047.9,       1.01,       2.66
    0,    34,     2,      29.29,      30.69,       0.00,    20885.0,       1.19,       2.59
    0,    34,     3,      68.44,      72.50,       0.00,    14319.2,       1.11,       2.57
    0,    34,     4,      43.78,      72.62,       0.00,    11070.6,       1.15,       2.50
    0,    34,     5,      86.13,      73.62,       0.00,     6735.3,       1.08,       2.55
    0,    34,     6,     136.81,      74.51,       0.00,    11500.4,       1.12,       2.59
    0,    34,     7,     103.70,      78.11,       0.00,    11349.4,       1.10,       2.62
    0,    34,     8,      70.07,     111.06,       0.00,    14687.8,       1.12,       2.59
    0,    34,     9,     112.77,     130.97,       0.00,    17421.1,       1.17,       2.52
    0,    34,    10,      95.02,     137.81,       0.00,     6922.3,       1.14,       2.43
    0,    34,    11,     101.85,     163.93,       0.00,    11050.8,       1.14,       2.57
    0,    35,     1,       8.95,      14.16,       0.00,     2718.0,       1.04,       2.45
    0,    35,     2,      29.29,      30.65,       0.00,    20947.3,       1.21,       2.57
    0,    35,     3,      43.81,      72.62,       0.00,    10524.0,       1.14,       2.49
    0,    35,     4,      68.47,      72.46,       0.00,    14322.8,       1.09,       2.60
    0,    35,     5,      86.14,      73.74,       0.00,     7373.7,       1.11,       2.50
    0,    35,     6,     136.79,      74.49,       0.00,    11386.3,       1.11,       2.46
    0,    35,     7,     103.71,      78.12,       0.00,    11677.5,       1.10,       2.64
    0,    35,     8,      70.04,     111.03,       0.00,    15696.6,       1.10,       2.61
    0,    35,     9,     112.75,     131.03,       0.00,    16636.0,       1.15,       2.49
    0,    35,    10,      95.02,     137.72,       0.00,     7387.3,       1.12,       2.50
    0,    35,    11,     101.86,     163.95,       0.00,    10567.0,       1.12,       2.51
    0,    36,     1,       9.04,      14.32,       0.00,     3071.7,       1.11,       2.53
    0,    36,     2,      29.27,      30.65,       0.00,    20723.6,       1.19,       2.55
    0,    36,     3,      43.77,      72.66,       0.00,    11016.5,       1.13,       2.48
    0,    36,     4,      68.47,      72.45,       0.00,    14205.0,       1.10,       2.57
    0,    36,     5,      86.19,      73.69,       0.00,     7092.8,       1.11,       2.57
    0,    36,     6,     136.84,      74.50,       0.00,    11336.6,       1.11,       2.53
    0,    36,     7,     103.72,      78.21,       0.00,    12035.6,       1.10,       2.72
    0,    36,     8,      70.05,     111.08,       0.00,    15086.3,       1.14,       2.63
    0,    36,     9,     112.78,     130.99,       0.00,    17165.8,       1.18,       2.52
    0,    36,    10,      95.03,     137.78,       0.00,     7796.0,       1.15,       2.54
    0,    36,    11,     101.83,     163.92,       0.00,    11112.5,       1.14,       2.47
    0,    37,     1,       9.02,      14.37,       0.00,     3333.4,       1.15,       2.58
    0,    37,     2,      29.31,      30.68,       0.00,    21436.0,       1.19,       2.61
    0,    37,     3,      68.44,      72.47,       0.00,    13961.2,       1.11,       2.49
    0,    37,     4,      43.81,      72.69,       0.00,    11125.4,       1.12,       2.56
    0,    37,     5,      86.21,      73.83,       0.00,     7422.8,       1.13,       2.49
    0,    37,     6,     136.83,      74.55,       0.00,    11599.3,       1.13,       2.56
    0,    37,     7,     103.70,      78.11,       0.00,    11364.2,       1.10,       2.61
    0,    37,     8,      70.06,     111.03,       0.00,    15649.1,       1.12,       2.61
    0,    37,     9,     112.74,     130.99,       0.00,    16342.4,       1.16,       2.43
    0,    37,    10,      95.02,     137.89,       0.00,     7457.7,       1.11,       2.53
    0,    37,    11,     101.84,     163.98,       0.00,    11374.0,       1.15,       2.58
    0,    38,     1,       8.99,      14.29,       0.00,     3033.7,       1.10,       2.63
    0,    38,     2,      29.27,      30.68,       0.00,    20550.8,       1.19,       2.59
    0,    38,     3,      43.81,      72.73,       0.00,    11263.4,       1.14,       2.52
    0,    38,     4,      68.45,      72.41,       0.00,    14406.7,       1.12,       2.57
    0,    38,     5,      86.20,      73.69,       0.00,     7003.3,       1.11,       2.50
    0,    38,     6,     136.81,      74.51,       0.00,    11771.2,       1.09,       2.55
    0,    38,     7,     103.70,      78.21,       0.00,    11359.9,       1.13,       2.66
    0,    38,     8,      70.05,     111.01,       0.00,    15620.8,       1.11,       2.65
    0,    38,     9,     112.74,     130.99,       0.00,    16198.3,       1.15,       2.49
    0,    38,    10,      95.04,     137.88,       0.00,     7733.8,       1.11,       2.58
    0,    38,    11,     101.84,     164.00,       0.00,    10457.4,       1.14,       2.51
    0,    39,     1,       9.04,      14.16,       0.00,     3433.2,       1.14,       2.64
    0,    39,     2,      29.27,      30.66,       0.00,    20686.7,       1.20,       2.55
    0,    39,     3,      43.77,      72.64,       0.00,    10711.3,       1.13,       2.52
    0,    39,     4,      68.47,      72.47,       0.00,    14178.1,       1.13,       2.52
    0,    39,     5,      86.18,      73.71,       0.00,     7320.2,       1.08,       2.65
    0,    39,     6,     136.82,      74.49,       0.00,    11443.5,       1.09,       2.62
    0,    39,     7,     103.71,      78.21,       0.00,    11322.9,       1.11,       2.68
    0,    39,     8,      70.05,     110.99,       0.00,    15285.1,       1.09,       2.59
    0,    39,     9,     112.74,     130.99,       0.00,    16234.0,       1.16,       2.50
    0,    39,    10,      95.03,     137.88,       0.00,     7507.9,       1.14,       2.60
    0,    39,    11,     101.85,     163.90,       0.00,    10343.7,       1.12,       2.43
    0,    40,     1,       9.10,      14.29,       0.00,     2958.0,       1.05,       2.55
    0,    40,     2,      29.28,      30.65,       0.00,    20370.3,       1.19,       2.56
    0,    40,     3,      43.82,      72.67,       0.00,    10640.9,       1.12,       2.55
    0,    40,     4,      68.45,      72.50,       0.00,    14766.7,       1.15,       2.59
    0,    40,     5,      86.16,      73.77,       0.00,     7153.6,       1.17,       2.59
    0,    40,     6,     136.82,      74.50,       0.00,    11406.8,       1.14,       2.53
    0,    40,     7,     103.73,      78.23,       0.00,    11078.7,       1.10,       2.64
    0,    40,     8,     121.55,      99.96,       0.00,      745.6,       1.49,       1.47
    0,    40,     9,      70.04,     111.02,       0.00,    15170.9,       1.10,       2.59
    0,    40,    10,     112.73,     130.96,       0.00,    16821.9,       1.17,       2.48
    0,    40,    11,      95.02,     137.81,       0.00,     7799.2,       1.14,       2.54
    0,    40,    12,     101.86,     164.00,       0.00,    10402.0,       1.13,       2.48
    0,    41,     1,       8.97,      14.35,       0.00,     3218.2,       1.09,       2.66
    0,    41,     2,      29.27,      30.67,       0.00,    20564.2,       1.18,       2.55
    0,    41,     3,      43.80,      72.65,       0.00,    11197.6,       1.14,       2.50
    0,    41,     4,      68.45,      72.53,       0.00,    14018.0,       1.12,       2.61
    0,    41,     5,      86.16,      73.76,       0.00,     6963.6,       1.09,       2.54
    0,    41,     6,     136.86,      74.52,       0.00,    11395.7,       1.15,       2.59
    0,    41,     7,     103.71,      78.12,       0.00,    11361.7,       1.11,       2.67
    0,    41,     8,      70.05,     111.05,       0.00,    15521.9,       1.12,       2.61
    0,    41,     9,     112.73,     130.97,       0.00,    17087.9,       1.18,       2.49
    0,    41,    10,      95.02,     137.68,       0.00,     7469.6,       1.13,       2.57
    0,    41,    11,     101.86,     164.00,       0.00,    10452.2,       1.11,       2.52
    0,    42,     1,       8.95,      14.27,       0.00,     3294.1,       1.05,       2.63
    0,    42,     2,      29.27,      30.67,       0.00,    20555.6,       1.20,       2.55
    0,    42,     3,      43.80,      72.65,       0.00,    10867.7,       1.16,       2.53
    0,    42,     4,      68.45,      72.44,       0.00,    14049.6,       1.13,       2.59
    0,    42,     5,      86.15,      73.70,       0.00,     6768.5,       1.10,       2.57
    0,    42,     6,     136.81,      74.50,       0.00,    11327.8,       1.14,       2.58
    0,    42,     7,     103.71,      78.17,       0.00,    11438.3,       1.10,       2.70
    0,    42,     8,      70.06,     111.06,       0.00,    15508.9,       1.12,       2.61
    0,    42,     9,     112.74,     131.03,       0.00,    16313.8,       1.15,       2.49
    0,    42,    10,      94.99,     137.81,       0.00,     7322.9,       1.11,       2.57
    0,    42,    11,     101.86,     163.99,       0.00,    10690.8,       1.14,       2.46
    0,    43,     1,       9.02,      14.33,       0.00,     3242.4,       1.08,       2.64
    0,    43,     2,      29.25,      30.64,       0.00,    20982.7,       1.21,       2.53
    0,    43,     3,      68.47,      72.50,       0.00,    14430.7,       1.11,       2.60
    0,    43,     4,      43.79,      72.66,       0.00,    10570.2,       1.11,       2.52
    0,    43,     5,      86.14,      73.79,       0.00,     7083.4,       1.07,       2.58
    0,    43,     6,     136.85,      74.48,       0.00,    11041.1,       1.10,       2.58
    0,    43,     7,     103.72,      78.13,       0.00,    11612.3,       1.13,       2.65
    0,    43,     8,      70.05,     111.01,       0.00,    15944.0,       1.14,       2.68
    0,    43,     9,     112.76,     130.96,       0.00,    15958.7,       1.17,       2.48
    0,    43,    10,      95.02,     137.91,       0.00,     7315.5,       1.10,       2.54
    0,    43,    11,     101.87,     163.92,       0.00,    10282.7,       1.13,       2.47
