#stackID(UINT32), frameID(UINT32), eventID(UINT32), x0(float), y0(float), z0(float), photon_count0(float), sigmaX0(float), sigmaY0(float) 
    0,     0,     1,       8.88,      14.41,       0.00,     3068.6,       1.37,       1.82
    0,     0,     2,      29.28,      30.89,       0.00,    19739.6,       1.52,       1.91
    0,     0,     3,      43.82,      72.99,       0.00,    11335.0,       1.45,       1.82
    0,     0,     4,      68.47,      72.73,       0.00,    13887.7,       1.38,       1.92
    0,     0,     5,      86.16,      73.91,       0.00,     8001.1,       1.33,       1.94
    0,     0,     6,     136.87,      74.73,       0.00,    10925.6,       1.38,       1.83
    0,     0,     7,     103.68,      78.27,       0.00,    12371.8,       1.34,       1.95
    0,     0,     8,      70.13,     111.30,       0.00,    14091.5,       1.41,       1.93
    0,     0,     9,     112.78,     131.21,       0.00,    17590.5,       1.47,       1.89
    0,     0,    10,      95.09,     138.09,       0.00,     7298.4,       1.40,       1.85
    0,     0,    11,     101.89,     164.21,       0.00,    10415.8,       1.40,       1.79
    0,     1,     1,       9.02,      14.49,       0.00,     3097.0,       1.35,       1.85
    0,     1,     2,      29.28,      30.87,       0.00,    19893.1,       1.54,       1.89
    0,     1,     3,      43.84,      72.97,       0.00,    11158.9,       1.44,       1.85
    0,     1,     4,      68.50,      72.71,       0.00,    13825.0,       1.37,       1.96
    0,     1,     5,      86.16,      73.94,       0.00,     8045.6,       1.34,       1.94
    0,     1,     6,     136.84,      74.77,       0.00,    10722.8,       1.37,       1.87
    0,     1,     7,     103.70,      78.29,       0.00,    12578.3,       1.34,       1.96
    0,     1,     8,      70.10,     111.31,       0.00,    14212.6,       1.36,       1.92
    0,     1,     9,     112.80,     131.19,       0.00,    17361.9,       1.43,       1.88
    0,     1,    10,      95.08,     138.06,       0.00,     7170.8,       1.39,       1.85
    0,     1,    11,     101.87,     164.25,       0.00,    11042.8,       1.45,       1.84
    0,     2,     1,       8.92,      14.44,       0.00,     2843.0,       1.29,       1.89
    0,     2,     2,      29.29,      30.85,       0.00,    19243.6,       1.53,       1.89
    0,     2,     3,      43.84,      72.98,       0.00,    10765.6,       1.36,       1.86
    0,     2,     4,      68.48,      72.71,       0.00,    13699.3,       1.38,       1.90
    0,     2,     5,      86.13,      73.89,       0.00,     7902.3,       1.39,       1.83
    0,     2,     6,     136.87,      74.77,       0.00,    10822.2,       1.39,       1.82
    0,     2,     7,     103.71,      78.33,       0.00,    12153.7,       1.35,       1.97
    0,     2,     8,      70.11,     111.25,       0.00,    14427.5,       1.40,       1.91
    0,     2,     9,     112.82,     131.13,       0.00,    16493.7,       1.45,       1.85
    0,     2,    10,      95.09,     138.03,       0.00,     7215.0,       1.43,       1.85
    0,     2,    11,     101.85,     164.24,       0.00,     9912.5,       1.44,       1.82
    0,     3,     1,       8.97,      14.46,       0.00,     3024.5,       1.42,       1.85
    0,     3,     2,      29.27,      30.87,       0.00,    19566.7,       1.55,       1.90
    0,     3,     3,      43.84,      73.02,       0.00,    10812.1,       1.41,       1.83
    0,     3,     4,      68.52,      72.70,       0.00,    13698.6,       1.35,       1.90
    0,     3,     5,      86.10,      73.91,       0.00,     8307.1,       1.33,       1.87
    0,     3,     6,     136.84,      74.78,       0.00,    10617.3,       1.44,       1.86
    0,     3,     7,     103.71,      78.32,       0.00,    11337.3,       1.35,       1.95
    0,     3,     8,      70.13,     111.33,       0.00,    14239.0,       1.41,       1.93
    0,     3,     9,     112.78,     131.15,       0.00,    16633.7,       1.45,       1.84
    0,     3,    10,      95.10,     138.02,       0.00,     7077.5,       1.30,       1.90
    0,     3,    11,     101.88,     164.26,       0.00,    10140.6,       1.40,       1.82
    0,     4,     1,       9.05,      14.51,       0.00,     2996.9,       1.46,       1.97
    0,     4,     2,      29.29,      30.89,       0.00,    19135.5,       1.52,       1.84
    0,     4,     3,      43.83,      72.93,       0.00,    10675.1,       1.44,       1.80
    0,     4,     4,      68.49,      72.74,       0.00,    13429.5,       1.41,       1.89
    0,     4,     5,      86.19,      73.87,       0.00,     7667.7,       1.36,       1.89
    0,     4,     6,     136.85,      74.75,       0.00,    10016.6,       1.40,       1.79
    0,     4,     7,     103.69,      78.34,       0.00,    12197.8,       1.38,       1.96
    0,     4,     8,      70.11,     111.30,       0.00,    14239.1,       1.39,       1.94
    0,     4,     9,     112.77,     131.13,       0.00,    16351.0,       1.45,       1.81
    0,     4,    10,      95.11,     138.03,       0.00,     7101.3,       1.41,       1.78
    0,     4,    11,     101.91,     164.20,       0.00,    10285.7,       1.42,       1.82
    0,     5,     1,       8.94,      14.56,       0.00,     3023.8,       1.39,       1.97
    0,     5,     2,      29.28,      30.88,       0.00,    19156.0,       1.53,       1.85
    0,     5,     3,      43.82,      72.97,       0.00,    10283.8,       1.42,       1.84
    0,     5,     4,      68.51,      72.75,       0.00,    13154.3,       1.41,       1.88
    0,     5,     5,      86.15,      73.90,       0.00,     7538.1,       1.33,       1.89
    0,     5,     6,     136.83,      74.78,       0.00,    10269.9,       1.39,       1.81
    0,     5,     7,     103.72,      78.29,       0.00,    11648.1,       1.37,       1.99
    0,     5,     8,      70.10,     111.23,       0.00,    13975.2,       1.37,       1.93
    0,     5,     9,     112.81,     131.16,       0.00,    16821.0,       1.46,       1.86
    0,     5,    10,      95.09,     137.98,       0.00,     6640.9,       1.36,       1.85
    0,     5,    11,     101.88,     164.22,       0.00,     9923.4,       1.40,       1.85
    0,     6,     1,       8.95,      14.47,       0.00,     2817.7,       1.35,       1.88
    0,     6,     2,      29.28,      30.90,       0.00,    18859.7,       1.53,       1.88
    0,     6,     3,      43.84,      72.98,       0.00,    11024.7,       1.43,       1.81
    0,     6,     4,      68.50,      72.68,       0.00,    12947.8,       1.37,       1.84
    0,     6,     5,      86.14,      73.94,       0.00,     8034.2,       1.39,       1.89
    0,     6,     6,     136.86,      74.71,       0.00,    10205.8,       1.37,       1.84
    0,     6,     7,     103.69,      78.35,       0.00,    11608.4,       1.33,       2.01
    0,     6,     8,      70.10,     111.24,       0.00,    13883.9,       1.42,       1.91
    0,     6,     9,     112.80,     131.20,       0.00,    17023.5,       1.46,       1.84
    0,     6,    10,      95.05,     138.05,       0.00,     6913.7,       1.38,       1.84
    0,     6,    11,     101.88,     164.20,       0.00,    10184.0,       1.39,       1.88
    0,     7,     1,       9.03,      14.46,       0.00,     3046.5,       1.28,       1.89
    0,     7,     2,      29.29,      30.88,       0.00,    19228.2,       1.56,       1.87
    0,     7,     3,      43.82,      72.92,       0.00,    10991.3,       1.42,       1.83
    0,     7,     4,      68.49,      72.71,       0.00,    13339.2,       1.36,       1.87
    0,     7,     5,      86.15,      73.86,       0.00,     7671.4,       1.32,       1.89
    0,     7,     6,     136.90,      74.76,       0.00,    10466.3,       1.35,       1.84
    0,     7,     7,     103.69,      78.34,       0.00,    11646.7,       1.37,       1.97
    0,     7,     8,      70.13,     111.25,       0.00,    13723.4,       1.39,       1.95
    0,     7,     9,     112.79,     131.22,       0.00,    17229.0,       1.46,       1.86
    0,     7,    10,      95.06,     138.01,       0.00,     7152.9,       1.38,       1.74
    0,     7,    11,     101.86,     164.17,       0.00,    10556.2,       1.45,       1.78
    0,     8,     1,       9.02,      14.57,       0.00,     2807.0,       1.33,       1.93
    0,     8,     2,      29.28,      30.91,       0.00,    18920.3,       1.53,       1.89
    0,     8,     3,      43.80,      72.93,       0.00,    10323.7,       1.36,       1.82
    0,     8,     4,      68.50,      72.70,       0.00,    13771.9,       1.35,       1.97
    0,     8,     5,      86.10,      73.86,       0.00,     8014.2,       1.39,       1.94
    0,     8,     6,     136.85,      74.74,       0.00,    10359.7,       1.36,       1.86
    0,     8,     7,     103.65,      78.32,       0.00,    11605.4,       1.32,       1.94
    0,     8,     8,      70.11,     111.29,       0.00,    14173.1,       1.41,       1.94
    0,     8,     9,     112.80,     131.14,       0.00,    17284.8,       1.47,       1.91
    0,     8,    10,      95.09,     138.07,       0.00,     6790.8,       1.32,       1.81
    0,     8,    11,     101.92,     164.20,       0.00,     9974.9,       1.39,       1.72
    0,     9,     1,       9.07,      14.55,       0.00,     2981.1,       1.42,       1.86
    0,     9,     2,      29.27,      30.87,       0.00,    18474.9,       1.49,       1.85
    0,     9,     3,      68.49,      72.72,       0.00,    13396.6,       1.36,       1.83
    0,     9,     4,      43.79,      72.99,       0.00,    10109.4,       1.41,       1.77
    0,     9,     5,      86.15,      73.92,       0.00,     7115.9,       1.36,       1.88
    0,     9,     6,     136.87,      74.71,       0.00,    10474.1,       1.37,       1.83
    0,     9,     7,     103.72,      78.35,       0.00,    12012.9,       1.37,       1.98
    0,     9,     8,      70.12,     111.27,       0.00,    13484.5,       1.38,       1.91
    0,     9,     9,     112.80,     131.18,       0.00,    16405.3,       1.40,       1.82
    0,     9,    10,      95.09,     138.05,       0.00,     6764.8,       1.41,       1.83
    0,     9,    11,     101.87,     164.20,       0.00,    10690.0,       1.40,       1.79
    0,    10,     1,       9.03,      14.51,       0.00,     2983.5,       1.33,       1.95
    0,    10,     2,      29.29,      30.88,       0.00,    18930.2,       1.53,       1.87
    0,    10,     3,      43.82,      72.95,       0.00,    10588.5,       1.42,       1.86
    0,    10,     4,      68.48,      72.66,       0.00,    13217.1,       1.35,       1.89
    0,    10,     5,      86.12,      73.85,       0.00,     7734.2,       1.29,       1.88
    0,    10,     6,     136.83,      74.74,       0.00,    10649.2,       1.38,       1.87
    0,    10,     7,     103.74,      78.29,       0.00,    11132.4,       1.34,       1.96
    0,    10,     8,      70.12,     111.26,       0.00,    14092.0,       1.37,       1.93
    0,    10,     9,     112.82,     131.19,       0.00,    16707.2,       1.43,       1.87
    0,    10,    10,      95.05,     138.04,       0.00,     6723.2,       1.43,       1.82
    0,    10,    11,     101.88,     164.20,       0.00,     9879.9,       1.44,       1.78
    0,    11,     1,       9.01,      14.41,       0.00,     3053.3,       1.42,       1.82
    0,    11,     2,      29.26,      30.92,       0.00,    19163.1,       1.55,       1.87
    0,    11,     3,      68.52,      72.68,       0.00,    12763.8,       1.36,       1.87
    0,    11,     4,      43.82,      72.95,       0.00,    10069.3,       1.43,       1.85
    0,    11,     5,      86.14,      73.92,       0.00,     7225.8,       1.43,       1.88
    0,    11,     6,     136.89,      74.75,       0.00,    10635.4,       1.39,       1.89
    0,    11,     7,     103.69,      78.31,       0.00,    11721.8,       1.35,       1.97
    0,    11,     8,      70.13,     111.27,       0.00,    14115.0,       1.42,       1.88
    0,    11,     9,     112.79,     131.19,       0.00,    16867.9,       1.42,       1.88
    0,    11,    10,      95.07,     138.01,       0.00,     6342.1,       1.42,       1.80
    0,    11,    11,     101.86,     164.18,       0.00,    10631.5,       1.43,       1.77
    0,    12,     1,       9.03,      14.51,       0.00,     2956.7,       1.27,       2.05
    0,    12,     2,      29.32,      30.89,       0.00,    18741.3,       1.51,       1.88
    0,    12,     3,      43.84,      72.94,       0.00,    10281.7,       1.43,       1.80
    0,    12,     4,      68.49,      72.71,       0.00,    13085.7,       1.36,       1.95
    0,    12,     5,      86.14,      73.89,       0.00,     8058.7,       1.33,       1.90
    0,    12,     6,     136.86,      74.71,       0.00,    10370.3,       1.32,       1.86
    0,    12,     7,     103.68,      78.35,       0.00,    11767.9,       1.32,       1.95
    0,    12,     8,      70.11,     111.29,       0.00,    14334.7,       1.40,       1.97
    0,    12,     9,     112.76,     131.21,       0.00,    16258.2,       1.44,       1.87
    0,    12,    10,      95.10,     138.02,       0.00,     6785.0,       1.38,       1.83
    0,    12,    11,     101.87,     164.19,       0.00,    10257.7,       1.40,       1.84
    0,    13,     1,       9.00,      14.48,       0.00,     2738.0,       1.44,       1.92
    0,    13,     2,      29.28,      30.89,       0.00,    19022.1,       1.53,       1.89
    0,    13,     3,      43.85,      72.96,       0.00,    10092.8,       1.45,       1.77
    0,    13,     4,      68.46,      72.70,       0.00,    13285.9,       1.37,       1.88
    0,    13,     5,      86.14,      73.91,       0.00,     7901.4,       1.33,       1.90
    0,    13,     6,     136.84,      74.75,       0.00,    10084.6,       1.37,       1.88
    0,    13,     7,     103.68,      78.29,       0.00,    11786.0,       1.36,       1.93
    0,    13,     8,      70.08,     111.23,       0.00,    13736.1,       1.37,       1.92
    0,    13,     9,     112.80,     131.20,       0.00,    16280.3,       1.44,       1.87
    0,    13,    10,      95.04,     138.02,       0.00,     6590.0,       1.38,       1.82
    0,    13,    11,     101.92,     164.19,       0.00,    10398.7,       1.39,       1.82
    0,    14,     1,       9.07,      14.47,       0.00,     3056.9,       1.27,       1.98
    0,    14,     2,      29.28,      30.89,       0.00,    19143.1,       1.53,       1.89
    0,    14,     3,      43.87,      72.95,       0.00,    10339.1,       1.39,       1.85
    0,    14,     4,      68.50,      72.71,       0.00,    13032.7,       1.38,       1.91
    0,    14,     5,      86.12,      73.88,       0.00,     7606.8,       1.28,       1.87
    0,    14,     6,     136.84,      74.77,       0.00,     9888.0,       1.36,       1.89
    0,    14,     7,     103.71,      78.32,       0.00,    11693.2,       1.35,       1.96
    0,    14,     8,      70.07,     111.23,       0.00,    13879.4,       1.39,       1.98
    0,    14,     9,     112.79,     131.16,       0.00,    16115.7,       1.40,       1.86
    0,    14,    10,      95.09,     138.08,       0.00,     6451.1,       1.36,       1.80
    0,    14,    11,     101.84,     164.20,       0.00,    10396.4,       1.39,       1.83
    0,    15,     1,       9.06,      14.59,       0.00,     3239.7,       1.29,       2.06
    0,    15,     2,      29.29,      30.88,       0.00,    18388.9,       1.50,       1.84
    0,    15,     3,      43.80,      72.93,       0.00,     9785.3,       1.42,       1.85
    0,    15,     4,      68.49,      72.73,       0.00,    12871.3,       1.39,       1.91
    0,    15,     5,      86.13,      73.83,       0.00,     7691.6,       1.36,       1.87
    0,    15,     6,     136.84,      74.69,       0.00,    10610.5,       1.41,       1.89
    0,    15,     7,     103.65,      78.27,       0.00,    11411.2,       1.33,       1.97
    0,    15,     8,      70.10,     111.26,       0.00,    13487.6,       1.37,       1.89
    0,    15,     9,     112.78,     131.14,       0.00,    17119.1,       1.44,       1.87
    0,    15,    10,      95.07,     137.99,       0.00,     6741.7,       1.31,       1.82
    0,    15,    11,     101.89,     164.21,       0.00,    10888.1,       1.40,       1.85
    0,    16,     1,       8.92,      14.48,       0.00,     2993.5,       1.39,       1.81
    0,    16,     2,      29.28,      30.90,       0.00,    19084.6,       1.51,       1.87
    0,    16,     3,      43.84,      72.94,       0.00,     9841.5,       1.39,       1.79
    0,    16,     4,      68.46,      72.72,       0.00,    12987.3,       1.37,       1.92
    0,    16,     5,      86.14,      73.88,       0.00,     7185.7,       1.33,       1.88
    0,    16,     6,     136.86,      74.76,       0.00,    10420.2,       1.39,       1.82
    0,    16,     7,     103.72,      78.31,       0.00,    12262.1,       1.32,       1.98
    0,    16,     8,      70.11,     111.29,       0.00,    13468.4,       1.35,       1.92
    0,    16,     9,     112.81,     131.15,       0.00,    16659.0,       1.44,       1.84
    0,    16,    10,      95.08,     137.98,       0.00,     6896.9,       1.42,       1.88
    0,    16,    11,     101.83,     164.20,       0.00,    10374.7,       1.50,       1.82
    0,    17,     1,       8.96,      14.51,       0.00,     2824.0,       1.35,       1.79
    0,    17,     2,      29.26,      30.88,       0.00,    19312.3,       1.52,       1.86
    0,    17,     3,      68.55,      72.71,       0.00,    12892.7,       1.41,       1.86
    0,    17,     4,      43.86,      72.94,       0.00,    10418.9,       1.45,       1.83
    0,    17,     5,      86.16,      73.83,       0.00,     7283.4,       1.33,       1.87
    0,    17,     6,     136.87,      74.71,       0.00,    10338.4,       1.41,       1.92
    0,    17,     7,     103.73,      78.32,       0.00,    11127.1,       1.37,       1.95
    0,    17,     8,      70.12,     111.22,       0.00,    13730.5,       1.41,       1.91
    0,    17,     9,     112.80,     131.15,       0.00,    16529.8,       1.44,       1.88
    0,    17,    10,      95.09,     138.02,       0.00,     6907.4,       1.37,       1.87
    0,    17,    11,     101.86,     164.15,       0.00,    10892.3,       1.41,       1.76
    0,    18,     1,       9.13,      14.53,       0.00,     2876.5,       1.25,       1.92
    0,    18,     2,      29.27,      30.88,       0.00,    18662.5,       1.52,       1.87
    0,    18,     3,      43.80,      73.02,       0.00,    10324.0,       1.45,       1.78
    0,    18,     4,      68.50,      72.68,       0.00,    12779.5,       1.34,       1.87
    0,    18,     5,      86.14,      73.83,       0.00,     7486.3,       1.29,       1.83
    0,    18,     6,     136.91,      74.75,       0.00,    10660.7,       1.40,       1.92
    0,    18,     7,     103.72,      78.38,       0.00,    11024.7,       1.35,       1.94
    0,    18,     8,      70.13,     111.29,       0.00,    13637.7,       1.37,       1.93
    0,    18,     9,     112.78,     131.19,       0.00,    16305.0,       1.44,       1.85
    0,    18,    10,      95.09,     138.03,       0.00,     6773.6,       1.37,       1.80
    0,    18,    11,     101.85,     164.13,       0.00,    10610.4,       1.40,       1.81
    0,    19,     1,       8.95,      14.44,       0.00,     2968.7,       1.34,       1.87
    0,    19,     2,      29.27,      30.92,       0.00,    18577.4,       1.51,       1.87
    0,    19,     3,      43.82,      72.94,       0.00,     9918.0,       1.42,       1.91
    0,    19,     4,      68.50,      72.76,       0.00,    12871.2,       1.32,       1.90
    0,    19,     5,      86.15,      73.92,       0.00,     7688.5,       1.31,       1.89
    0,    19,     6,     136.84,      74.73,       0.00,    10384.9,       1.38,       1.83
    0,    19,     7,     103.71,      78.34,       0.00,    11500.6,       1.33,       1.96
    0,    19,     8,      70.09,     111.25,       0.00,    13962.3,       1.41,       1.94
    0,    19,     9,     112.80,     131.16,       0.00,    16553.8,       1.43,       1.84
    0,    19,    10,      95.08,     138.03,       0.00,     7137.0,       1.42,       1.84
    0,    19,    11,     101.86,     164.19,       0.00,    10415.2,       1.38,       1.76
    0,    20,     1,       8.93,      14.42,       0.00,     2994.0,       1.35,       1.91
    0,    20,     2,      29.30,      30.88,       0.00,    18693.8,       1.52,       1.86
    0,    20,     3,      43.83,      72.96,       0.00,     9890.9,       1.42,       1.84
    0,    20,     4,      68.50,      72.70,       0.00,    13252.2,       1.41,       1.88
    0,    20,     5,      86.14,      73.86,       0.00,     7781.8,       1.32,       1.91
    0,    20,     6,     136.82,      74.72,       0.00,    10053.4,       1.38,       1.82
    0,    20,     7,     103.67,      78.38,       0.00,    11833.9,       1.35,       1.95
    0,    20,     8,      70.13,     111.23,       0.00,    14492.2,       1.39,       1.97
    0,    20,     9,     112.79,     131.17,       0.00,    17080.3,       1.44,       1.87
    0,    20,    10,      95.09,     138.06,       0.00,     6801.2,       1.40,       1.87
    0,    20,    11,     101.89,     164.19,       0.00,     9261.7,       1.37,       1.79
    0,    21,     1,       8.96,      14.55,       0.00,     2954.2,       1.34,       1.90
    0,    21,     2,      29.28,      30.90,       0.00,    19047.5,       1.54,       1.85
    0,    21,     3,      43.83,      72.95,       0.00,     9973.4,       1.41,       1.79
    0,    21,     4,      68.49,      72.73,       0.00,    13070.2,       1.41,       1.86
    0,    21,     5,      86.13,      73.88,       0.00,     7745.7,       1.34,       1.88
    0,    21,     6,     136.82,      74.75,       0.00,    10149.3,       1.36,       1.87
    0,    21,     7,     103.71,      78.34,       0.00,    11725.5,       1.34,       1.96
    0,    21,     8,      70.12,     111.22,       0.00,    13591.6,       1.44,       1.90
    0,    21,     9,     112.78,     131.16,       0.00,    16961.8,       1.44,       1.85
    0,    21,    10,      95.09,     138.06,       0.00,     6489.2,       1.35,       1.82
    0,    21,    11,     101.87,     164.16,       0.00,    10694.0,       1.40,       1.86
    0,    22,     1,       9.04,      14.43,       0.00,     3206.2,       1.42,       1.94
    0,    22,     2,      29.28,      30.89,       0.00,    18753.8,       1.52,       1.86
    0,    22,     3,      43.82,      73.00,       0.00,    10195.6,       1.44,       1.84
    0,    22,     4,      68.49,      72.68,       0.00,    12751.8,       1.38,       1.87
    0,    22,     5,      86.16,      73.87,       0.00,     8161.0,       1.32,       1.86
    0,    22,     6,     136.87,      74.72,       0.00,    10099.5,       1.33,       1.87
    0,    22,     7,     103.70,      78.29,       0.00,    11702.2,       1.32,       1.97
    0,    22,     8,      70.11,     111.26,       0.00,    13839.7,       1.42,       1.91
    0,    22,     9,     112.82,     131.16,       0.00,    16857.6,       1.44,       1.85
    0,    22,    10,      95.05,     138.02,       0.00,     6745.1,       1.36,       1.91
    0,    22,    11,     101.81,     164.13,       0.00,    10392.3,       1.46,       1.75
    0,    23,     1,       8.98,      14.53,       0.00,     2947.9,       1.32,       2.02
    0,    23,     2,      29.29,      30.90,       0.00,    19113.3,       1.52,       1.89
    0,    23,     3,      43.79,      72.93,       0.00,     9944.4,       1.40,       1.83
    0,    23,     4,      68.46,      72.72,       0.00,    12280.7,       1.38,       1.83
    0,    23,     5,      86.15,      73.91,       0.00,     8005.4,       1.37,       1.92
    0,    23,     6,     136.85,      74.72,       0.00,    10079.7,       1.36,       1.82
    0,    23,     7,     103.69,      78.28,       0.00,    11503.9,       1.32,       1.92
    0,    23,     8,      70.08,     111.24,       0.00,    13275.4,       1.41,       1.90
    0,    23,     9,     112.84,     131.18,       0.00,    17144.7,       1.46,       1.86
    0,    23,    10,      95.12,     138.02,       0.00,     6911.0,       1.36,       1.80
    0,    23,    11,     101.88,     164.19,       0.00,    10376.5,       1.40,       1.80
    0,    24,     1,       9.01,      14.50,       0.00,     2786.7,       1.25,       1.95
    0,    24,     2,      29.29,      30.89,       0.00,    18633.5,       1.50,       1.87
    0,    24,     3,      43.81,      72.90,       0.00,    10837.4,       1.40,       1.87
    0,    24,     4,      68.49,      72.68,       0.00,    12629.9,       1.35,       1.87
    0,    24,     5,      86.13,      73.94,       0.00,     7543.5,       1.31,       1.92
    0,    24,     6,     136.85,      74.70,       0.00,     9883.5,       1.37,       1.82
    0,    24,     7,     103.70,      78.32,       0.00,    11813.9,       1.34,       2.00
    0,    24,     8,      70.09,     111.23,       0.00,    13791.0,       1.34,       1.95
    0,    24,     9,     112.80,     131.14,       0.00,    16348.1,       1.42,       1.87
    0,    24,    10,      95.06,     138.03,       0.00,     6517.9,       1.37,       1.83
    0,    24,    11,     101.86,     164.22,       0.00,     9779.7,       1.39,       1.79
    0,    25,     1,       9.01,      14.58,       0.00,     2838.7,       1.33,       1.91
    0,    25,     2,      29.27,      30.87,       0.00,    18912.3,       1.51,       1.88
    0,    25,     3,      43.85,      72.93,       0.00,     9839.3,       1.43,       1.79
    0,    25,     4,      68.49,      72.72,       0.00,    12850.1,       1.37,       1.87
    0,    25,     5,      86.17,      73.90,       0.00,     7460.1,       1.28,       1.89
    0,    25,     6,     136.84,      74.77,       0.00,    10029.3,       1.42,       1.80
    0,    25,     7,     103.70,      78.31,       0.00,    11613.9,       1.30,       1.95
    0,    25,     8,      70.09,     111.25,       0.00,    13871.7,       1.39,       1.97
    0,    25,     9,     112.83,     131.19,       0.00,    16588.6,       1.44,       1.91
    0,    25,    10,      95.10,     137.95,       0.00,     6954.1,       1.37,       1.80
    0,    25,    11,     101.86,     164.20,       0.00,    10529.5,       1.42,       1.83
    0,    26,     1,       9.10,      14.46,       0.00,     3238.3,       1.39,       1.92
    0,    26,     2,      29.27,      30.86,       0.00,    19102.4,       1.50,       1.90
    0,    26,     3,      43.80,      72.90,       0.00,     9368.2,       1.35,       1.82
    0,    26,     4,      68.44,      72.67,       0.00,    12917.9,       1.36,       1.84
    0,    26,     5,      86.17,      73.90,       0.00,     7596.9,       1.35,       1.92
    0,    26,     6,     136.86,      74.75,       0.00,    10365.6,       1.37,       1.94
    0,    26,     7,     103.72,      78.33,       0.00,    11683.7,       1.30,       1.94
    0,    26,     8,      70.11,     111.29,       0.00,    13586.4,       1.38,       1.96
    0,    26,     9,     112.82,     131.15,       0.00,    17070.0,       1.44,       1.87
    0,    26,    10,      95.06,     137.93,       0.00,     6565.5,       1.41,       1.80
    0,    26,    11,     101.84,     164.21,       0.00,    10798.7,       1.40,       1.74
    0,    27,     1,       9.02,      14.45,       0.00,     2728.1,       1.29,       1.84
    0,    27,     2,      29.29,      30.86,       0.00,    18461.9,       1.51,       1.87
    0,    27,     3,      43.84,      72.95,       0.00,    10495.2,       1.42,       1.83
    0,    27,     4,      68.47,      72.70,       0.00,    12984.0,       1.35,       1.86
    0,    27,     5,      86.11,      73.90,       0.00,     7691.0,       1.30,       1.83
    0,    27,     6,     136.84,      74.71,       0.00,    10311.5,       1.35,       1.87
    0,    27,     7,     103.73,      78.27,       0.00,    11681.8,       1.28,       2.01
    0,    27,     8,      70.07,     111.25,       0.00,    13811.3,       1.37,       1.95
    0,    27,     9,     112.79,     131.15,       0.00,    16879.3,       1.44,       1.85
    0,    27,    10,      95.12,     138.03,       0.00,     6366.9,       1.33,       1.86
    0,    27,    11,     101.87,     164.20,       0.00,    10377.4,       1.42,       1.81
    0,    28,     1,       8.93,      14.47,       0.00,     2793.0,       1.33,       1.96
    0,    28,     2,      29.28,      30.86,       0.00,    18536.0,       1.52,       1.86
    0,    28,     3,      68.45,      72.74,       0.00,    13109.7,       1.35,       1.89
    0,    28,     4,      43.79,      72.95,       0.00,    10022.6,       1.46,       1.77
    0,    28,     5,      86.15,      73.93,       0.00,     8001.7,       1.31,       1.93
    0,    28,     6,     136.87,      74.76,       0.00,    10035.9,       1.36,       1.84
    0,    28,     7,     103.71,      78.32,       0.00,    11563.4,       1.36,       1.91
    0,    28,     8,      70.09,     111.24,       0.00,    13314.8,       1.42,       1.90
    0,    28,     9,     112.82,     131.17,       0.00,    15745.6,       1.43,       1.83
    0,    28,    10,      95.05,     138.04,       0.00,     6791.3,       1.40,       1.92
    0,    28,    11,     101.83,     164.25,       0.00,    11123.8,       1.39,       1.80
    0,    29,     1,       9.11,      14.35,       0.00,     2738.2,       1.21,       1.92
    0,    29,     2,      29.28,      30.88,       0.00,    18387.4,       1.53,       1.84
    0,    29,     3,      43.85,      72.95,       0.00,    10332.9,       1.42,       1.85
    0,    29,     4,      68.49,      72.72,       0.00,    13025.8,       1.36,       1.90
    0,    29,     5,      86.17,      73.88,       0.00,     7495.6,       1.34,       1.84
    0,    29,     6,     136.87,      74.75,       0.00,     9730.6,       1.31,       1.83
    0,    29,     7,     103.71,      78.28,       0.00,    11709.9,       1.37,       1.90
    0,    29,     8,      70.03,     111.27,       0.00,    13138.0,       1.42,       1.86
    0,    29,     9,     112.80,     131.19,       0.00,    15670.2,       1.44,       1.84
    0,    29,    10,      95.06,     137.98,       0.00,     6773.6,       1.45,       1.88
    0,    29,    11,     101.87,     164.15,       0.00,    10889.7,       1.38,       1.76
    0,    30,     1,       9.14,      14.47,       0.00,     2838.3,       1.35,       1.82
    0,    30,     2,      29.26,      30.87,       0.00,    18875.2,       1.50,       1.88
    0,    30,     3,      43.85,      72.97,       0.00,     9711.5,       1.42,       1.82
    0,    30,     4,      68.49,      72.73,       0.00,    12550.7,       1.37,       1.85
    0,    30,     5,      86.16,      73.92,       0.00,     8098.4,       1.33,       1.93
    0,    30,     6,     136.85,      74.70,       0.00,     9835.2,       1.37,       1.81
    0,    30,     7,     103.70,      78.31,       0.00,    11951.1,       1.30,       1.96
    0,    30,     8,      70.09,     111.30,       0.00,    13545.7,       1.41,       1.94
    0,    30,     9,     112.76,     131.18,       0.00,    16859.0,       1.45,       1.86
    0,    30,    10,      95.05,     138.00,       0.00,     6935.7,       1.39,       1.85
    0,    30,    11,     101.87,     164.21,       0.00,    11054.1,       1.39,       1.78
    0,    31,     1,       9.03,      14.53,       0.00,     3271.8,       1.35,       1.99
    0,    31,     2,      29.27,      30.88,       0.00,    18510.7,       1.52,       1.87
    0,    31,     3,      43.81,      72.96,       0.00,    10138.2,       1.42,       1.79
    0,    31,     4,      68.49,      72.76,       0.00,    13030.0,       1.35,       1.91
    0,    31,     5,      86.19,      73.85,       0.00,     7626.7,       1.32,       1.85
    0,    31,     6,     136.85,      74.69,       0.00,    10277.5,       1.35,       1.95
    0,    31,     7,     103.68,      78.37,       0.00,    11694.8,       1.33,       1.97
    0,    31,     8,      70.11,     111.25,       0.00,    12965.0,       1.36,       1.94
    0,    31,     9,     112.80,     131.19,       0.00,    16974.5,       1.43,       1.87
    0,    31,    10,      95.06,     137.97,       0.00,     6468.8,       1.39,       1.75
    0,    31,    11,     101.86,     164.21,       0.00,    10834.9,       1.40,       1.80
    0,    32,     1,       9.03,      14.28,       0.00,     2614.1,       1.28,       1.72
    0,    32,     2,      29.32,      30.84,       0.00,    18215.9,       1.53,       1.85
    0,    32,     3,      43.84,      72.99,       0.00,     9959.7,       1.42,       1.86
    0,    32,     4,      68.50,      72.74,       0.00,    12848.4,       1.36,       1.91
    0,    32,     5,      86.18,      73.90,       0.00,     7777.8,       1.34,       1.85
    0,    32,     6,     136.84,      74.72,       0.00,     9956.3,       1.36,       1.86
    0,    32,     7,     103.69,      78.30,       0.00,    11829.9,       1.31,       1.93
    0,    32,     8,      70.09,     111.28,       0.00,    13278.8,       1.36,       1.93
    0,    32,     9,     112.81,     131.21,       0.00,    15913.0,       1.43,       1.84
    0,    32,    10,      95.04,     137.99,       0.00,     6760.6,       1.40,       1.80
    0,    32,    11,     101.83,     164.24,       0.00,    11152.6,       1.42,       1.80
    0,    33,     1,       9.01,      14.54,       0.00,     2924.1,       1.36,       1.92
    0,    33,     2,      29.24,      30.90,       0.00,    18083.3,       1.51,       1.82
    0,    33,     3,      43.83,      72.92,       0.00,    10036.7,       1.41,       1.82
    0,    33,     4,      68.48,      72.69,       0.00,    13311.8,       1.37,       1.89
    0,    33,     5,      86.15,      73.92,       0.00,     7775.3,       1.33,       1.84
    0,    33,     6,     136.84,      74.74,       0.00,    10024.2,       1.38,       1.88
    0,    33,     7,     103.70,      78.34,       0.00,    11990.6,       1.34,       1.93
    0,    33,     8,      70.07,     111.25,       0.00,    13706.7,       1.40,       1.90
    0,    33,     9,     112.82,     131.15,       0.00,    16101.9,       1.45,       1.85
    0,    33,    10,      95.05,     138.03,       0.00,     6568.5,       1.37,       1.86
    0,    33,    11,     101.86,     164.21,       0.00,    10654.2,       1.40,       1.79
    0,    34,     1,       9.04,      14.53,       0.00,     2974.8,       1.38,       1.86
    0,    34,     2,      29.31,      30.88,       0.00,    18437.3,       1.53,       1.87
    0,    34,     3,      43.85,      72.91,       0.00,    10267.8,       1.42,       1.84
    0,    34,     4,      68.47,      72.70,       0.00,    12651.5,       1.35,       1.88
    0,    34,     5,      86.12,      73.92,       0.00,     7980.6,       1.39,       1.88
    0,    34,     6,     136.80,      74.75,       0.00,     9746.2,       1.34,       1.83
    0,    34,     7,     103.69,      78.32,       0.00,    12172.4,       1.34,       1.96
    0,    34,     8,      70.09,     111.28,       0.00,    13587.3,       1.38,       1.91
    0,    34,     9,     112.79,     131.18,       0.00,    15993.2,       1.40,       1.82
    0,    34,    10,      95.05,     138.04,       0.00,     6611.6,       1.40,       1.80
    0,    34,    11,     101.87,     164.20,       0.00,    11246.4,       1.37,       1.87
    0,    35,     1,       9.04,      14.39,       0.00,     2652.5,       1.31,       1.83
    0,    35,     2,      29.25,      30.89,       0.00,    18624.7,       1.53,       1.83
    0,    35,     3,      43.84,      72.93,       0.00,     9762.5,       1.39,       1.80
    0,    35,     4,      68.50,      72.72,       0.00,    13199.4,       1.38,       1.90
    0,    35,     5,      86.13,      73.92,       0.00,     8010.1,       1.28,       1.89
    0,    35,     6,     136.87,      74.81,       0.00,    10064.0,       1.40,       1.88
    0,    35,     7,     103.70,      78.35,       0.00,    12233.9,       1.37,       1.96
    0,    35,     8,      70.08,     111.24,       0.00,    13359.5,       1.34,       1.90
    0,    35,     9,     112.81,     131.20,       0.00,    16331.9,       1.45,       1.80
    0,    35,    10,      95.05,     138.10,       0.00,     7011.7,       1.44,       1.89
    0,    35,    11,     101.90,     164.21,       0.00,    10834.3,       1.40,       1.79
    0,    36,     1,       8.97,      14.49,       0.00,     3172.8,       1.42,       1.89
    0,    36,     2,      29.27,      30.86,       0.00,    18475.3,       1.48,       1.89
    0,    36,     3,      43.82,      72.93,       0.00,     9959.1,       1.39,       1.80
    0,    36,     4,      68.49,      72.73,       0.00,    12802.7,       1.34,       1.90
    0,    36,     5,      86.15,      73.88,       0.00,     8001.2,       1.34,       1.93
    0,    36,     6,     136.85,      74.73,       0.00,     9690.5,       1.40,       1.86
    0,    36,     7,     103.69,      78.31,       0.00,    11393.4,       1.34,       1.95
    0,    36,     8,      70.07,     111.29,       0.00,    13172.6,       1.38,       1.91
    0,    36,     9,     112.83,     131.15,       0.00,    15763.6,       1.48,       1.84
    0,    36,    10,      95.08,     138.09,       0.00,     6787.0,       1.37,       1.83
    0,    36,    11,     101.85,     164.27,       0.00,    11155.6,       1.40,       1.83
    0,    37,     1,       9.00,      14.43,       0.00,     2970.4,       1.34,       2.00
    0,    37,     2,      29.26,      30.86,       0.00,    18783.4,       1.51,       1.87
    0,    37,     3,      43.80,      72.98,       0.00,    10344.4,       1.40,       1.82
    0,    37,     4,      68.49,      72.67,       0.00,    12821.5,       1.38,       1.88
    0,    37,     5,      86.08,      73.96,       0.00,     7738.0,       1.36,       1.89
    0,    37,     6,     136.83,      74.76,       0.00,     9816.2,       1.36,       1.84
    0,    37,     7,     103.69,      78.26,       0.00,    11079.9,       1.33,       1.96
    0,    37,     8,      70.12,     111.22,       0.00,    13190.4,       1.39,       1.86
    0,    37,     9,     112.83,     131.17,       0.00,    16546.9,       1.45,       1.85
    0,    37,    10,      95.10,     138.06,       0.00,     6697.0,       1.37,       1.85
    0,    37,    11,     101.83,     164.21,       0.00,    10974.8,       1.39,       1.78
    0,    38,     1,       9.00,      14.46,       0.00,     2960.5,       1.41,       1.83
    0,    38,     2,      29.26,      30.83,       0.00,    18528.2,       1.49,       1.88
    0,    38,     3,      43.81,      72.95,       0.00,    10105.8,       1.43,       1.82
    0,    38,     4,      68.44,      72.66,       0.00,    12621.1,       1.39,       1.87
    0,    38,     5,      86.15,      73.90,       0.00,     7973.2,       1.29,       1.92
    0,    38,     6,     136.86,      74.75,       0.00,    10112.2,       1.39,       1.87
    0,    38,     7,     103.72,      78.30,       0.00,    11883.9,       1.35,       1.96
    0,    38,     8,      70.12,     111.25,       0.00,    13208.5,       1.35,       1.94
    0,    38,     9,     112.81,     131.16,       0.00,    16029.6,       1.42,       1.81
    0,    38,    10,      95.11,     138.02,       0.00,     6878.3,       1.34,       1.83
    0,    38,    11,     101.85,     164.20,       0.00,    10510.6,       1.38,       1.80
    0,    39,     1,       8.98,      14.36,       0.00,     2868.0,       1.35,       1.90
    0,    39,     2,      29.23,      30.88,       0.00,    18482.4,       1.51,       1.87
    0,    39,     3,      43.83,      72.96,       0.00,    10385.7,       1.41,       1.82
    0,    39,     4,      68.50,      72.67,       0.00,    12867.5,       1.37,       1.88
    0,    39,     5,      86.18,      73.87,       0.00,     8143.7,       1.32,       1.95
    0,    39,     6,     136.86,      74.73,       0.00,    10234.5,       1.35,       1.88
    0,    39,     7,     103.71,      78.33,       0.00,    11363.2,       1.32,       1.96
    0,    39,     8,      70.11,     111.28,       0.00,    13085.5,       1.43,       1.90
    0,    39,     9,     112.83,     131.20,       0.00,    16088.5,       1.41,       1.86
    0,    39,    10,      95.06,     137.99,       0.00,     6675.0,       1.35,       1.79
    0,    39,    11,     101.86,     164.23,       0.00,    10454.0,       1.42,       1.81
    0,    40,     1,       8.94,      14.51,       0.00,     2722.9,       1.31,       1.88
    0,    40,     2,      29.23,      30.89,       0.00,    18866.7,       1.54,       1.86
    0,    40,     3,      43.84,      72.97,       0.00,    10002.4,       1.42,       1.77
    0,    40,     4,      68.49,      72.73,       0.00,    12429.2,       1.39,       1.79
    0,    40,     5,      86.11,      73.96,       0.00,     8117.9,       1.34,       1.87
    0,    40,     6,     136.86,      74.71,       0.00,    10109.6,       1.39,       1.84
    0,    40,     7,     103.69,      78.31,       0.00,    12241.4,       1.37,       1.98
    0,    40,     8,      70.08,     111.26,       0.00,    13385.6,       1.41,       1.91
    0,    40,     9,     112.82,     131.20,       0.00,    15600.9,       1.42,       1.83
    0,    40,    10,      95.11,     138.07,       0.00,     7254.0,       1.38,       1.86
    0,    40,    11,     101.87,     164.20,       0.00,    10617.4,       1.44,       1.80
    0,    41,     1,       9.02,      14.45,       0.00,     3066.2,       1.37,       1.96
    0,    41,     2,      29.27,      30.88,       0.00,    18539.4,       1.55,       1.85
    0,    41,     3,      43.85,      72.97,       0.00,    10138.0,       1.45,       1.81
    0,    41,     4,      68.49,      72.67,       0.00,    12586.5,       1.34,       1.85
    0,    41,     5,      86.13,      73.88,       0.00,     7747.7,       1.34,       1.87
    0,    41,     6,     136.82,      74.76,       0.00,     9994.9,       1.44,       1.84
    0,    41,     7,     103.72,      78.38,       0.00,    11712.7,       1.38,       1.97
    0,    41,     8,      70.09,     111.24,       0.00,    13482.7,       1.40,       1.95
    0,    41,     9,     112.81,     131.22,       0.00,    16202.9,       1.44,       1.86
    0,    41,    10,      95.11,     138.05,       0.00,     6569.2,       1.35,       1.84
    0,    41,    11,     101.85,     164.25,       0.00,    10935.4,       1.38,       1.79
    0,    42,     1,       8.93,      14.37,       0.00,     2891.0,       1.40,       1.88
    0,    42,     2,      29.29,      30.88,       0.00,    19175.9,       1.54,       1.88
    0,    42,     3,      43.79,      72.92,       0.00,     9965.3,       1.40,       1.80
    0,    42,     4,      68.51,      72.71,       0.00,    12882.0,       1.35,       1.86
    0,    42,     5,      86.14,      73.91,       0.00,     7232.2,       1.34,       1.89
    0,    42,     6,     136.85,      74.76,       0.00,    10195.5,       1.38,       1.81
    0,    42,     7,     103.71,      78.34,       0.00,    11547.2,       1.34,       1.89
    0,    42,     8,      70.10,     111.27,       0.00,    12657.2,       1.42,       1.86
    0,    42,     9,     112.82,     131.20,       0.00,    16767.7,       1.48,       1.88
    0,    42,    10,      95.11,     137.99,       0.00,     6719.0,       1.40,       1.75
    0,    42,    11,     101.84,     164.18,       0.00,    11137.9,       1.41,       1.85
