#stackID(UINT32), frameID(UINT32), eventID(UINT32), x0(float), y0(float), z0(float), photon_count0(float), sigmaX0(float), sigmaY0(float) 
    0,     0,     1,       8.97,      14.18,       0.00,     4465.6,       1.10,       3.28
    0,     0,     2,      29.22,      30.49,       0.00,    26021.2,       1.21,       3.30
    0,     0,     3,      68.40,      72.24,       0.00,    18860.7,       1.09,       3.19
    0,     0,     4,      43.74,      72.41,       0.00,    14663.0,       1.07,       3.11
    0,     0,     5,      86.10,      73.58,       0.00,     9581.6,       1.09,       3.23
    0,     0,     6,     136.77,      74.23,       0.00,    14944.1,       1.07,       3.22
    0,     0,     7,     103.63,      77.96,       0.00,    13890.6,       1.07,       3.32
    0,     0,     8,      69.98,     110.84,       0.00,    19234.3,       1.13,       3.29
    0,     0,     9,     112.67,     130.78,       0.00,    19978.4,       1.12,       3.19
    0,     0,    10,      94.98,     137.43,       0.00,     9326.5,       1.06,       3.10
    0,     0,    11,     101.79,     163.83,       0.00,    13469.0,       1.08,       3.14
    0,     1,     1,       8.95,      14.31,       0.00,     4418.1,       1.11,       3.29
    0,     1,     2,      29.23,      30.49,       0.00,    26843.4,       1.22,       3.36
    0,     1,     3,      43.73,      72.44,       0.00,    14247.0,       1.05,       3.04
    0,     1,     4,      68.42,      72.25,       0.00,    18968.5,       1.12,       3.26
    0,     1,     5,      86.11,      73.44,       0.00,     9795.5,       1.09,       3.26
    0,     1,     6,     136.76,      74.34,       0.00,    15579.0,       1.09,       3.24
    0,     1,     7,     103.68,      77.95,       0.00,    14597.8,       1.09,       3.29
    0,     1,     8,      70.00,     110.83,       0.00,    18941.5,       1.13,       3.27
    0,     1,     9,     112.68,     130.81,       0.00,    20010.7,       1.13,       3.17
    0,     1,    10,      94.92,     137.54,       0.00,     9201.7,       1.06,       3.03
    0,     1,    11,     101.80,     163.85,       0.00,    13950.1,       1.09,       3.10
    0,     2,     1,       8.98,      14.18,       0.00,     4459.9,       1.05,       3.22
    0,     2,     2,      29.24,      30.53,       0.00,    26799.5,       1.23,       3.32
    0,     2,     3,      43.76,      72.51,       0.00,    15186.3,       1.09,       3.05
    0,     2,     4,      68.41,      72.28,       0.00,    18509.3,       1.08,       3.26
    0,     2,     5,      86.09,      73.49,       0.00,     9621.3,       1.11,       3.20
    0,     2,     6,     136.74,      74.31,       0.00,    15502.7,       1.06,       3.25
    0,     2,     7,     103.65,      78.03,       0.00,    14255.0,       1.09,       3.30
    0,     2,     8,      70.03,     110.78,       0.00,    18348.7,       1.09,       3.26
    0,     2,     9,     112.66,     130.79,       0.00,    19775.8,       1.14,       3.14
    0,     2,    10,      94.98,     137.58,       0.00,     9452.0,       1.09,       3.20
    0,     2,    11,     101.78,     163.74,       0.00,    13601.8,       1.09,       3.09
    0,     3,     1,       8.99,      14.11,       0.00,     4400.2,       1.09,       3.28
    0,     3,     2,      29.22,      30.53,       0.00,    25936.5,       1.21,       3.34
    0,     3,     3,      68.41,      72.25,       0.00,    19282.7,       1.11,       3.28
    0,     3,     4,      43.72,      72.49,       0.00,    14256.7,       1.03,       3.24
    0,     3,     5,      86.10,      73.54,       0.00,     9329.1,       1.11,       3.14
    0,     3,     6,     136.75,      74.33,       0.00,    15009.2,       1.09,       3.28
    0,     3,     7,     103.66,      77.96,       0.00,    13944.1,       1.08,       3.33
    0,     3,     8,      70.00,     110.81,       0.00,    18599.6,       1.12,       3.26
    0,     3,     9,     112.67,     130.77,       0.00,    19450.4,       1.11,       3.14
    0,     3,    10,      94.99,     137.52,       0.00,     9249.4,       1.08,       3.25
    0,     3,    11,      55.68,     145.60,       0.00,     1020.7,       1.11,       2.04
    0,     3,    12,     101.78,     163.73,       0.00,    13855.0,       1.09,       3.11
    0,     4,     1,       8.95,      13.98,       0.00,     4307.2,       1.00,       3.15
    0,     4,     2,      29.24,      30.56,       0.00,    26496.1,       1.21,       3.32
    0,     4,     3,      43.73,      72.51,       0.00,    14465.4,       1.08,       3.07
    0,     4,     4,      68.41,      72.23,       0.00,    18315.6,       1.08,       3.24
    0,     4,     5,      86.10,      73.49,       0.00,     9343.4,       1.04,       3.18
    0,     4,     6,     136.76,      74.29,       0.00,    15111.4,       1.08,       3.25
    0,     4,     7,     103.64,      77.96,       0.00,    14106.6,       1.09,       3.20
    0,     4,     8,      70.00,     110.86,       0.00,    17860.5,       1.12,       3.20
    0,     4,     9,     112.64,     130.80,       0.00,    19299.4,       1.11,       3.10
    0,     4,    10,      94.95,     137.53,       0.00,     9074.3,       1.07,       3.04
    0,     4,    11,      55.55,     145.30,       0.00,     1249.4,       1.17,       2.11
    0,     4,    12,     101.76,     163.73,       0.00,    13533.7,       1.09,       3.12
    0,     5,     1,       8.97,      14.22,       0.00,     4315.6,       1.03,       3.42
    0,     5,     2,      29.21,      30.46,       0.00,    25704.1,       1.21,       3.28
    0,     5,     3,      43.74,      72.49,       0.00,    14458.0,       1.07,       3.14
    0,     5,     4,      68.40,      72.27,       0.00,    18424.6,       1.09,       3.22
    0,     5,     5,      86.12,      73.39,       0.00,     9528.5,       1.08,       3.19
    0,     5,     6,     136.78,      74.26,       0.00,    14939.4,       1.09,       3.27
    0,     5,     7,     103.63,      77.84,       0.00,    14484.5,       1.08,       3.32
    0,     5,     8,      69.99,     110.80,       0.00,    17535.0,       1.09,       3.22
    0,     5,     9,     112.68,     130.82,       0.00,    19171.7,       1.12,       3.16
    0,     5,    10,      94.95,     137.59,       0.00,     9070.6,       1.08,       3.18
    0,     5,    11,      55.64,     145.57,       0.00,     1049.2,       1.01,       2.22
    0,     5,    12,     101.80,     163.76,       0.00,    12954.1,       1.06,       3.08
    0,     6,     1,       8.97,      14.03,       0.00,     4070.8,       1.06,       3.27
    0,     6,     2,      29.21,      30.55,       0.00,    25583.8,       1.21,       3.30
    0,     6,     3,      43.74,      72.53,       0.00,    13817.2,       1.07,       3.02
    0,     6,     4,      68.41,      72.21,       0.00,    18496.2,       1.10,       3.24
    0,     6,     5,      86.13,      73.46,       0.00,     9459.6,       1.10,       3.13
    0,     6,     6,     136.76,      74.31,       0.00,    15228.0,       1.08,       3.32
    0,     6,     7,     103.66,      77.90,       0.00,    14116.3,       1.07,       3.27
    0,     6,     8,      69.96,     110.81,       0.00,    17617.6,       1.08,       3.19
    0,     6,     9,     112.67,     130.85,       0.00,    18875.8,       1.14,       3.13
    0,     6,    10,      94.97,     137.67,       0.00,     9089.1,       1.07,       3.21
    0,     6,    11,     101.79,     163.84,       0.00,    13421.2,       1.08,       3.07
    0,     7,     1,       9.01,      14.25,       0.00,     4601.8,       1.10,       3.48
    0,     7,     2,      29.22,      30.43,       0.00,    24828.4,       1.19,       3.28
    0,     7,     3,      68.42,      72.23,       0.00,    18324.7,       1.08,       3.20
    0,     7,     4,      43.75,      72.46,       0.00,    13666.7,       1.06,       3.13
    0,     7,     5,      86.09,      73.47,       0.00,     9414.9,       1.10,       3.23
    0,     7,     6,     136.77,      74.36,       0.00,    15110.2,       1.11,       3.20
    0,     7,     7,     103.65,      77.93,       0.00,    14287.8,       1.08,       3.27
    0,     7,     8,      69.99,     110.80,       0.00,    18720.7,       1.10,       3.30
    0,     7,     9,     112.63,     130.82,       0.00,    19520.1,       1.13,       3.12
    0,     7,    10,      94.98,     137.59,       0.00,     8674.4,       1.07,       3.17
    0,     7,    11,     101.80,     163.76,       0.00,    13084.7,       1.09,       3.12
    0,     8,     1,       8.95,      14.23,       0.00,     4261.4,       1.10,       3.17
    0,     8,     2,      29.23,      30.57,       0.00,    25291.7,       1.19,       3.28
    0,     8,     3,      43.73,      72.44,       0.00,    13119.1,       1.03,       3.06
    0,     8,     4,      68.41,      72.28,       0.00,    18452.1,       1.08,       3.23
    0,     8,     5,      86.10,      73.39,       0.00,     9248.5,       1.09,       3.16
    0,     8,     6,     136.76,      74.27,       0.00,    14633.3,       1.06,       3.21
    0,     8,     7,     103.64,      77.85,       0.00,    14118.9,       1.06,       3.23
    0,     8,     8,      69.99,     110.85,       0.00,    18150.5,       1.10,       3.20
    0,     8,     9,     112.68,     130.88,       0.00,    19454.0,       1.15,       3.19
    0,     8,    10,      94.95,     137.66,       0.00,     8710.6,       1.06,       3.03
    0,     8,    11,     101.82,     163.84,       0.00,    12826.3,       1.10,       3.10
    0,     9,     1,       9.00,      14.07,       0.00,     4540.0,       1.01,       3.36
    0,     9,     2,      29.21,      30.54,       0.00,    25447.7,       1.21,       3.30
    0,     9,     3,      43.74,      72.50,       0.00,    12729.1,       1.05,       3.04
    0,     9,     4,      68.40,      72.23,       0.00,    18066.1,       1.09,       3.22
    0,     9,     5,      86.12,      73.46,       0.00,     8983.5,       1.09,       3.27
    0,     9,     6,     136.76,      74.26,       0.00,    14727.5,       1.10,       3.17
    0,     9,     7,     103.68,      77.89,       0.00,    13884.6,       1.09,       3.34
    0,     9,     8,      69.98,     110.77,       0.00,    17612.1,       1.10,       3.19
    0,     9,     9,     112.66,     130.79,       0.00,    18887.6,       1.14,       3.10
    0,     9,    10,      94.97,     137.60,       0.00,     9054.6,       1.09,       3.07
    0,     9,    11,     101.78,     163.75,       0.00,    11985.8,       1.08,       3.10
    0,    10,     1,       8.96,      14.07,       0.00,     3984.4,       1.02,       3.30
    0,    10,     2,      29.23,      30.47,       0.00,    24489.2,       1.17,       3.28
    0,    10,     3,      68.39,      72.23,       0.00,    18397.3,       1.09,       3.31
    0,    10,     4,      43.75,      72.49,       0.00,    13992.0,       1.08,       3.06
    0,    10,     5,      86.13,      73.53,       0.00,     9877.5,       1.11,       3.28
    0,    10,     6,     136.77,      74.29,       0.00,    15520.1,       1.08,       3.26
    0,    10,     7,     103.66,      77.86,       0.00,    13753.2,       1.07,       3.24
    0,    10,     8,      69.99,     110.82,       0.00,    16801.9,       1.10,       3.17
    0,    10,     9,     112.69,     130.83,       0.00,    18700.8,       1.11,       3.12
    0,    10,    10,      94.92,     137.53,       0.00,     8910.2,       1.06,       3.08
    0,    10,    11,     101.83,     163.78,       0.00,    13202.3,       1.13,       3.11
    0,    11,     1,       8.99,      14.08,       0.00,     4385.7,       1.08,       3.15
    0,    11,     2,      29.23,      30.48,       0.00,    25366.6,       1.20,       3.27
    0,    11,     3,      43.77,      72.51,       0.00,    14011.4,       1.06,       3.11
    0,    11,     4,      68.40,      72.18,       0.00,    18175.9,       1.08,       3.22
    0,    11,     5,      86.09,      73.56,       0.00,     9502.7,       1.11,       3.30
    0,    11,     6,     136.75,      74.33,       0.00,    15076.6,       1.09,       3.16
    0,    11,     7,     103.67,      77.92,       0.00,    14013.1,       1.09,       3.31
    0,    11,     8,      69.98,     110.82,       0.00,    17227.7,       1.11,       3.18
    0,    11,     9,     112.69,     130.75,       0.00,    19339.7,       1.14,       3.15
    0,    11,    10,      94.92,     137.50,       0.00,     8986.9,       1.07,       3.08
    0,    11,    11,     101.80,     163.71,       0.00,    12987.3,       1.09,       3.10
    0,    12,     1,       9.03,      14.19,       0.00,     4288.7,       1.05,       3.21
    0,    12,     2,      29.24,      30.48,       0.00,    24990.8,       1.19,       3.25
    0,    12,     3,      43.76,      72.50,       0.00,    13955.2,       1.08,       3.08
    0,    12,     4,      68.43,      72.21,       0.00,    19231.0,       1.08,       3.32
    0,    12,     5,      86.10,      73.31,       0.00,     9198.8,       1.05,       3.20
    0,    12,     6,     136.77,      74.30,       0.00,    15216.7,       1.08,       3.21
    0,    12,     7,     103.66,      77.91,       0.00,    13832.6,       1.10,       3.30
    0,    12,     8,      70.01,     110.76,       0.00,    17277.4,       1.10,       3.17
    0,    12,     9,     112.68,     130.82,       0.00,    19398.9,       1.16,       3.18
    0,    12,    10,      94.95,     137.47,       0.00,     9291.9,       1.11,       3.11
    0,    12,    11,     101.80,     163.78,       0.00,    12731.3,       1.07,       3.15
    0,    13,     1,       8.92,      14.10,       0.00,     4313.6,       1.06,       3.10
    0,    13,     2,      29.23,      30.52,       0.00,    24791.7,       1.18,       3.30
    0,    13,     3,      68.41,      72.22,       0.00,    18422.4,       1.09,       3.21
    0,    13,     4,      43.73,      72.52,       0.00,    13879.4,       1.08,       3.19
    0,    13,     5,      86.11,      73.48,       0.00,     9472.2,       1.09,       3.25
    0,    13,     6,     136.74,      74.30,       0.00,    14880.8,       1.08,       3.20
    0,    13,     7,     103.66,      77.85,       0.00,    13504.1,       1.07,       3.22
    0,    13,     8,      70.02,     110.87,       0.00,    17678.0,       1.10,       3.23
    0,    13,     9,     112.68,     130.78,       0.00,    18949.7,       1.12,       3.19
    0,    13,    10,      94.94,     137.55,       0.00,     8710.6,       1.08,       3.03
    0,    13,    11,     101.81,     163.73,       0.00,    13237.8,       1.10,       3.11
    0,    14,     1,       8.96,      14.02,       0.00,     4362.1,       1.09,       3.14
    0,    14,     2,      29.24,      30.55,       0.00,    25338.0,       1.19,       3.31
    0,    14,     3,      68.42,      72.22,       0.00,    18394.3,       1.09,       3.25
    0,    14,     4,      43.76,      72.46,       0.00,    13887.5,       1.08,       3.03
    0,    14,     5,      86.11,      73.48,       0.00,     9552.8,       1.06,       3.23
    0,    14,     6,     136.77,      74.32,       0.00,    15259.0,       1.10,       3.22
    0,    14,     7,     103.66,      77.86,       0.00,    13954.1,       1.07,       3.29
    0,    14,     8,      70.01,     110.78,       0.00,    17354.0,       1.10,       3.16
    0,    14,     9,     112.70,     130.86,       0.00,    18616.6,       1.12,       3.17
    0,    14,    10,      94.97,     137.52,       0.00,     8677.2,       1.09,       3.16
    0,    14,    11,     101.80,     163.71,       0.00,    12249.4,       1.08,       3.00
    0,    15,     1,       9.00,      14.22,       0.00,     4469.2,       1.09,       3.39
    0,    15,     2,      29.26,      30.54,       0.00,    25244.3,       1.19,       3.30
    0,    15,     3,      43.73,      72.53,       0.00,    14233.1,       1.07,       3.13
    0,    15,     4,      68.42,      72.25,       0.00,    18176.1,       1.10,       3.22
    0,    15,     5,      86.10,      73.48,       0.00,     9466.8,       1.10,       3.18
    0,    15,     6,     136.76,      74.32,       0.00,    15626.8,       1.08,       3.18
    0,    15,     7,     103.67,      77.95,       0.00,    14743.7,       1.08,       3.36
    0,    15,     8,      69.99,     110.89,       0.00,    17441.8,       1.09,       3.20
    0,    15,     9,     112.68,     130.87,       0.00,    19141.5,       1.13,       3.14
    0,    15,    10,      94.96,     137.62,       0.00,     8903.8,       1.09,       3.12
    0,    15,    11,     101.79,     163.82,       0.00,    13350.5,       1.10,       3.15
    0,    16,     1,       8.97,      13.96,       0.00,     4246.8,       1.05,       3.05
    0,    16,     2,      29.23,      30.53,       0.00,    25142.9,       1.19,       3.28
    0,    16,     3,      68.41,      72.23,       0.00,    18754.8,       1.10,       3.28
    0,    16,     4,      43.77,      72.47,       0.00,    13586.6,       1.07,       3.05
    0,    16,     5,      86.12,      73.42,       0.00,     9430.6,       1.04,       3.12
    0,    16,     6,     136.74,      74.34,       0.00,    15352.9,       1.11,       3.20
    0,    16,     7,     103.68,      77.90,       0.00,    14229.7,       1.07,       3.28
    0,    16,     8,      70.00,     110.78,       0.00,    17943.0,       1.10,       3.18
    0,    16,     9,     112.69,     130.81,       0.00,    19079.8,       1.14,       3.18
    0,    16,    10,      94.94,     137.63,       0.00,     8665.7,       1.06,       3.15
    0,    16,    11,     101.81,     163.77,       0.00,    12539.6,       1.07,       3.13
    0,    17,     1,       8.99,      13.94,       0.00,     4397.2,       1.07,       3.31
    0,    17,     2,      29.21,      30.53,       0.00,    25532.9,       1.20,       3.31
    0,    17,     3,      43.76,      72.53,       0.00,    12855.3,       1.04,       3.06
    0,    17,     4,      68.45,      72.18,       0.00,    18118.3,       1.09,       3.22
    0,    17,     5,      86.12,      73.49,       0.00,     9510.5,       1.07,       3.19
    0,    17,     6,     136.80,      74.33,       0.00,    14739.4,       1.07,       3.22
    0,    17,     7,     103.66,      77.86,       0.00,    14184.7,       1.09,       3.30
    0,    17,     8,      70.02,     110.78,       0.00,    18188.4,       1.10,       3.26
    0,    17,     9,     112.69,     130.80,       0.00,    18523.6,       1.10,       3.15
    0,    17,    10,      94.97,     137.65,       0.00,     8940.3,       1.06,       3.17
    0,    17,    11,     101.81,     163.82,       0.00,    12887.0,       1.07,       3.03
    0,    18,     1,       8.95,      14.00,       0.00,     4270.7,       1.05,       3.18
    0,    18,     2,      29.25,      30.49,       0.00,    25092.8,       1.19,       3.28
    0,    18,     3,      43.76,      72.49,       0.00,    14078.0,       1.08,       3.08
    0,    18,     4,      68.39,      72.23,       0.00,    18131.2,       1.08,       3.18
    0,    18,     5,      86.13,      73.40,       0.00,     9167.2,       1.07,       3.19
    0,    18,     6,     136.76,      74.39,       0.00,    14389.7,       1.10,       3.21
    0,    18,     7,     103.66,      77.81,       0.00,    13526.6,       1.10,       3.37
    0,    18,     8,      70.01,     110.86,       0.00,    17555.8,       1.10,       3.23
    0,    18,     9,     112.68,     130.78,       0.00,    18297.1,       1.11,       3.14
    0,    18,    10,      94.98,     137.58,       0.00,     8656.7,       1.08,       3.07
    0,    18,    11,      55.67,     145.18,       0.00,     1020.4,       1.19,       2.45
    0,    18,    12,     101.81,     163.76,       0.00,    12213.1,       1.06,       3.10
    0,    19,     1,       8.96,      14.00,       0.00,     4196.3,       1.03,       3.23
    0,    19,     2,      29.25,      30.48,       0.00,    25123.3,       1.20,       3.27
    0,    19,     3,      43.75,      72.55,       0.00,    13803.8,       1.06,       3.08
    0,    19,     4,      68.43,      72.24,       0.00,    18574.1,       1.09,       3.28
    0,    19,     5,      86.15,      73.43,       0.00,     9818.2,       1.11,       3.34
    0,    19,     6,     136.77,      74.26,       0.00,    14976.4,       1.10,       3.22
    0,    19,     7,     103.66,      77.80,       0.00,    13790.4,       1.08,       3.24
    0,    19,     8,      69.99,     110.74,       0.00,    17361.9,       1.08,       3.19
    0,    19,     9,     112.69,     130.82,       0.00,    17995.0,       1.10,       3.11
    0,    19,    10,      94.96,     137.58,       0.00,     8737.6,       1.06,       3.12
    0,    19,    11,      55.78,     145.64,       0.00,     1473.6,       1.18,       2.43
    0,    19,    12,     101.81,     163.82,       0.00,    12823.1,       1.07,       3.11
    0,    20,     1,       8.96,      14.10,       0.00,     4473.7,       1.11,       3.36
    0,    20,     2,      29.22,      30.41,       0.00,    24889.1,       1.20,       3.28
    0,    20,     3,      68.42,      72.25,       0.00,    17859.5,       1.08,       3.21
    0,    20,     4,      43.77,      72.55,       0.00,    13482.4,       1.08,       3.13
    0,    20,     5,      86.11,      73.44,       0.00,     8887.6,       1.08,       3.07
    0,    20,     6,     136.73,      74.34,       0.00,    14519.2,       1.09,       3.20
    0,    20,     7,     103.68,      77.93,       0.00,    13829.7,       1.07,       3.29
    0,    20,     8,      69.99,     110.81,       0.00,    17194.1,       1.08,       3.22
    0,    20,     9,     112.70,     130.66,       0.00,    18413.5,       1.10,       3.17
    0,    20,    10,      94.98,     137.57,       0.00,     9337.6,       1.12,       3.06
    0,    20,    11,      55.76,     145.33,       0.00,     1398.9,       1.18,       2.19
    0,    20,    12,     101.80,     163.80,       0.00,    13357.7,       1.10,       3.13
    0,    21,     1,       9.00,      14.05,       0.00,     4156.2,       1.06,       2.96
    0,    21,     2,      29.22,      30.49,       0.00,    24635.8,       1.19,       3.27
    0,    21,     3,      43.74,      72.49,       0.00,    13356.1,       1.07,       3.06
    0,    21,     4,      68.41,      72.28,       0.00,    18173.4,       1.10,       3.18
    0,    21,     5,      86.11,      73.41,       0.00,     9343.0,       1.04,       3.19
    0,    21,     6,     136.75,      74.26,       0.00,    14434.1,       1.09,       3.20
    0,    21,     7,     103.67,      77.97,       0.00,    13958.0,       1.08,       3.19
    0,    21,     8,      69.99,     110.86,       0.00,    17334.1,       1.07,       3.21
    0,    21,     9,     112.68,     130.80,       0.00,    19016.9,       1.11,       3.15
    0,    21,    10,      94.93,     137.57,       0.00,     8986.9,       1.07,       3.16
    0,    21,    11,     101.81,     163.71,       0.00,    13474.1,       1.07,       3.12
    0,    22,     1,       8.97,      14.03,       0.00,     4255.1,       1.06,       3.08
    0,    22,     2,      29.22,      30.54,       0.00,    25184.3,       1.19,       3.29
    0,    22,     3,      43.72,      72.53,       0.00,    12907.6,       1.05,       3.02
    0,    22,     4,      68.42,      72.16,       0.00,    18270.8,       1.09,       3.22
    0,    22,     5,      86.14,      73.51,       0.00,     9483.2,       1.08,       3.20
    0,    22,     6,     136.77,      74.40,       0.00,    14382.0,       1.09,       3.26
    0,    22,     7,     103.66,      77.82,       0.00,    13686.5,       1.08,       3.26
    0,    22,     8,      70.00,     110.78,       0.00,    17492.2,       1.09,       3.21
    0,    22,     9,     112.67,     130.74,       0.00,    18758.4,       1.14,       3.11
    0,    22,    10,      94.98,     137.60,       0.00,     9038.6,       1.10,       3.20
    0,    22,    11,     101.80,     163.78,       0.00,    13326.1,       1.08,       3.08
    0,    23,     1,       8.91,      13.88,       0.00,     4453.7,       1.07,       3.15
    0,    23,     2,      29.25,      30.51,       0.00,    25404.2,       1.20,       3.30
    0,    23,     3,      43.75,      72.54,       0.00,    13469.9,       1.07,       3.09
    0,    23,     4,      68.44,      72.28,       0.00,    18069.7,       1.10,       3.19
    0,    23,     5,      86.12,      73.58,       0.00,    10103.8,       1.12,       3.21
    0,    23,     6,     136.77,      74.27,       0.00,    15216.4,       1.08,       3.22
    0,    23,     7,     103.68,      77.86,       0.00,    14187.8,       1.10,       3.32
    0,    23,     8,      70.02,     110.79,       0.00,    17529.3,       1.09,       3.22
    0,    23,     9,     112.65,     130.79,       0.00,    19500.6,       1.13,       3.16
    0,    23,    10,      94.96,     137.66,       0.00,     8913.7,       1.10,       3.17
    0,    23,    11,     101.79,     163.82,       0.00,    13101.8,       1.08,       3.11
    0,    24,     1,       8.96,      13.99,       0.00,     3699.3,       0.99,       3.09
    0,    24,     2,      29.22,      30.55,       0.00,    24620.3,       1.18,       3.29
    0,    24,     3,      68.43,      72.22,       0.00,    18014.3,       1.09,       3.21
    0,    24,     4,      43.76,      72.51,       0.00,    13772.8,       1.05,       3.12
    0,    24,     5,      86.12,      73.50,       0.00,     9534.7,       1.07,       3.17
    0,    24,     6,     136.77,      74.33,       0.00,    15166.1,       1.09,       3.25
    0,    24,     7,     103.65,      77.83,       0.00,    13708.1,       1.10,       3.32
    0,    24,     8,      70.00,     110.82,       0.00,    16847.2,       1.09,       3.22
    0,    24,     9,     112.68,     130.78,       0.00,    19085.3,       1.10,       3.13
    0,    24,    10,      94.95,     137.62,       0.00,     8468.6,       1.06,       3.11
    0,    24,    11,     101.77,     163.70,       0.00,    13326.0,       1.11,       3.12
    0,    25,     1,       9.00,      14.12,       0.00,     4124.2,       1.08,       3.17
    0,    25,     2,      29.23,      30.53,       0.00,    25483.6,       1.21,       3.31
    0,    25,     3,      43.77,      72.50,       0.00,    13630.0,       1.08,       3.13
    0,    25,     4,      68.42,      72.18,       0.00,    18069.6,       1.10,       3.17
    0,    25,     5,      86.12,      73.50,       0.00,     9467.6,       1.11,       3.22
    0,    25,     6,     136.78,      74.23,       0.00,    14537.0,       1.09,       3.18
    0,    25,     7,     103.65,      77.87,       0.00,    13352.0,       1.08,       3.23
    0,    25,     8,      70.01,     110.76,       0.00,    16317.0,       1.08,       3.19
    0,    25,     9,     112.68,     130.87,       0.00,    18762.6,       1.12,       3.16
    0,    25,    10,      94.93,     137.67,       0.00,     9139.5,       1.09,       3.14
    0,    25,    11,      55.61,     145.60,       0.00,      805.1,       0.90,       2.07
    0,    25,    12,     101.80,     163.82,       0.00,    13291.7,       1.07,       3.16
    0,    26,     1,       8.97,      14.07,       0.00,     4053.8,       1.12,       3.10
    0,    26,     2,      29.25,      30.46,       0.00,    24701.1,       1.18,       3.28
    0,    26,     3,      43.75,      72.47,       0.00,    13027.8,       1.05,       3.08
    0,    26,     4,      68.42,      72.11,       0.00,    18135.5,       1.08,       3.23
    0,    26,     5,      86.13,      73.50,       0.00,     9341.4,       1.07,       3.24
    0,    26,     6,     136.78,      74.33,       0.00,    14280.3,       1.06,       3.21
    0,    26,     7,     103.65,      77.92,       0.00,    13936.9,       1.10,       3.30
    0,    26,     8,      70.00,     110.73,       0.00,    17256.1,       1.10,       3.25
    0,    26,     9,     112.68,     130.81,       0.00,    18126.3,       1.12,       3.10
    0,    26,    10,      94.97,     137.56,       0.00,     8625.7,       1.06,       3.14
    0,    26,    11,      55.66,     145.37,       0.00,      843.4,       0.99,       2.33
    0,    26,    12,     101.81,     163.75,       0.00,    13118.0,       1.09,       3.11
    0,    27,     1,       9.00,      13.91,       0.00,     4078.5,       1.04,       3.00
    0,    27,     2,      29.23,      30.49,       0.00,    24877.4,       1.21,       3.25
    0,    27,     3,      43.76,      72.57,       0.00,    13101.9,       1.10,       3.14
    0,    27,     4,      68.43,      72.24,       0.00,    18047.9,       1.10,       3.19
    0,    27,     5,      86.15,      73.43,       0.00,     9538.8,       1.10,       3.26
    0,    27,     6,     136.78,      74.30,       0.00,    15060.7,       1.10,       3.26
    0,    27,     7,     103.67,      77.88,       0.00,    14230.7,       1.07,       3.34
    0,    27,     8,      69.98,     110.81,       0.00,    17318.7,       1.08,       3.24
    0,    27,     9,     112.68,     130.73,       0.00,    18480.3,       1.11,       3.14
    0,    27,    10,      94.97,     137.60,       0.00,     8753.4,       1.07,       3.15
    0,    27,    11,     101.81,     163.81,       0.00,    12738.5,       1.10,       3.10
    0,    28,     1,       9.02,      14.00,       0.00,     4387.8,       1.11,       3.17
    0,    28,     2,      29.23,      30.50,       0.00,    25119.5,       1.20,       3.30
    0,    28,     3,      43.76,      72.55,       0.00,    14137.7,       1.07,       3.10
    0,    28,     4,      68.43,      72.18,       0.00,    18472.2,       1.09,       3.24
    0,    28,     5,      86.11,      73.44,       0.00,     9235.5,       1.10,       3.17
    0,    28,     6,     136.77,      74.27,       0.00,    14836.1,       1.10,       3.26
    0,    28,     7,     103.67,      77.80,       0.00,    13740.5,       1.11,       3.29
    0,    28,     8,      70.01,     110.72,       0.00,    17071.4,       1.10,       3.14
    0,    28,     9,     112.68,     130.79,       0.00,    19045.3,       1.14,       3.16
    0,    28,    10,      94.97,     137.49,       0.00,     8730.1,       1.05,       3.18
    0,    28,    11,     101.81,     163.84,       0.00,    13754.8,       1.08,       3.16
    0,    29,     1,       9.02,      13.78,       0.00,     4314.4,       1.14,       3.14
    0,    29,     2,      29.23,      30.51,       0.00,    25428.0,       1.20,       3.31
    0,    29,     3,      68.42,      72.17,       0.00,    18395.0,       1.08,       3.27
    0,    29,     4,      43.76,      72.44,       0.00,    13844.8,       1.07,       3.17
    0,    29,     5,      86.12,      73.46,       0.00,     9765.1,       1.09,       3.17
    0,    29,     6,     136.76,      74.37,       0.00,    14572.7,       1.12,       3.21
    0,    29,     7,     103.65,      77.89,       0.00,    12857.6,       1.04,       3.18
    0,    29,     8,      70.00,     110.80,       0.00,    17840.1,       1.09,       3.27
    0,    29,     9,     112.67,     130.80,       0.00,    18721.8,       1.11,       3.16
    0,    29,    10,      94.95,     137.56,       0.00,     8611.0,       1.07,       3.18
    0,    29,    11,     101.81,     163.80,       0.00,    13799.4,       1.10,       3.21
    0,    30,     1,       9.01,      13.96,       0.00,     3904.2,       1.07,       3.12
    0,    30,     2,      29.24,      30.47,       0.00,    25357.4,       1.19,       3.34
    0,    30,     3,      68.42,      72.18,       0.00,    18555.8,       1.08,       3.22
    0,    30,     4,      43.75,      72.53,       0.00,    13744.4,       1.09,       3.11
    0,    30,     5,      86.12,      73.42,       0.00,     9427.7,       1.04,       3.17
    0,    30,     6,     136.77,      74.32,       0.00,    15714.8,       1.10,       3.24
    0,    30,     7,     103.65,      77.85,       0.00,    13217.7,       1.08,       3.28
    0,    30,     8,      70.02,     110.83,       0.00,    16460.2,       1.06,       3.16
    0,    30,     9,     112.69,     130.81,       0.00,    18328.7,       1.11,       3.15
    0,    30,    10,      94.96,     137.65,       0.00,     8912.5,       1.09,       3.16
    0,    30,    11,     101.79,     163.84,       0.00,    13140.9,       1.12,       3.14
    0,    31,     1,       8.96,      14.06,       0.00,     4233.0,       1.13,       3.02
    0,    31,     2,      29.23,      30.49,       0.00,    24942.8,       1.19,       3.30
    0,    31,     3,      43.76,      72.51,       0.00,    13113.7,       1.05,       3.06
    0,    31,     4,      68.41,      72.27,       0.00,    18210.7,       1.10,       3.19
    0,    31,     5,      86.10,      73.46,       0.00,     9781.8,       1.05,       3.22
    0,    31,     6,     136.77,      74.31,       0.00,    14838.9,       1.10,       3.19
    0,    31,     7,     103.65,      77.84,       0.00,    14166.2,       1.10,       3.36
    0,    31,     8,      69.98,     110.82,       0.00,    17072.0,       1.09,       3.13
    0,    31,     9,     112.65,     130.76,       0.00,    18416.6,       1.10,       3.16
    0,    31,    10,      94.98,     137.59,       0.00,     8615.8,       1.06,       3.05
    0,    31,    11,      55.73,     145.69,       0.00,     1195.4,       0.91,       2.14
    0,    31,    12,     101.80,     163.74,       0.00,    13137.8,       1.11,       3.14
    0,    32,     1,       8.96,      13.95,       0.00,     4135.0,       1.14,       3.21
    0,    32,     2,      29.23,      30.47,       0.00,    24948.3,       1.19,       3.31
    0,    32,     3,      43.75,      72.55,       0.00,    13133.0,       1.07,       3.10
    0,    32,     4,      68.42,      72.21,       0.00,    17802.6,       1.08,       3.21
    0,    32,     5,      86.14,      73.48,       0.00,     9509.2,       1.03,       3.24
    0,    32,     6,     136.78,      74.25,       0.00,    14860.8,       1.09,       3.25
    0,    32,     7,     103.65,      77.88,       0.00,    13429.2,       1.10,       3.31
    0,    32,     8,      69.98,     110.80,       0.00,    17142.5,       1.07,       3.19
    0,    32,     9,     112.66,     130.78,       0.00,    18742.7,       1.11,       3.12
    0,    32,    10,      94.95,     137.58,       0.00,     8671.5,       1.07,       3.26
    0,    32,    11,      55.69,     145.39,       0.00,     1363.4,       1.07,       2.32
    0,    32,    12,     101.77,     163.85,       0.00,    13278.8,       1.08,       3.14
    0,    33,     1,       8.97,      13.93,       0.00,     4421.4,       1.08,       3.16
    0,    33,     2,      29.22,      30.49,       0.00,    24745.3,       1.19,       3.26
    0,    33,     3,      43.75,      72.54,       0.00,    13397.3,       1.09,       3.12
    0,    33,     4,      68.42,      72.23,       0.00,    18271.8,       1.09,       3.20
    0,    33,     5,      86.10,      73.48,       0.00,     9500.9,       1.11,       3.17
    0,    33,     6,     136.78,      74.34,       0.00,    14551.0,       1.07,       3.21
    0,    33,     7,     103.64,      77.90,       0.00,    13615.5,       1.10,       3.28
    0,    33,     8,      69.99,     110.82,       0.00,    17136.8,       1.10,       3.21
    0,    33,     9,     112.70,     130.77,       0.00,    18617.2,       1.13,       3.13
    0,    33,    10,      94.94,     137.54,       0.00,     8656.1,       1.06,       3.11
    0,    33,    11,      55.79,     145.80,       0.00,     1108.3,       1.11,       2.49
    0,    33,    12,     101.80,     163.72,       0.00,    12896.9,       1.08,       3.16
    0,    34,     1,       8.97,      13.91,       0.00,     3927.4,       1.09,       3.06
    0,    34,     2,      29.23,      30.53,       0.00,    24406.0,       1.16,       3.30
    0,    34,     3,      43.73,      72.63,       0.00,    13718.7,       1.09,       3.13
    0,    34,     4,      68.40,      72.20,       0.00,    17357.1,       1.09,       3.23
    0,    34,     5,      86.10,      73.56,       0.00,     9758.8,       1.08,       3.29
    0,    34,     6,     136.75,      74.33,       0.00,    14862.3,       1.08,       3.21
    0,    34,     7,     103.65,      77.99,       0.00,    13817.2,       1.11,       3.29
    0,    34,     8,      70.01,     110.73,       0.00,    16459.1,       1.10,       3.23
    0,    34,     9,     112.67,     130.81,       0.00,    18237.8,       1.11,       3.15
    0,    34,    10,      94.96,     137.55,       0.00,     8843.4,       1.09,       3.15
    0,    34,    11,     101.79,     163.78,       0.00,    12607.1,       1.08,       3.07
    0,    35,     1,       8.91,      14.09,       0.00,     4189.0,       1.12,       3.14
    0,    35,     2,     104.57,      15.10,       0.00,      436.4,       1.12,       1.20
    0,    35,     3,      29.23,      30.51,       0.00,    24642.8,       1.19,       3.27
    0,    35,     4,      43.74,      72.54,       0.00,    12775.5,       1.04,       3.09
    0,    35,     5,      68.39,      72.22,       0.00,    18142.1,       1.12,       3.25
    0,    35,     6,      86.11,      73.44,       0.00,     9527.3,       1.05,       3.21
    0,    35,     7,     136.76,      74.35,       0.00,    14564.2,       1.10,       3.21
    0,    35,     8,     103.64,      77.92,       0.00,    13698.7,       1.08,       3.30
    0,    35,     9,      69.99,     110.81,       0.00,    17421.9,       1.10,       3.23
    0,    35,    10,     112.68,     130.80,       0.00,    18480.6,       1.12,       3.12
    0,    35,    11,      94.97,     137.58,       0.00,     8423.3,       1.08,       3.11
    0,    35,    12,      55.65,     145.86,       0.00,     1087.2,       1.08,       2.24
    0,    35,    13,     101.77,     163.76,       0.00,    12551.3,       1.08,       3.16
    0,    36,     1,       9.00,      14.09,       0.00,     4253.0,       1.12,       3.15
    0,    36,     2,      29.22,      30.56,       0.00,    25575.9,       1.20,       3.29
    0,    36,     3,      43.76,      72.48,       0.00,    14136.5,       1.08,       3.17
    0,    36,     4,      68.41,      72.24,       0.00,    18091.6,       1.10,       3.23
    0,    36,     5,      86.11,      73.57,       0.00,     9406.7,       1.04,       3.15
    0,    36,     6,     136.75,      74.31,       0.00,    14738.3,       1.07,       3.18
    0,    36,     7,     103.64,      77.84,       0.00,    13539.9,       1.08,       3.23
    0,    36,     8,      69.98,     110.82,       0.00,    17379.4,       1.12,       3.23
    0,    36,     9,     112.66,     130.81,       0.00,    18365.3,       1.13,       3.14
    0,    36,    10,      94.94,     137.64,       0.00,     8722.4,       1.07,       3.16
    0,    36,    11,     101.78,     163.74,       0.00,    13222.8,       1.10,       3.14
    0,    37,     1,       8.93,      13.82,       0.00,     4182.8,       1.06,       3.24
    0,    37,     2,      29.25,      30.51,       0.00,    25034.3,       1.19,       3.29
    0,    37,     3,      68.40,      72.23,       0.00,    17830.4,       1.09,       3.17
    0,    37,     4,      43.72,      72.41,       0.00,    14132.4,       1.09,       3.29
    0,    37,     5,      86.11,      73.48,       0.00,     9601.3,       1.07,       3.32
    0,    37,     6,     136.77,      74.28,       0.00,    14644.7,       1.08,       3.19
    0,    37,     7,     103.64,      77.90,       0.00,    13572.6,       1.10,       3.30
    0,    37,     8,      69.98,     110.87,       0.00,    16505.2,       1.09,       3.20
    0,    37,     9,     112.65,     130.82,       0.00,    17898.6,       1.11,       3.14
    0,    37,    10,      94.95,     137.48,       0.00,     8520.2,       1.06,       3.18
    0,    37,    11,     101.76,     163.78,       0.00,    13397.1,       1.11,       3.12
    0,    38,     1,       8.96,      13.89,       0.00,     4294.4,       1.13,       3.00
    0,    38,     2,      29.20,      30.50,       0.00,    24753.4,       1.18,       3.31
    0,    38,     3,      43.73,      72.55,       0.00,    12984.8,       1.06,       3.16
    0,    38,     4,      68.41,      72.23,       0.00,    18196.2,       1.09,       3.30
    0,    38,     5,      86.12,      73.45,       0.00,     9603.7,       1.06,       3.15
    0,    38,     6,     136.78,      74.36,       0.00,    14879.3,       1.09,       3.24
    0,    38,     7,     103.66,      77.93,       0.00,    12931.9,       1.08,       3.34
    0,    38,     8,      70.00,     110.80,       0.00,    16754.3,       1.08,       3.22
    0,    38,     9,     112.67,     130.84,       0.00,    18701.1,       1.11,       3.15
    0,    38,    10,      94.93,     137.59,       0.00,     8728.7,       1.07,       3.13
    0,    38,    11,     101.77,     163.79,       0.00,    13824.1,       1.14,       3.11
    0,    39,     1,       8.96,      13.91,       0.00,     4334.7,       1.13,       3.10
    0,    39,     2,      29.22,      30.53,       0.00,    24842.5,       1.18,       3.30
    0,    39,     3,      68.40,      72.19,       0.00,    17819.8,       1.08,       3.21
    0,    39,     4,      43.74,      72.39,       0.00,    13281.7,       1.05,       3.21
    0,    39,     5,      86.11,      73.41,       0.00,     9249.1,       1.06,       3.13
    0,    39,     6,     136.75,      74.30,       0.00,    14963.6,       1.09,       3.18
    0,    39,     7,     103.64,      77.91,       0.00,    12669.5,       1.08,       3.30
    0,    39,     8,      69.98,     110.84,       0.00,    16461.9,       1.09,       3.19
    0,    39,     9,     112.68,     130.83,       0.00,    18759.1,       1.13,       3.10
    0,    39,    10,      94.96,     137.62,       0.00,     8957.1,       1.08,       3.23
    0,    39,    11,     101.76,     163.76,       0.00,    13527.9,       1.09,       3.17
