#stackID(UINT32), frameID(UINT32), eventID(UINT32), x0(float), y0(float), z0(float), photon_count0(float), sigmaX0(float), sigmaY0(float) 
    0,     0,     1,       7.70,      15.31,       0.00,     2013.0,       2.61,       1.01
    0,     0,     2,      28.20,      31.62,       0.00,    12042.0,       2.83,       1.18
    0,     0,     3,      42.84,      73.70,       0.00,     6589.5,       2.69,       1.05
    0,     0,     4,      67.48,      73.49,       0.00,     8469.8,       2.68,       1.09
    0,     0,     5,      85.04,      74.62,       0.00,     4757.9,       2.60,       1.04
    0,     0,     6,     135.97,      75.55,       0.00,     6121.1,       2.51,       1.11
    0,     0,     7,     102.69,      79.09,       0.00,     7076.1,       2.57,       1.10
    0,     0,     8,      69.06,     112.00,       0.00,     8711.8,       2.78,       1.09
    0,     0,     9,     111.84,     131.94,       0.00,    11427.5,       2.78,       1.17
    0,     0,    10,      94.11,     138.90,       0.00,     5419.1,       2.58,       1.12
    0,     0,    11,     100.89,     164.94,       0.00,     7529.9,       2.70,       1.08
    0,     1,     1,       7.59,      15.27,       0.00,     2173.0,       2.69,       1.16
    0,     1,     2,      28.18,      31.61,       0.00,    11459.1,       2.78,       1.15
    0,     1,     3,      42.89,      73.69,       0.00,     6917.2,       2.66,       1.08
    0,     1,     4,      67.47,      73.47,       0.00,     8858.8,       2.66,       1.11
    0,     1,     5,      85.17,      74.72,       0.00,     4574.9,       2.54,       1.01
    0,     1,     6,     135.92,      75.51,       0.00,     6172.4,       2.72,       1.06
    0,     1,     7,     102.74,      79.06,       0.00,     6894.2,       2.58,       1.06
    0,     1,     8,      68.98,     112.03,       0.00,     8777.8,       2.72,       1.11
    0,     1,     9,     111.77,     131.97,       0.00,    10243.5,       2.67,       1.12
    0,     1,    10,      94.05,     138.87,       0.00,     5103.2,       2.67,       1.07
    0,     1,    11,     100.86,     164.95,       0.00,     7466.5,       2.66,       1.12
    0,     2,     1,       7.74,      15.23,       0.00,     1993.4,       2.71,       1.10
    0,     2,     2,      28.19,      31.60,       0.00,    12025.0,       2.89,       1.17
    0,     2,     3,      42.74,      73.74,       0.00,     6008.4,       2.66,       1.05
    0,     2,     4,      67.44,      73.45,       0.00,     8331.8,       2.70,       1.08
    0,     2,     5,      85.09,      74.65,       0.00,     4534.0,       2.54,       1.06
    0,     2,     6,     135.97,      75.48,       0.00,     5883.3,       2.66,       1.08
    0,     2,     7,     102.65,      79.11,       0.00,     6535.5,       2.57,       1.09
    0,     2,     8,      69.11,     112.02,       0.00,     8232.5,       2.75,       1.09
    0,     2,     9,     111.85,     131.96,       0.00,    10391.6,       2.71,       1.14
    0,     2,    10,      93.95,     138.87,       0.00,     4715.7,       2.55,       1.02
    0,     2,    11,     100.75,     164.99,       0.00,     6722.3,       2.58,       1.09
    0,     3,     1,       7.64,      15.26,       0.00,     1664.0,       2.40,       0.95
    0,     3,     2,      28.21,      31.55,       0.00,    11544.1,       2.78,       1.16
    0,     3,     3,      42.71,      73.74,       0.00,     6248.7,       2.61,       1.04
    0,     3,     4,      67.43,      73.46,       0.00,     8424.4,       2.63,       1.08
    0,     3,     5,      85.13,      74.67,       0.00,     4993.8,       2.55,       1.09
    0,     3,     6,     135.93,      75.49,       0.00,     6449.7,       2.66,       1.12
    0,     3,     7,     102.71,      79.07,       0.00,     6054.1,       2.50,       1.02
    0,     3,     8,      69.11,     112.01,       0.00,     8643.7,       2.64,       1.12
    0,     3,     9,     111.87,     131.91,       0.00,    10795.5,       2.75,       1.11
    0,     3,    10,      94.03,     138.78,       0.00,     5256.8,       2.68,       1.14
    0,     3,    11,     100.80,     164.98,       0.00,     6578.0,       2.65,       1.05
    0,     4,     1,       7.76,      15.26,       0.00,     1898.2,       2.62,       1.08
    0,     4,     2,      28.19,      31.58,       0.00,    11697.1,       2.83,       1.17
    0,     4,     3,      42.65,      73.74,       0.00,     6231.2,       2.63,       1.06
    0,     4,     4,      67.43,      73.46,       0.00,     8351.7,       2.53,       1.09
    0,     4,     5,      85.08,      74.67,       0.00,     4565.7,       2.66,       1.09
    0,     4,     6,     135.95,      75.51,       0.00,     6522.9,       2.71,       1.11
    0,     4,     7,     102.75,      79.08,       0.00,     6461.4,       2.57,       1.05
    0,     4,     8,      69.11,     112.06,       0.00,     8203.8,       2.74,       1.13
    0,     4,     9,     111.89,     131.97,       0.00,    11171.7,       2.76,       1.15
    0,     4,    10,      94.05,     138.83,       0.00,     4740.6,       2.56,       1.11
    0,     4,    11,     100.80,     164.99,       0.00,     6496.9,       2.58,       1.07
    0,     5,     1,       7.73,      16.41,       0.00,      639.7,       2.19,       0.95
    0,     5,     2,      28.14,      31.57,       0.00,    11778.2,       2.82,       1.18
    0,     5,     3,      42.75,      73.74,       0.00,     6268.1,       2.56,       1.08
    0,     5,     4,      67.54,      73.47,       0.00,     7795.2,       2.54,       1.08
    0,     5,     5,      84.98,      74.67,       0.00,     4461.4,       2.55,       1.05
    0,     5,     6,     135.97,      75.49,       0.00,     6012.3,       2.72,       1.11
    0,     5,     7,     102.74,      79.08,       0.00,     6694.9,       2.56,       1.07
    0,     5,     8,      69.13,     112.01,       0.00,     8201.8,       2.61,       1.06
    0,     5,     9,     111.85,     131.96,       0.00,    10069.4,       2.67,       1.11
    0,     5,    10,      93.96,     138.81,       0.00,     4944.7,       2.62,       1.06
    0,     5,    11,     100.69,     164.99,       0.00,     6402.1,       2.53,       1.09
    0,     6,     1,      28.24,      31.55,       0.00,    11827.3,       2.83,       1.17
    0,     6,     2,      67.47,      73.45,       0.00,     7904.2,       2.49,       1.06
    0,     6,     3,      42.73,      73.75,       0.00,     6207.2,       2.70,       1.08
    0,     6,     4,      85.06,      74.66,       0.00,     4440.3,       2.40,       1.08
    0,     6,     5,     136.01,      75.52,       0.00,     6296.1,       2.74,       1.07
    0,     6,     6,     102.83,      79.04,       0.00,     6840.3,       2.56,       1.05
    0,     6,     7,      69.10,     112.01,       0.00,     7834.1,       2.64,       1.11
    0,     6,     8,     111.81,     131.97,       0.00,    10725.6,       2.78,       1.12
    0,     6,     9,      94.01,     138.86,       0.00,     4385.5,       2.48,       1.06
    0,     6,    10,     100.77,     164.99,       0.00,     6588.4,       2.65,       1.09
    0,     7,     1,       7.53,      15.25,       0.00,     1980.9,       2.83,       1.17
    0,     7,     2,      28.12,      31.58,       0.00,    11342.9,       2.77,       1.17
    0,     7,     3,      42.72,      73.71,       0.00,     5986.4,       2.55,       1.05
    0,     7,     4,      67.39,      73.49,       0.00,     8024.6,       2.53,       1.09
    0,     7,     5,      85.17,      74.65,       0.00,     4467.4,       2.61,       1.09
    0,     7,     6,     135.94,      75.50,       0.00,     6178.6,       2.70,       1.07
    0,     7,     7,     102.71,      79.06,       0.00,     6803.5,       2.55,       1.09
    0,     7,     8,      69.14,     112.00,       0.00,     7922.7,       2.77,       1.11
    0,     7,     9,     111.79,     131.96,       0.00,     9924.5,       2.63,       1.12
    0,     7,    10,      94.06,     138.84,       0.00,     4648.0,       2.45,       1.09
    0,     7,    11,     100.67,     165.01,       0.00,     6302.5,       2.52,       1.09
    0,     8,     1,       7.67,      15.13,       0.00,     1840.1,       2.53,       1.10
    0,     8,     2,      28.11,      31.60,       0.00,    11359.7,       2.81,       1.15
    0,     8,     3,      42.69,      73.73,       0.00,     5694.2,       2.49,       1.02
    0,     8,     4,      67.51,      73.46,       0.00,     7659.3,       2.62,       1.07
    0,     8,     5,      84.99,      74.61,       0.00,     4732.7,       2.58,       1.06
    0,     8,     6,     135.87,      75.53,       0.00,     6051.7,       2.63,       1.08
    0,     8,     7,     102.70,      79.08,       0.00,     6945.9,       2.57,       1.11
    0,     8,     8,      69.06,     112.00,       0.00,     7488.0,       2.64,       1.09
    0,     8,     9,     111.87,     131.97,       0.00,    10794.5,       2.76,       1.13
    0,     8,    10,      93.97,     138.82,       0.00,     4853.1,       2.58,       1.03
    0,     8,    11,     100.76,     165.01,       0.00,     6741.4,       2.60,       1.09
    0,     9,     1,       7.85,      15.26,       0.00,     1687.2,       2.52,       0.97
    0,     9,     2,      28.25,      31.61,       0.00,    11104.9,       2.83,       1.16
    0,     9,     3,      42.67,      73.75,       0.00,     6088.5,       2.57,       1.00
    0,     9,     4,      67.41,      73.45,       0.00,     7762.3,       2.61,       1.08
    0,     9,     5,      85.04,      74.67,       0.00,     4377.8,       2.57,       1.06
    0,     9,     6,     135.95,      75.50,       0.00,     6176.9,       2.59,       1.13
    0,     9,     7,     102.66,      79.06,       0.00,     6552.1,       2.61,       1.09
    0,     9,     8,      69.12,     112.01,       0.00,     8035.2,       2.73,       1.09
    0,     9,     9,     111.81,     132.00,       0.00,    10166.1,       2.73,       1.10
    0,     9,    10,      93.89,     138.81,       0.00,     4822.8,       2.69,       1.09
    0,     9,    11,     100.77,     164.97,       0.00,     6746.6,       2.58,       1.09
    0,    10,     1,       7.77,      15.20,       0.00,     1884.7,       2.65,       1.04
    0,    10,     2,      28.19,      31.60,       0.00,    10737.5,       2.82,       1.13
    0,    10,     3,      42.60,      73.72,       0.00,     5599.5,       2.52,       1.03
    0,    10,     4,      67.47,      73.44,       0.00,     8047.7,       2.57,       1.10
    0,    10,     5,      84.99,      74.68,       0.00,     4584.0,       2.53,       1.06
    0,    10,     6,     135.97,      75.49,       0.00,     6379.2,       2.64,       1.09
    0,    10,     7,     102.77,      79.06,       0.00,     6581.3,       2.62,       1.07
    0,    10,     8,      69.14,     112.00,       0.00,     7911.7,       2.71,       1.07
    0,    10,     9,     111.88,     131.96,       0.00,    10640.8,       2.70,       1.13
    0,    10,    10,      94.00,     138.85,       0.00,     4901.8,       2.68,       1.04
    0,    10,    11,     100.72,     165.01,       0.00,     6856.7,       2.52,       1.07
    0,    11,     1,       7.72,      15.19,       0.00,     2048.2,       2.71,       1.06
    0,    11,     2,      28.15,      31.61,       0.00,    11320.0,       2.87,       1.16
    0,    11,     3,      42.66,      73.72,       0.00,     5384.8,       2.54,       1.06
    0,    11,     4,      67.49,      73.50,       0.00,     8269.7,       2.67,       1.12
    0,    11,     5,      85.16,      74.64,       0.00,     4713.5,       2.54,       1.09
    0,    11,     6,     135.98,      75.47,       0.00,     6173.1,       2.63,       1.10
    0,    11,     7,     102.66,      79.08,       0.00,     6432.4,       2.53,       1.05
    0,    11,     8,      69.04,     112.03,       0.00,     7741.6,       2.72,       1.14
    0,    11,     9,     111.79,     132.00,       0.00,    10436.1,       2.76,       1.13
    0,    11,    10,      94.01,     138.76,       0.00,     4696.8,       2.62,       1.05
    0,    11,    11,     100.70,     164.98,       0.00,     6465.3,       2.62,       1.09
    0,    12,     1,       7.47,      15.44,       0.00,     1424.4,       2.86,       0.79
    0,    12,     2,      28.21,      31.61,       0.00,    11136.1,       2.84,       1.15
    0,    12,     3,      42.64,      73.73,       0.00,     5665.5,       2.49,       1.02
    0,    12,     4,      67.43,      73.45,       0.00,     7873.5,       2.58,       1.07
    0,    12,     5,      85.11,      74.67,       0.00,     4683.0,       2.59,       1.09
    0,    12,     6,     135.93,      75.53,       0.00,     6290.3,       2.73,       1.09
    0,    12,     7,     102.74,      79.07,       0.00,     6670.7,       2.69,       1.07
    0,    12,     8,      69.19,     112.02,       0.00,     8303.3,       2.74,       1.09
    0,    12,     9,     111.83,     131.95,       0.00,    10366.7,       2.71,       1.11
    0,    12,    10,      93.97,     138.80,       0.00,     4673.4,       2.59,       1.07
    0,    12,    11,     100.77,     164.96,       0.00,     6296.5,       2.54,       1.10
    0,    13,     1,      28.20,      31.59,       0.00,    11216.3,       2.82,       1.16
    0,    13,     2,      42.68,      73.75,       0.00,     5669.5,       2.65,       1.06
    0,    13,     3,      67.44,      73.48,       0.00,     8057.6,       2.63,       1.07
    0,    13,     4,      85.16,      74.67,       0.00,     4609.3,       2.53,       1.05
    0,    13,     5,     135.92,      75.53,       0.00,     6206.3,       2.63,       1.10
    0,    13,     6,     102.71,      79.07,       0.00,     6753.0,       2.55,       1.08
    0,    13,     7,      69.12,     112.02,       0.00,     7840.3,       2.72,       1.09
    0,    13,     8,     111.81,     131.97,       0.00,    10142.6,       2.69,       1.15
    0,    13,     9,      94.12,     138.84,       0.00,     4818.2,       2.72,       1.13
    0,    13,    10,     100.81,     165.01,       0.00,     6701.8,       2.64,       1.06
    0,    14,     1,      28.13,      31.57,       0.00,    10829.3,       2.74,       1.14
    0,    14,     2,      42.70,      73.72,       0.00,     5787.6,       2.68,       1.09
    0,    14,     3,      67.35,      73.50,       0.00,     7820.5,       2.57,       1.06
    0,    14,     4,      85.13,      74.66,       0.00,     4029.9,       2.58,       1.05
    0,    14,     5,     136.00,      75.49,       0.00,     5979.1,       2.67,       1.09
    0,    14,     6,     102.71,      79.07,       0.00,     6849.8,       2.59,       1.08
    0,    14,     7,      69.10,     112.02,       0.00,     8022.9,       2.80,       1.08
    0,    14,     8,     111.85,     131.97,       0.00,    10430.9,       2.78,       1.13
    0,    14,     9,      93.91,     138.83,       0.00,     4663.5,       2.58,       1.08
    0,    14,    10,     100.78,     164.97,       0.00,     6948.7,       2.53,       1.11
    0,    15,     1,       7.65,      15.27,       0.00,     2015.7,       2.62,       1.06
    0,    15,     2,      28.19,      31.56,       0.00,    11258.3,       2.86,       1.14
    0,    15,     3,      42.71,      73.73,       0.00,     6338.0,       2.76,       1.07
    0,    15,     4,      67.40,      73.49,       0.00,     8066.0,       2.63,       1.09
    0,    15,     5,      85.14,      74.65,       0.00,     4099.1,       2.47,       1.02
    0,    15,     6,     135.92,      75.49,       0.00,     6454.7,       2.68,       1.13
    0,    15,     7,     102.68,      79.08,       0.00,     6390.4,       2.57,       1.10
    0,    15,     8,      69.05,     112.00,       0.00,     8124.0,       2.63,       1.10
    0,    15,     9,     111.79,     131.97,       0.00,    10333.3,       2.73,       1.12
    0,    15,    10,      93.97,     138.85,       0.00,     4882.4,       2.63,       1.10
    0,    15,    11,     100.73,     164.98,       0.00,     7031.6,       2.62,       1.10
    0,    16,     1,       7.89,      15.29,       0.00,     1945.4,       2.75,       1.08
    0,    16,     2,      28.11,      31.58,       0.00,    10948.4,       2.75,       1.17
    0,    16,     3,      42.71,      73.76,       0.00,     5850.4,       2.68,       1.09
    0,    16,     4,      67.48,      73.47,       0.00,     7865.2,       2.64,       1.09
    0,    16,     5,      85.12,      74.70,       0.00,     4392.2,       2.54,       1.02
    0,    16,     6,     135.86,      75.52,       0.00,     6261.4,       2.63,       1.08
    0,    16,     7,     102.73,      79.05,       0.00,     6719.4,       2.68,       1.09
    0,    16,     8,      69.07,     111.99,       0.00,     8099.2,       2.77,       1.10
    0,    16,     9,     111.83,     131.93,       0.00,    10520.5,       2.79,       1.14
    0,    16,    10,      94.04,     138.87,       0.00,     4427.2,       2.65,       1.04
    0,    16,    11,     100.78,     165.00,       0.00,     6519.5,       2.58,       1.05
    0,    17,     1,       7.74,      15.22,       0.00,     1819.8,       2.67,       0.97
    0,    17,     2,      28.20,      31.61,       0.00,    11266.5,       2.83,       1.16
    0,    17,     3,      42.74,      73.69,       0.00,     6147.1,       2.64,       1.07
    0,    17,     4,      67.43,      73.51,       0.00,     7830.8,       2.54,       1.06
    0,    17,     5,      84.95,      74.70,       0.00,     4439.5,       2.68,       1.05
    0,    17,     6,     135.95,      75.52,       0.00,     6692.6,       2.69,       1.07
    0,    17,     7,     102.80,      79.07,       0.00,     6358.4,       2.51,       1.08
    0,    17,     8,      69.05,     112.01,       0.00,     7768.3,       2.68,       1.12
    0,    17,     9,     111.82,     131.98,       0.00,    10318.6,       2.78,       1.11
    0,    17,    10,      94.06,     138.86,       0.00,     5024.4,       2.70,       1.10
    0,    17,    11,     100.78,     164.99,       0.00,     6549.7,       2.49,       1.07
    0,    18,     1,       7.50,      15.29,       0.00,     2158.1,       2.81,       1.17
    0,    18,     2,      28.21,      31.60,       0.00,    10765.4,       2.76,       1.13
    0,    18,     3,      42.65,      73.74,       0.00,     5774.1,       2.59,       1.06
    0,    18,     4,      67.56,      73.49,       0.00,     8027.9,       2.55,       1.07
    0,    18,     5,      84.99,      74.66,       0.00,     4791.6,       2.63,       1.04
    0,    18,     6,     135.91,      75.48,       0.00,     5870.2,       2.61,       1.10
    0,    18,     7,     102.73,      79.08,       0.00,     6805.9,       2.66,       1.09
    0,    18,     8,      69.09,     112.04,       0.00,     7736.5,       2.78,       1.13
    0,    18,     9,     111.79,     131.96,       0.00,    10282.7,       2.77,       1.14
    0,    18,    10,      94.12,     138.83,       0.00,     4823.4,       2.67,       1.07
    0,    18,    11,     100.80,     164.98,       0.00,     7018.8,       2.70,       1.12
    0,    19,     1,       7.83,      15.22,       0.00,     1892.5,       2.64,       1.09
    0,    19,     2,      28.14,      31.58,       0.00,    10993.1,       2.77,       1.15
    0,    19,     3,      42.71,      73.74,       0.00,     6235.5,       2.58,       1.07
    0,    19,     4,      67.48,      73.48,       0.00,     7990.4,       2.63,       1.07
    0,    19,     5,      85.02,      74.66,       0.00,     4337.5,       2.60,       1.07
    0,    19,     6,     135.96,      75.48,       0.00,     6030.2,       2.69,       1.08
    0,    19,     7,     102.64,      79.12,       0.00,     6717.1,       2.60,       1.08
    0,    19,     8,      69.00,     111.99,       0.00,     8103.2,       2.64,       1.11
    0,    19,     9,     111.81,     131.96,       0.00,    10098.9,       2.70,       1.10
    0,    19,    10,      94.00,     138.85,       0.00,     4784.6,       2.68,       1.10
    0,    19,    11,     100.85,     164.99,       0.00,     6836.3,       2.64,       1.10
    0,    20,     1,       7.85,      15.22,       0.00,     1865.8,       2.61,       1.06
    0,    20,     2,      28.20,      31.61,       0.00,    11359.8,       2.84,       1.18
    0,    20,     3,      42.67,      73.74,       0.00,     6561.2,       2.72,       1.08
    0,    20,     4,      67.43,      73.51,       0.00,     7669.5,       2.62,       1.05
    0,    20,     5,      85.04,      74.64,       0.00,     4592.5,       2.68,       1.03
    0,    20,     6,     135.86,      75.53,       0.00,     6410.8,       2.60,       1.09
    0,    20,     7,     102.67,      79.04,       0.00,     6707.7,       2.66,       1.06
    0,    20,     8,      69.13,     112.02,       0.00,     7976.9,       2.75,       1.10
    0,    20,     9,     111.82,     131.98,       0.00,    10264.5,       2.78,       1.11
    0,    20,    10,      94.00,     138.83,       0.00,     4444.8,       2.57,       1.07
    0,    20,    11,     100.76,     164.98,       0.00,     6627.4,       2.63,       1.08
    0,    21,     1,       7.52,      15.30,       0.00,     1940.2,       2.55,       1.22
    0,    21,     2,      28.12,      31.59,       0.00,    11313.3,       2.83,       1.17
    0,    21,     3,      42.64,      73.75,       0.00,     5991.2,       2.70,       1.10
    0,    21,     4,      67.40,      73.51,       0.00,     8166.8,       2.62,       1.10
    0,    21,     5,      84.95,      74.68,       0.00,     4225.2,       2.47,       1.03
    0,    21,     6,     135.91,      75.51,       0.00,     6286.6,       2.65,       1.09
    0,    21,     7,     102.68,      79.07,       0.00,     6736.8,       2.52,       1.09
    0,    21,     8,      69.07,     112.03,       0.00,     8096.7,       2.70,       1.11
    0,    21,     9,     111.77,     131.98,       0.00,     9950.1,       2.78,       1.12
    0,    21,    10,      94.00,     138.82,       0.00,     4510.4,       2.73,       1.09
    0,    21,    11,     100.82,     164.99,       0.00,     6701.4,       2.75,       1.11
    0,    22,     1,       7.78,      15.32,       0.00,     2072.9,       2.60,       1.13
    0,    22,     2,      28.17,      31.59,       0.00,    11279.7,       2.78,       1.16
    0,    22,     3,      42.66,      73.76,       0.00,     5804.3,       2.62,       1.04
    0,    22,     4,      67.44,      73.47,       0.00,     8203.0,       2.66,       1.09
    0,    22,     5,      85.00,      74.71,       0.00,     4610.9,       2.56,       1.08
    0,    22,     6,     136.00,      75.54,       0.00,     6344.8,       2.70,       1.10
    0,    22,     7,     102.71,      79.09,       0.00,     6723.7,       2.67,       1.07
    0,    22,     8,      69.08,     112.03,       0.00,     7762.6,       2.65,       1.09
    0,    22,     9,     111.77,     131.97,       0.00,    10515.2,       2.74,       1.14
    0,    22,    10,      94.07,     138.81,       0.00,     4473.5,       2.64,       1.09
    0,    22,    11,     100.89,     164.99,       0.00,     6660.4,       2.62,       1.10
    0,    23,     1,       7.43,      15.25,       0.00,     1854.0,       2.66,       1.08
    0,    23,     2,      28.18,      31.59,       0.00,    10785.0,       2.81,       1.14
    0,    23,     3,      42.72,      73.73,       0.00,     6060.4,       2.61,       1.07
    0,    23,     4,      67.43,      73.50,       0.00,     8001.3,       2.60,       1.07
    0,    23,     5,      85.00,      74.69,       0.00,     4586.4,       2.63,       1.04
    0,    23,     6,     135.91,      75.50,       0.00,     6497.3,       2.74,       1.07
    0,    23,     7,     102.59,      79.11,       0.00,     6747.8,       2.61,       1.07
    0,    23,     8,      69.09,     112.02,       0.00,     7682.9,       2.72,       1.11
    0,    23,     9,     111.84,     132.00,       0.00,     9905.1,       2.78,       1.11
    0,    23,    10,      94.04,     138.85,       0.00,     4571.2,       2.61,       1.14
    0,    23,    11,     100.80,     165.00,       0.00,     6376.6,       2.59,       1.08
    0,    24,     1,       7.63,      15.19,       0.00,     2146.3,       2.74,       1.11
    0,    24,     2,      28.21,      31.60,       0.00,    10855.7,       2.72,       1.16
    0,    24,     3,      42.62,      73.72,       0.00,     5899.6,       2.48,       1.04
    0,    24,     4,      67.46,      73.47,       0.00,     8032.3,       2.69,       1.09
    0,    24,     5,      85.01,      74.67,       0.00,     4796.7,       2.55,       1.12
    0,    24,     6,     135.94,      75.53,       0.00,     6574.7,       2.65,       1.12
    0,    24,     7,     102.68,      79.10,       0.00,     6694.5,       2.55,       1.08
    0,    24,     8,      69.10,     112.02,       0.00,     7793.6,       2.64,       1.09
    0,    24,     9,     111.83,     131.96,       0.00,    10304.7,       2.72,       1.12
    0,    24,    10,      94.07,     138.87,       0.00,     4545.4,       2.57,       1.09
    0,    24,    11,     100.81,     164.96,       0.00,     6302.5,       2.68,       1.12
    0,    25,     1,       7.76,      15.23,       0.00,     1831.9,       2.75,       1.06
    0,    25,     2,      28.23,      31.58,       0.00,    10893.2,       2.82,       1.17
    0,    25,     3,      42.57,      73.74,       0.00,     5545.0,       2.53,       1.05
    0,    25,     4,      67.42,      73.47,       0.00,     8201.5,       2.61,       1.08
    0,    25,     5,      85.10,      74.67,       0.00,     4120.4,       2.49,       1.03
    0,    25,     6,     136.05,      75.48,       0.00,     6411.2,       2.68,       1.14
    0,    25,     7,     102.73,      79.10,       0.00,     6868.5,       2.58,       1.05
    0,    25,     8,      69.09,     112.02,       0.00,     8027.0,       2.68,       1.10
    0,    25,     9,     111.86,     131.95,       0.00,    10021.6,       2.65,       1.14
    0,    25,    10,      94.09,     138.85,       0.00,     5111.9,       2.64,       1.10
    0,    25,    11,     100.83,     165.01,       0.00,     6264.2,       2.60,       1.07
    0,    26,     1,       7.75,      15.34,       0.00,     1679.4,       2.43,       1.07
    0,    26,     2,      28.16,      31.54,       0.00,    10597.2,       2.81,       1.17
    0,    26,     3,      42.64,      73.73,       0.00,     6184.1,       2.61,       1.04
    0,    26,     4,      67.45,      73.48,       0.00,     7813.7,       2.56,       1.06
    0,    26,     5,      85.08,      74.67,       0.00,     4261.3,       2.46,       1.06
    0,    26,     6,     135.95,      75.52,       0.00,     6247.0,       2.65,       1.10
    0,    26,     7,     102.75,      79.05,       0.00,     6525.6,       2.57,       1.11
    0,    26,     8,      69.07,     112.03,       0.00,     7719.1,       2.68,       1.09
    0,    26,     9,     111.79,     131.98,       0.00,    10329.2,       2.74,       1.12
    0,    26,    10,      94.04,     138.80,       0.00,     5089.5,       2.77,       1.12
    0,    26,    11,     100.81,     165.02,       0.00,     6432.4,       2.63,       1.10
    0,    27,     1,       7.77,      15.20,       0.00,     1885.2,       2.75,       0.99
    0,    27,     2,      28.14,      31.59,       0.00,    10674.5,       2.79,       1.15
    0,    27,     3,      42.68,      73.70,       0.00,     6415.5,       2.70,       1.08
    0,    27,     4,      67.47,      73.48,       0.00,     8431.4,       2.67,       1.12
    0,    27,     5,      85.15,      74.70,       0.00,     4573.8,       2.53,       1.07
    0,    27,     6,     135.90,      75.53,       0.00,     6235.2,       2.67,       1.11
    0,    27,     7,     102.69,      79.11,       0.00,     6723.8,       2.68,       1.09
    0,    27,     8,      69.04,     112.04,       0.00,     7862.5,       2.68,       1.12
    0,    27,     9,     111.89,     132.01,       0.00,     9806.2,       2.70,       1.10
    0,    27,    10,      94.04,     138.91,       0.00,     4970.3,       2.73,       1.05
    0,    27,    11,     100.77,     164.98,       0.00,     6096.7,       2.53,       1.12
    0,    28,     1,      28.17,      31.60,       0.00,    10780.4,       2.81,       1.13
    0,    28,     2,      42.75,      73.72,       0.00,     5976.4,       2.60,       1.05
    0,    28,     3,      67.39,      73.51,       0.00,     7932.3,       2.66,       1.09
    0,    28,     4,      84.96,      74.69,       0.00,     4574.3,       2.42,       1.04
    0,    28,     5,     135.85,      75.55,       0.00,     6012.0,       2.64,       1.13
    0,    28,     6,     102.72,      79.12,       0.00,     6504.4,       2.58,       1.11
    0,    28,     7,      69.11,     112.01,       0.00,     8234.2,       2.81,       1.09
    0,    28,     8,     111.78,     131.97,       0.00,    10055.5,       2.73,       1.11
    0,    28,     9,      94.05,     138.87,       0.00,     5073.0,       2.61,       1.08
    0,    28,    10,     100.80,     165.01,       0.00,     6463.9,       2.61,       1.07
    0,    29,     1,       7.84,      15.19,       0.00,     1930.7,       2.58,       1.11
    0,    29,     2,      28.08,      31.56,       0.00,    10945.5,       2.77,       1.17
    0,    29,     3,      42.63,      73.73,       0.00,     6295.0,       2.81,       1.07
    0,    29,     4,      67.50,      73.53,       0.00,     8009.8,       2.70,       1.06
    0,    29,     5,      84.98,      74.65,       0.00,     4167.4,       2.51,       1.03
    0,    29,     6,     136.01,      75.50,       0.00,     6211.6,       2.65,       1.09
    0,    29,     7,     102.73,      79.11,       0.00,     7320.1,       2.65,       1.10
    0,    29,     8,      68.90,     112.02,       0.00,     8185.4,       2.62,       1.08
    0,    29,     9,     111.84,     131.97,       0.00,    10435.6,       2.76,       1.12
    0,    29,    10,      94.06,     138.85,       0.00,     4671.3,       2.65,       1.07
    0,    29,    11,     100.66,     165.03,       0.00,     6615.4,       2.70,       1.13
    0,    30,     1,       7.51,      15.19,       0.00,     1920.8,       2.56,       1.13
    0,    30,     2,      28.14,      31.57,       0.00,    10327.5,       2.79,       1.14
    0,    30,     3,      42.66,      73.76,       0.00,     5785.9,       2.62,       1.08
    0,    30,     4,      67.44,      73.50,       0.00,     7983.1,       2.59,       1.12
    0,    30,     5,      84.93,      74.71,       0.00,     4371.9,       2.50,       1.03
    0,    30,     6,     136.00,      75.51,       0.00,     6049.0,       2.65,       1.08
    0,    30,     7,     102.77,      79.13,       0.00,     7017.5,       2.66,       1.11
    0,    30,     8,      68.99,     112.04,       0.00,     8104.9,       2.68,       1.08
    0,    30,     9,     111.71,     132.00,       0.00,     9636.0,       2.70,       1.09
    0,    30,    10,      93.98,     138.88,       0.00,     4753.6,       2.60,       1.08
    0,    30,    11,     100.88,     164.98,       0.00,     6266.1,       2.63,       1.10
    0,    31,     1,       7.89,      15.23,       0.00,     1877.0,       2.72,       1.10
    0,    31,     2,      28.16,      31.57,       0.00,    10681.3,       2.77,       1.17
    0,    31,     3,      42.65,      73.76,       0.00,     5998.1,       2.71,       1.06
    0,    31,     4,      67.44,      73.51,       0.00,     8007.2,       2.59,       1.06
    0,    31,     5,      84.98,      74.67,       0.00,     4262.7,       2.48,       1.04
    0,    31,     6,     135.87,      75.52,       0.00,     6239.2,       2.65,       1.11
    0,    31,     7,     102.74,      79.07,       0.00,     6513.9,       2.66,       1.06
    0,    31,     8,      68.99,     112.02,       0.00,     8137.8,       2.72,       1.08
    0,    31,     9,     111.84,     132.00,       0.00,     9509.1,       2.66,       1.10
    0,    31,    10,      93.98,     138.88,       0.00,     4658.1,       2.59,       1.08
    0,    31,    11,     100.74,     165.03,       0.00,     6576.7,       2.63,       1.12
    0,    32,     1,       7.83,      15.28,       0.00,     2106.7,       2.96,       1.12
    0,    32,     2,      28.25,      31.59,       0.00,    10671.9,       2.79,       1.13
    0,    32,     3,      42.57,      73.80,       0.00,     5762.1,       2.50,       1.07
    0,    32,     4,      67.50,      73.49,       0.00,     8005.6,       2.66,       1.06
    0,    32,     5,      85.06,      74.64,       0.00,     5077.8,       2.63,       1.06
    0,    32,     6,     135.90,      75.53,       0.00,     6105.1,       2.66,       1.10
    0,    32,     7,     102.70,      79.09,       0.00,     6589.3,       2.58,       1.07
    0,    32,     8,      69.04,     112.02,       0.00,     7755.4,       2.65,       1.07
    0,    32,     9,     111.80,     132.01,       0.00,     9955.7,       2.66,       1.13
    0,    32,    10,      94.00,     138.85,       0.00,     4874.8,       2.76,       1.11
    0,    32,    11,     100.85,     164.99,       0.00,     6741.7,       2.65,       1.07
    0,    33,     1,       7.72,      15.26,       0.00,     2139.0,       2.91,       1.11
    0,    33,     2,      28.20,      31.56,       0.00,    10410.6,       2.77,       1.10
    0,    33,     3,      42.72,      73.75,       0.00,     5686.9,       2.59,       1.04
    0,    33,     4,      67.47,      73.48,       0.00,     7899.9,       2.62,       1.08
    0,    33,     5,      84.90,      74.70,       0.00,     4858.0,       2.61,       1.09
    0,    33,     6,     135.94,      75.55,       0.00,     5905.6,       2.64,       1.05
    0,    33,     7,     102.69,      79.11,       0.00,     6886.2,       2.62,       1.09
    0,    33,     8,      69.07,     112.03,       0.00,     7776.1,       2.68,       1.05
    0,    33,     9,     111.77,     132.01,       0.00,    10282.0,       2.80,       1.13
    0,    33,    10,      94.02,     138.88,       0.00,     4312.8,       2.53,       1.10
    0,    33,    11,     100.80,     165.02,       0.00,     5902.4,       2.60,       1.13
    0,    34,     1,       7.74,      15.36,       0.00,     1770.4,       2.58,       1.03
    0,    34,     2,      28.22,      31.59,       0.00,    10467.7,       2.78,       1.12
    0,    34,     3,      42.56,      73.74,       0.00,     6101.1,       2.58,       1.09
    0,    34,     4,      67.48,      73.47,       0.00,     7953.1,       2.59,       1.09
    0,    34,     5,      85.08,      74.72,       0.00,     4495.3,       2.59,       1.08
    0,    34,     6,     135.94,      75.55,       0.00,     6515.3,       2.70,       1.12
    0,    34,     7,     102.74,      79.11,       0.00,     6826.3,       2.52,       1.06
    0,    34,     8,      69.07,     112.02,       0.00,     8252.0,       2.71,       1.11
    0,    34,     9,     111.88,     131.99,       0.00,     9887.3,       2.70,       1.12
    0,    34,    10,      94.18,     138.84,       0.00,     4566.4,       2.67,       1.09
    0,    34,    11,     100.66,     164.99,       0.00,     6095.8,       2.65,       1.10
    0,    35,     1,       7.81,      15.27,       0.00,     1769.6,       2.66,       1.09
    0,    35,     2,      28.24,      31.60,       0.00,    10840.7,       2.81,       1.14
    0,    35,     3,      42.74,      73.77,       0.00,     6334.9,       2.64,       1.08
    0,    35,     4,      67.44,      73.51,       0.00,     7727.1,       2.56,       1.10
    0,    35,     5,      85.02,      74.67,       0.00,     4745.3,       2.58,       1.03
    0,    35,     6,     135.93,      75.50,       0.00,     6375.4,       2.64,       1.11
    0,    35,     7,     102.58,      79.12,       0.00,     6180.9,       2.64,       1.10
    0,    35,     8,      69.08,     112.00,       0.00,     7609.0,       2.64,       1.04
    0,    35,     9,     111.86,     131.97,       0.00,    10473.5,       2.81,       1.13
    0,    35,    10,      94.00,     138.90,       0.00,     4682.2,       2.75,       1.08
    0,    35,    11,     100.73,     164.99,       0.00,     6024.9,       2.46,       1.04
    0,    36,     1,       7.80,      15.27,       0.00,     2011.7,       2.68,       1.13
    0,    36,     2,      28.08,      31.59,       0.00,    10425.4,       2.82,       1.13
    0,    36,     3,      42.64,      73.74,       0.00,     5526.1,       2.56,       1.08
    0,    36,     4,      67.46,      73.51,       0.00,     8165.3,       2.70,       1.09
    0,    36,     5,      84.97,      74.70,       0.00,     4611.2,       2.61,       1.06
    0,    36,     6,     135.83,      75.56,       0.00,     6566.9,       2.60,       1.10
    0,    36,     7,     102.70,      79.11,       0.00,     6250.5,       2.59,       1.04
    0,    36,     8,      68.97,     112.01,       0.00,     8013.8,       2.66,       1.07
    0,    36,     9,     111.78,     131.98,       0.00,     9952.2,       2.70,       1.12
    0,    36,    10,      94.01,     138.85,       0.00,     4867.7,       2.63,       1.11
    0,    36,    11,     100.91,     165.00,       0.00,     6314.5,       2.69,       1.10
    0,    37,     1,       7.72,      15.23,       0.00,     1831.1,       2.56,       1.09
    0,    37,     2,      28.17,      31.57,       0.00,    10452.4,       2.76,       1.15
    0,    37,     3,      42.73,      73.77,       0.00,     6168.3,       2.57,       1.05
    0,    37,     4,      67.57,      73.48,       0.00,     7807.6,       2.57,       1.06
    0,    37,     5,      84.89,      74.72,       0.00,     4385.8,       2.47,       1.07
    0,    37,     6,     135.90,      75.54,       0.00,     6361.9,       2.63,       1.09
    0,    37,     7,     102.72,      79.09,       0.00,     6341.5,       2.59,       1.06
    0,    37,     8,      69.08,     112.03,       0.00,     8270.9,       2.62,       1.09
    0,    37,     9,     111.92,     131.96,       0.00,     9903.9,       2.70,       1.12
    0,    37,    10,      94.05,     138.87,       0.00,     4268.2,       2.57,       1.10
    0,    37,    11,     100.78,     165.02,       0.00,     6128.2,       2.53,       1.12
    0,    38,     1,      28.16,      31.59,       0.00,    10653.0,       2.80,       1.15
    0,    38,     2,      42.74,      73.75,       0.00,     6100.3,       2.61,       1.07
    0,    38,     3,      67.56,      73.48,       0.00,     7760.0,       2.50,       1.08
    0,    38,     4,      84.97,      74.66,       0.00,     4323.8,       2.54,       1.04
    0,    38,     5,     136.03,      75.51,       0.00,     6182.7,       2.63,       1.10
    0,    38,     6,     102.82,      79.09,       0.00,     6685.7,       2.49,       1.09
    0,    38,     7,      69.02,     112.03,       0.00,     8078.2,       2.62,       1.11
    0,    38,     8,     111.84,     131.99,       0.00,     9918.4,       2.76,       1.12
    0,    38,     9,      94.10,     138.87,       0.00,     4630.8,       2.56,       1.05
    0,    38,    10,     100.89,     165.00,       0.00,     6229.2,       2.65,       1.08
    0,    39,     1,       7.65,      15.18,       0.00,     1802.6,       2.54,       1.05
    0,    39,     2,      28.19,      31.59,       0.00,    10588.4,       2.73,       1.11
    0,    39,     3,      42.66,      73.75,       0.00,     6098.3,       2.70,       1.07
    0,    39,     4,      67.50,      73.47,       0.00,     8188.2,       2.64,       1.08
    0,    39,     5,      85.00,      74.70,       0.00,     4429.2,       2.51,       1.03
    0,    39,     6,     135.96,      75.56,       0.00,     6245.8,       2.62,       1.08
    0,    39,     7,     102.74,      79.08,       0.00,     6641.4,       2.53,       1.07
    0,    39,     8,      69.15,     112.04,       0.00,     7882.3,       2.64,       1.09
    0,    39,     9,     111.77,     131.99,       0.00,    10076.6,       2.72,       1.12
    0,    39,    10,      94.20,     138.91,       0.00,     4616.8,       2.61,       1.07
    0,    39,    11,     100.82,     164.97,       0.00,     6985.5,       2.68,       1.10
    0,    40,     1,       7.65,      15.28,       0.00,     1944.4,       2.71,       1.12
    0,    40,     2,      28.21,      31.57,       0.00,    10520.8,       2.81,       1.17
    0,    40,     3,      42.67,      73.73,       0.00,     5976.8,       2.54,       1.07
    0,    40,     4,      67.50,      73.50,       0.00,     7978.3,       2.63,       1.09
    0,    40,     5,      85.01,      74.69,       0.00,     4405.3,       2.43,       1.04
    0,    40,     6,     135.93,      75.50,       0.00,     6290.3,       2.72,       1.08
    0,    40,     7,     102.72,      79.11,       0.00,     6637.5,       2.58,       1.11
    0,    40,     8,      69.10,     112.01,       0.00,     8107.5,       2.72,       1.10
    0,    40,     9,     111.83,     131.92,       0.00,     9949.2,       2.70,       1.12
    0,    40,    10,      93.95,     138.79,       0.00,     4384.6,       2.57,       1.12
    0,    40,    11,     100.70,     165.03,       0.00,     6835.8,       2.62,       1.12
