#stackID(UINT32), frameID(UINT32), eventID(UINT32), x0(float), y0(float), z0(float), photon_count0(float), sigmaX0(float), sigmaY0(float) 
    0,     0,     1,       9.03,      14.36,       0.00,     3237.5,       1.19,       2.36
    0,     0,     2,      29.25,      30.81,       0.00,    19041.5,       1.28,       2.28
    0,     0,     3,      43.84,      72.90,       0.00,    10524.2,       1.17,       2.24
    0,     0,     4,      68.45,      72.64,       0.00,    12551.8,       1.15,       2.30
    0,     0,     5,      86.13,      73.90,       0.00,     6889.4,       1.13,       2.31
    0,     0,     6,     136.80,      74.67,       0.00,    10989.7,       1.23,       2.27
    0,     0,     7,     103.70,      78.32,       0.00,    11351.6,       1.13,       2.46
    0,     0,     8,      70.07,     111.20,       0.00,    14799.7,       1.17,       2.38
    0,     0,     9,     112.73,     131.15,       0.00,    18273.4,       1.22,       2.26
    0,     0,    10,      95.02,     137.91,       0.00,     6935.7,       1.20,       2.20
    0,     0,    11,     101.85,     164.16,       0.00,    10915.3,       1.18,       2.27
    0,     1,     1,       8.95,      14.36,       0.00,     3270.9,       1.12,       2.29
    0,     1,     2,      29.25,      30.81,       0.00,    19060.1,       1.28,       2.28
    0,     1,     3,      43.81,      72.86,       0.00,    10452.0,       1.17,       2.20
    0,     1,     4,      68.46,      72.63,       0.00,    12718.7,       1.16,       2.34
    0,     1,     5,      86.19,      73.83,       0.00,     6832.7,       1.12,       2.30
    0,     1,     6,     136.81,      74.67,       0.00,    10573.1,       1.15,       2.25
    0,     1,     7,     103.68,      78.32,       0.00,    11381.6,       1.19,       2.43
    0,     1,     8,      70.05,     111.22,       0.00,    14807.6,       1.15,       2.40
    0,     1,     9,     112.74,     131.15,       0.00,    17576.8,       1.20,       2.32
    0,     1,    10,      95.03,     137.98,       0.00,     7402.7,       1.20,       2.28
    0,     1,    11,     101.81,     164.15,       0.00,    10941.1,       1.17,       2.25
    0,     2,     1,       8.96,      14.30,       0.00,     3345.2,       1.20,       2.40
    0,     2,     2,      29.24,      30.81,       0.00,    18497.2,       1.26,       2.25
    0,     2,     3,      43.80,      72.90,       0.00,     9834.1,       1.17,       2.27
    0,     2,     4,      68.48,      72.63,       0.00,    12601.3,       1.15,       2.28
    0,     2,     5,      86.18,      73.82,       0.00,     6770.3,       1.17,       2.39
    0,     2,     6,     136.80,      74.66,       0.00,    10492.0,       1.18,       2.24
    0,     2,     7,     103.67,      78.22,       0.00,    11253.8,       1.17,       2.43
    0,     2,     8,      70.04,     111.19,       0.00,    14805.8,       1.22,       2.37
    0,     2,     9,     112.72,     131.15,       0.00,    17526.9,       1.21,       2.30
    0,     2,    10,      95.03,     137.91,       0.00,     7104.0,       1.20,       2.17
    0,     2,    11,     101.85,     164.15,       0.00,    10624.2,       1.20,       2.24
    0,     3,     1,       9.01,      14.32,       0.00,     3077.0,       1.11,       2.26
    0,     3,     2,      29.25,      30.80,       0.00,    18624.2,       1.28,       2.22
    0,     3,     3,      68.48,      72.67,       0.00,    12857.1,       1.17,       2.32
    0,     3,     4,      43.82,      72.88,       0.00,    10707.1,       1.13,       2.24
    0,     3,     5,      86.17,      73.82,       0.00,     6475.4,       1.18,       2.30
    0,     3,     6,     136.84,      74.64,       0.00,    10730.1,       1.17,       2.28
    0,     3,     7,     103.68,      78.34,       0.00,    10629.6,       1.16,       2.43
    0,     3,     8,      70.06,     111.20,       0.00,    13893.7,       1.20,       2.39
    0,     3,     9,     112.74,     131.13,       0.00,    17166.6,       1.25,       2.25
    0,     3,    10,      95.00,     138.05,       0.00,     7037.5,       1.20,       2.23
    0,     3,    11,     101.85,     164.08,       0.00,    10435.1,       1.19,       2.23
    0,     4,     1,       8.93,      14.54,       0.00,     2826.3,       1.10,       2.37
    0,     4,     2,      29.25,      30.81,       0.00,    18597.2,       1.26,       2.30
    0,     4,     3,      68.46,      72.61,       0.00,    12716.3,       1.19,       2.30
    0,     4,     4,      43.80,      72.88,       0.00,    10009.1,       1.20,       2.28
    0,     4,     5,      86.13,      73.86,       0.00,     6680.7,       1.15,       2.28
    0,     4,     6,     136.82,      74.61,       0.00,    10593.8,       1.15,       2.28
    0,     4,     7,     103.67,      78.28,       0.00,    10826.6,       1.18,       2.39
    0,     4,     8,      70.03,     111.20,       0.00,    14091.9,       1.18,       2.38
    0,     4,     9,     112.76,     131.11,       0.00,    17234.7,       1.21,       2.31
    0,     4,    10,      95.00,     138.00,       0.00,     6991.9,       1.20,       2.23
    0,     4,    11,     101.86,     164.12,       0.00,     9722.1,       1.19,       2.23
    0,     5,     1,       8.98,      14.35,       0.00,     3096.8,       1.11,       2.27
    0,     5,     2,      29.26,      30.82,       0.00,    19083.8,       1.29,       2.29
    0,     5,     3,      68.48,      72.60,       0.00,    12321.6,       1.16,       2.32
    0,     5,     4,      43.81,      72.92,       0.00,    10483.3,       1.18,       2.31
    0,     5,     5,      86.15,      73.87,       0.00,     6511.5,       1.20,       2.26
    0,     5,     6,     136.85,      74.63,       0.00,    10767.1,       1.17,       2.26
    0,     5,     7,     103.69,      78.30,       0.00,    10529.4,       1.18,       2.36
    0,     5,     8,      70.07,     111.19,       0.00,    13985.8,       1.20,       2.36
    0,     5,     9,     112.73,     131.17,       0.00,    16844.8,       1.20,       2.28
    0,     5,    10,      95.07,     138.02,       0.00,     7335.6,       1.20,       2.26
    0,     5,    11,     101.88,     164.11,       0.00,    10041.0,       1.18,       2.26
    0,     6,     1,       9.01,      14.46,       0.00,     3194.8,       1.13,       2.39
    0,     6,     2,      29.26,      30.87,       0.00,    18846.5,       1.25,       2.28
    0,     6,     3,      68.50,      72.65,       0.00,    13342.0,       1.17,       2.34
    0,     6,     4,      43.82,      72.90,       0.00,    10182.1,       1.19,       2.25
    0,     6,     5,      86.20,      73.77,       0.00,     6677.4,       1.15,       2.36
    0,     6,     6,     136.79,      74.76,       0.00,    10528.8,       1.18,       2.31
    0,     6,     7,     103.67,      78.26,       0.00,    10686.6,       1.14,       2.39
    0,     6,     8,      70.06,     111.17,       0.00,    14407.3,       1.19,       2.37
    0,     6,     9,     112.77,     131.13,       0.00,    17627.1,       1.20,       2.33
    0,     6,    10,      95.05,     137.96,       0.00,     7489.8,       1.18,       2.28
    0,     6,    11,     101.84,     164.08,       0.00,    10306.2,       1.19,       2.26
    0,     7,     1,       9.01,      14.39,       0.00,     3027.6,       1.10,       2.28
    0,     7,     2,      29.25,      30.84,       0.00,    17773.6,       1.25,       2.26
    0,     7,     3,      68.46,      72.62,       0.00,    12449.3,       1.17,       2.28
    0,     7,     4,      43.83,      72.91,       0.00,    10180.4,       1.17,       2.21
    0,     7,     5,      86.16,      73.83,       0.00,     6587.1,       1.18,       2.34
    0,     7,     6,     136.82,      74.61,       0.00,    10386.8,       1.15,       2.28
    0,     7,     7,     103.70,      78.30,       0.00,    10532.5,       1.13,       2.41
    0,     7,     8,      70.06,     111.16,       0.00,    13224.7,       1.18,       2.34
    0,     7,     9,     112.75,     131.12,       0.00,    17027.2,       1.23,       2.30
    0,     7,    10,      94.99,     138.02,       0.00,     6730.0,       1.18,       2.26
    0,     7,    11,     101.84,     164.17,       0.00,    10296.0,       1.20,       2.28
    0,     8,     1,       8.99,      14.46,       0.00,     3032.6,       1.18,       2.25
    0,     8,     2,      29.24,      30.80,       0.00,    18294.5,       1.27,       2.26
    0,     8,     3,      68.48,      72.56,       0.00,    12431.8,       1.17,       2.35
    0,     8,     4,      43.80,      72.94,       0.00,     9777.8,       1.19,       2.26
    0,     8,     5,      86.13,      73.94,       0.00,     6890.4,       1.22,       2.33
    0,     8,     6,     136.85,      74.69,       0.00,    11067.6,       1.23,       2.33
    0,     8,     7,     103.71,      78.33,       0.00,    10688.9,       1.17,       2.39
    0,     8,     8,      70.09,     111.14,       0.00,    13735.0,       1.16,       2.41
    0,     8,     9,     112.77,     131.14,       0.00,    16756.9,       1.22,       2.26
    0,     8,    10,      95.05,     138.00,       0.00,     7016.1,       1.20,       2.32
    0,     8,    11,     101.85,     164.13,       0.00,     9748.0,       1.19,       2.23
    0,     9,     1,       9.02,      14.24,       0.00,     3510.4,       1.19,       2.45
    0,     9,     2,      29.26,      30.82,       0.00,    17566.1,       1.24,       2.27
    0,     9,     3,      68.48,      72.57,       0.00,    12460.3,       1.15,       2.33
    0,     9,     4,      43.80,      72.90,       0.00,     9927.5,       1.17,       2.25
    0,     9,     5,      86.19,      73.89,       0.00,     6770.7,       1.16,       2.33
    0,     9,     6,     136.81,      74.70,       0.00,    10633.5,       1.21,       2.34
    0,     9,     7,     103.69,      78.29,       0.00,    10720.9,       1.15,       2.40
    0,     9,     8,      70.04,     111.14,       0.00,    12939.9,       1.16,       2.34
    0,     9,     9,     112.74,     131.16,       0.00,    17028.4,       1.20,       2.28
    0,     9,    10,      95.03,     138.03,       0.00,     6563.6,       1.17,       2.19
    0,     9,    11,     101.84,     164.16,       0.00,    10468.4,       1.21,       2.22
    0,    10,     1,       8.98,      14.40,       0.00,     3008.9,       1.13,       2.27
    0,    10,     2,      29.25,      30.82,       0.00,    17665.2,       1.23,       2.26
    0,    10,     3,      43.79,      72.91,       0.00,     9884.0,       1.16,       2.23
    0,    10,     4,      68.45,      72.58,       0.00,    12544.4,       1.17,       2.29
    0,    10,     5,      86.14,      73.84,       0.00,     6473.2,       1.18,       2.25
    0,    10,     6,     136.82,      74.60,       0.00,    10630.2,       1.18,       2.29
    0,    10,     7,     103.69,      78.32,       0.00,    10418.9,       1.16,       2.37
    0,    10,     8,      70.09,     111.15,       0.00,    13102.1,       1.20,       2.38
    0,    10,     9,     112.75,     131.17,       0.00,    17291.2,       1.18,       2.34
    0,    10,    10,      95.01,     138.03,       0.00,     7303.0,       1.16,       2.35
    0,    10,    11,     101.86,     164.15,       0.00,     9697.2,       1.18,       2.28
    0,    11,     1,       8.98,      14.34,       0.00,     3191.0,       1.24,       2.43
    0,    11,     2,      29.26,      30.83,       0.00,    18607.7,       1.27,       2.32
    0,    11,     3,      68.46,      72.66,       0.00,    12429.2,       1.14,       2.32
    0,    11,     4,      43.81,      72.90,       0.00,     9807.4,       1.14,       2.28
    0,    11,     5,      86.12,      73.84,       0.00,     6442.3,       1.15,       2.35
    0,    11,     6,     136.82,      74.73,       0.00,    10177.4,       1.19,       2.28
    0,    11,     7,     103.69,      78.29,       0.00,    10399.9,       1.12,       2.45
    0,    11,     8,      70.07,     111.15,       0.00,    13069.0,       1.14,       2.40
    0,    11,     9,     112.75,     131.16,       0.00,    17556.5,       1.22,       2.38
    0,    11,    10,      95.04,     138.03,       0.00,     6910.3,       1.15,       2.28
    0,    11,    11,     101.84,     164.13,       0.00,     9765.5,       1.16,       2.30
    0,    12,     1,       8.92,      14.30,       0.00,     2891.5,       1.12,       2.20
    0,    12,     2,      29.26,      30.84,       0.00,    18357.4,       1.27,       2.26
    0,    12,     3,      68.45,      72.61,       0.00,    12745.3,       1.18,       2.33
    0,    12,     4,      43.77,      72.86,       0.00,    10202.3,       1.19,       2.24
    0,    12,     5,      86.14,      73.92,       0.00,     6210.6,       1.15,       2.37
    0,    12,     6,     136.80,      74.64,       0.00,    10027.2,       1.17,       2.30
    0,    12,     7,     103.70,      78.32,       0.00,    10796.9,       1.16,       2.43
    0,    12,     8,      70.07,     111.13,       0.00,    13372.5,       1.18,       2.37
    0,    12,     9,     112.74,     131.17,       0.00,    17330.2,       1.20,       2.30
    0,    12,    10,      95.03,     138.03,       0.00,     6904.5,       1.17,       2.21
    0,    12,    11,     101.85,     164.11,       0.00,    10268.4,       1.18,       2.24
    0,    13,     1,       8.98,      14.31,       0.00,     2945.9,       1.18,       2.21
    0,    13,     2,      29.25,      30.89,       0.00,    18194.5,       1.25,       2.27
    0,    13,     3,      68.45,      72.60,       0.00,    12422.7,       1.16,       2.34
    0,    13,     4,      43.82,      72.87,       0.00,    10177.7,       1.21,       2.26
    0,    13,     5,      86.16,      73.84,       0.00,     6279.6,       1.15,       2.22
    0,    13,     6,     136.82,      74.63,       0.00,    10074.2,       1.21,       2.35
    0,    13,     7,     103.68,      78.27,       0.00,    10496.1,       1.15,       2.45
    0,    13,     8,      70.04,     111.17,       0.00,    13026.8,       1.17,       2.37
    0,    13,     9,     112.74,     131.15,       0.00,    17266.0,       1.21,       2.34
    0,    13,    10,      95.04,     137.99,       0.00,     7026.4,       1.19,       2.22
    0,    13,    11,     101.86,     164.13,       0.00,     9964.8,       1.22,       2.27
    0,    14,     1,       9.05,      14.28,       0.00,     3066.1,       1.14,       2.47
    0,    14,     2,      29.25,      30.80,       0.00,    18348.8,       1.24,       2.27
    0,    14,     3,      68.46,      72.60,       0.00,    12727.1,       1.12,       2.34
    0,    14,     4,      43.80,      72.83,       0.00,     9796.5,       1.13,       2.23
    0,    14,     5,      86.15,      73.91,       0.00,     6289.9,       1.17,       2.39
    0,    14,     6,     136.84,      74.62,       0.00,    10846.2,       1.18,       2.32
    0,    14,     7,     103.68,      78.33,       0.00,    10269.6,       1.14,       2.38
    0,    14,     8,      70.06,     111.14,       0.00,    13072.1,       1.19,       2.34
    0,    14,     9,     112.76,     131.13,       0.00,    16886.4,       1.22,       2.31
    0,    14,    10,      95.02,     137.92,       0.00,     6852.5,       1.20,       2.23
    0,    14,    11,     101.82,     164.17,       0.00,    10345.8,       1.20,       2.29
    0,    15,     1,       9.03,      14.46,       0.00,     3154.4,       1.20,       2.44
    0,    15,     2,      29.26,      30.82,       0.00,    17811.2,       1.24,       2.27
    0,    15,     3,      68.43,      72.60,       0.00,    12961.5,       1.15,       2.32
    0,    15,     4,      43.83,      72.87,       0.00,    10226.3,       1.23,       2.22
    0,    15,     5,      86.14,      73.88,       0.00,     6767.0,       1.18,       2.41
    0,    15,     6,     136.81,      74.63,       0.00,    10204.3,       1.19,       2.29
    0,    15,     7,     103.72,      78.29,       0.00,    10760.5,       1.11,       2.43
    0,    15,     8,      70.09,     111.17,       0.00,    13014.3,       1.15,       2.44
    0,    15,     9,     112.77,     131.18,       0.00,    17057.8,       1.21,       2.36
    0,    15,    10,      95.07,     138.08,       0.00,     6485.3,       1.15,       2.26
    0,    15,    11,     101.82,     164.13,       0.00,    10288.9,       1.21,       2.28
    0,    16,     1,       9.00,      14.58,       0.00,     2865.8,       1.18,       2.30
    0,    16,     2,      29.26,      30.85,       0.00,    18150.1,       1.26,       2.27
    0,    16,     3,      43.79,      72.88,       0.00,    10317.7,       1.18,       2.29
    0,    16,     4,      68.47,      72.61,       0.00,    12562.5,       1.13,       2.35
    0,    16,     5,      86.20,      73.93,       0.00,     6599.8,       1.17,       2.35
    0,    16,     6,     136.81,      74.66,       0.00,    10404.0,       1.19,       2.29
    0,    16,     7,     103.70,      78.28,       0.00,    10471.3,       1.16,       2.42
    0,    16,     8,      70.06,     111.11,       0.00,    12969.5,       1.16,       2.39
    0,    16,     9,     112.74,     131.16,       0.00,    16291.2,       1.20,       2.29
    0,    16,    10,      95.02,     138.03,       0.00,     7076.9,       1.21,       2.40
    0,    16,    11,     101.83,     164.09,       0.00,     9871.6,       1.18,       2.25
    0,    17,     1,       9.00,      14.40,       0.00,     3107.0,       1.19,       2.41
    0,    17,     2,      29.24,      30.82,       0.00,    18565.1,       1.26,       2.30
    0,    17,     3,      43.81,      72.91,       0.00,    10568.1,       1.18,       2.23
    0,    17,     4,      68.46,      72.57,       0.00,    12598.5,       1.16,       2.30
    0,    17,     5,      86.14,      73.84,       0.00,     5945.3,       1.15,       2.25
    0,    17,     6,     136.80,      74.70,       0.00,    10406.4,       1.15,       2.35
    0,    17,     7,     103.67,      78.35,       0.00,    10378.3,       1.18,       2.43
    0,    17,     8,      70.07,     111.19,       0.00,    12459.2,       1.16,       2.37
    0,    17,     9,     112.76,     131.14,       0.00,    16063.2,       1.22,       2.28
    0,    17,    10,      95.03,     138.01,       0.00,     7126.8,       1.19,       2.29
    0,    17,    11,     101.86,     164.18,       0.00,    10181.6,       1.22,       2.30
    0,    18,     1,       9.04,      14.49,       0.00,     3189.1,       1.13,       2.38
    0,    18,     2,      29.26,      30.83,       0.00,    17866.4,       1.26,       2.28
    0,    18,     3,      68.44,      72.61,       0.00,    12913.5,       1.16,       2.34
    0,    18,     4,      43.79,      72.87,       0.00,    10098.1,       1.18,       2.25
    0,    18,     5,      86.15,      73.84,       0.00,     6257.2,       1.15,       2.34
    0,    18,     6,     136.80,      74.66,       0.00,    10972.5,       1.17,       2.36
    0,    18,     7,     103.69,      78.27,       0.00,    10422.4,       1.17,       2.41
    0,    18,     8,      70.06,     111.15,       0.00,    13232.0,       1.21,       2.39
    0,    18,     9,     112.75,     131.15,       0.00,    16421.8,       1.20,       2.33
    0,    18,    10,      95.05,     137.99,       0.00,     6764.5,       1.16,       2.28
    0,    18,    11,     101.86,     164.14,       0.00,     9923.8,       1.19,       2.28
    0,    19,     1,       9.04,      14.38,       0.00,     2986.8,       1.18,       2.19
    0,    19,     2,      29.24,      30.82,       0.00,    17991.9,       1.26,       2.27
    0,    19,     3,      68.48,      72.60,       0.00,    12359.6,       1.15,       2.31
    0,    19,     4,      43.78,      72.87,       0.00,    10186.3,       1.20,       2.28
    0,    19,     5,      86.17,      73.87,       0.00,     6326.7,       1.17,       2.33
    0,    19,     6,     136.84,      74.64,       0.00,    10828.2,       1.15,       2.32
    0,    19,     7,     103.68,      78.30,       0.00,    10663.5,       1.21,       2.42
    0,    19,     8,      70.10,     111.21,       0.00,    13571.1,       1.20,       2.36
    0,    19,     9,     112.73,     131.22,       0.00,    16083.4,       1.21,       2.29
    0,    19,    10,      95.07,     137.99,       0.00,     6651.1,       1.12,       2.25
    0,    19,    11,     101.87,     164.17,       0.00,     9541.2,       1.18,       2.26
    0,    20,     1,       8.98,      14.39,       0.00,     2910.9,       1.09,       2.36
    0,    20,     2,      29.26,      30.84,       0.00,    18727.8,       1.27,       2.28
    0,    20,     3,      43.79,      72.90,       0.00,    10258.9,       1.17,       2.37
    0,    20,     4,      68.48,      72.63,       0.00,    12694.0,       1.16,       2.30
    0,    20,     5,      86.20,      73.97,       0.00,     6034.0,       1.14,       2.36
    0,    20,     6,     136.80,      74.61,       0.00,    10828.7,       1.20,       2.30
    0,    20,     7,     103.69,      78.35,       0.00,    10363.5,       1.17,       2.36
    0,    20,     8,      70.08,     111.20,       0.00,    13402.5,       1.17,       2.36
    0,    20,     9,     112.75,     131.14,       0.00,    16450.7,       1.20,       2.31
    0,    20,    10,      95.00,     138.03,       0.00,     7007.1,       1.21,       2.27
    0,    20,    11,     101.86,     164.20,       0.00,     9499.1,       1.17,       2.28
    0,    21,     1,       8.98,      14.39,       0.00,     2647.2,       1.08,       2.34
    0,    21,     2,      29.24,      30.83,       0.00,    18324.9,       1.26,       2.27
    0,    21,     3,      68.47,      72.61,       0.00,    11993.6,       1.14,       2.29
    0,    21,     4,      43.79,      72.89,       0.00,     9149.0,       1.17,       2.19
    0,    21,     5,     136.80,      74.62,       0.00,    10339.1,       1.22,       2.34
    0,    21,     6,      86.14,      73.92,       0.00,     5988.0,       1.13,       2.26
    0,    21,     7,     103.70,      78.26,       0.00,    10015.2,       1.14,       2.38
    0,    21,     8,      70.08,     111.16,       0.00,    13404.9,       1.20,       2.36
    0,    21,     9,     112.75,     131.16,       0.00,    16363.8,       1.20,       2.30
    0,    21,    10,      95.00,     138.07,       0.00,     6915.4,       1.16,       2.25
    0,    21,    11,     101.84,     164.15,       0.00,     9390.0,       1.23,       2.27
    0,    22,     1,       8.95,      14.31,       0.00,     2839.6,       1.15,       2.19
    0,    22,     2,      29.26,      30.85,       0.00,    18322.2,       1.27,       2.25
    0,    22,     3,      68.47,      72.64,       0.00,    12182.0,       1.17,       2.35
    0,    22,     4,      43.82,      72.93,       0.00,     9966.7,       1.21,       2.32
    0,    22,     5,      86.13,      73.92,       0.00,     6152.1,       1.11,       2.37
    0,    22,     6,     136.81,      74.66,       0.00,    10465.8,       1.21,       2.32
    0,    22,     7,     103.70,      78.26,       0.00,    10486.5,       1.19,       2.41
    0,    22,     8,      70.09,     111.17,       0.00,    12606.7,       1.18,       2.29
    0,    22,     9,     112.75,     131.14,       0.00,    16658.2,       1.21,       2.26
    0,    22,    10,      95.03,     137.99,       0.00,     6766.6,       1.18,       2.24
    0,    22,    11,     101.85,     164.17,       0.00,     9715.2,       1.18,       2.16
    0,    23,     1,       9.03,      14.33,       0.00,     3130.5,       1.16,       2.20
    0,    23,     2,      29.26,      30.82,       0.00,    18278.3,       1.25,       2.27
    0,    23,     3,      68.47,      72.67,       0.00,    12506.9,       1.17,       2.30
    0,    23,     4,      43.81,      72.88,       0.00,     9679.0,       1.19,       2.22
    0,    23,     5,      86.18,      73.90,       0.00,     6315.6,       1.18,       2.33
    0,    23,     6,     136.81,      74.66,       0.00,    10283.6,       1.19,       2.30
    0,    23,     7,     103.67,      78.28,       0.00,    10339.7,       1.16,       2.41
    0,    23,     8,      70.08,     111.20,       0.00,    13542.8,       1.17,       2.38
    0,    23,     9,     112.75,     131.12,       0.00,    16518.4,       1.20,       2.31
    0,    23,    10,      95.01,     138.04,       0.00,     6868.2,       1.23,       2.22
    0,    23,    11,     101.83,     164.09,       0.00,     9981.3,       1.22,       2.21
    0,    24,     1,       9.03,      14.28,       0.00,     3079.4,       1.11,       2.22
    0,    24,     2,      29.24,      30.82,       0.00,    17888.0,       1.27,       2.26
    0,    24,     3,      43.79,      72.93,       0.00,     9648.1,       1.15,       2.22
    0,    24,     4,      68.46,      72.61,       0.00,    12605.1,       1.15,       2.35
    0,    24,     5,      86.19,      73.86,       0.00,     6367.3,       1.17,       2.28
    0,    24,     6,     136.81,      74.67,       0.00,    10638.9,       1.17,       2.33
    0,    24,     7,     103.67,      78.30,       0.00,    10481.8,       1.16,       2.41
    0,    24,     8,      70.05,     111.17,       0.00,    13503.5,       1.18,       2.36
    0,    24,     9,     112.74,     131.15,       0.00,    16699.8,       1.22,       2.28
    0,    24,    10,      95.01,     137.94,       0.00,     7036.1,       1.21,       2.29
    0,    24,    11,     101.85,     164.12,       0.00,     9821.6,       1.16,       2.22
    0,    25,     1,       9.00,      14.33,       0.00,     3188.8,       1.12,       2.35
    0,    25,     2,      29.26,      30.80,       0.00,    18101.3,       1.25,       2.27
    0,    25,     3,      68.47,      72.63,       0.00,    12112.8,       1.14,       2.29
    0,    25,     4,      43.79,      72.93,       0.00,     9929.5,       1.19,       2.28
    0,    25,     5,      86.13,      73.86,       0.00,     6483.7,       1.16,       2.27
    0,    25,     6,     136.81,      74.67,       0.00,    10209.6,       1.17,       2.31
    0,    25,     7,     103.66,      78.31,       0.00,    10486.6,       1.15,       2.40
    0,    25,     8,      70.09,     111.17,       0.00,    13149.2,       1.17,       2.36
    0,    25,     9,     112.76,     131.12,       0.00,    16154.4,       1.22,       2.31
    0,    25,    10,      94.99,     138.03,       0.00,     6932.3,       1.19,       2.27
    0,    25,    11,     101.82,     164.09,       0.00,    10785.8,       1.19,       2.27
    0,    26,     1,       8.91,      14.30,       0.00,     2897.8,       1.20,       2.17
    0,    26,     2,      29.25,      30.85,       0.00,    17976.6,       1.25,       2.28
    0,    26,     3,      68.47,      72.64,       0.00,    12480.3,       1.18,       2.31
    0,    26,     4,      43.81,      72.87,       0.00,     9630.4,       1.16,       2.28
    0,    26,     5,      86.13,      73.87,       0.00,     5835.3,       1.16,       2.25
    0,    26,     6,     136.77,      74.64,       0.00,    10137.8,       1.16,       2.33
    0,    26,     7,     103.70,      78.29,       0.00,    10416.8,       1.15,       2.39
    0,    26,     8,      70.08,     111.13,       0.00,    13306.6,       1.15,       2.30
    0,    26,     9,     112.76,     131.14,       0.00,    16493.9,       1.21,       2.32
    0,    26,    10,      95.01,     138.01,       0.00,     7608.4,       1.25,       2.34
    0,    26,    11,     101.88,     164.16,       0.00,     9439.5,       1.15,       2.25
    0,    27,     1,       8.98,      14.23,       0.00,     2913.3,       1.12,       2.28
    0,    27,     2,      29.26,      30.82,       0.00,    18144.1,       1.26,       2.23
    0,    27,     3,      43.82,      72.94,       0.00,    10084.5,       1.21,       2.27
    0,    27,     4,      68.46,      72.54,       0.00,    11989.1,       1.14,       2.30
    0,    27,     5,      86.16,      73.78,       0.00,     6254.6,       1.15,       2.30
    0,    27,     6,     136.83,      74.63,       0.00,    10279.4,       1.20,       2.30
    0,    27,     7,     103.71,      78.29,       0.00,    10722.5,       1.15,       2.50
    0,    27,     8,      70.05,     111.22,       0.00,    13059.2,       1.17,       2.32
    0,    27,     9,     112.75,     131.18,       0.00,    16944.4,       1.20,       2.33
    0,    27,    10,      94.99,     138.06,       0.00,     6952.0,       1.19,       2.28
    0,    27,    11,     101.82,     164.11,       0.00,    10303.4,       1.19,       2.30
    0,    28,     1,       8.99,      14.25,       0.00,     2736.5,       1.13,       2.22
    0,    28,     2,      29.25,      30.84,       0.00,    18168.9,       1.27,       2.28
    0,    28,     3,      68.48,      72.65,       0.00,    12641.5,       1.16,       2.33
    0,    28,     4,      43.78,      72.93,       0.00,     9682.4,       1.20,       2.27
    0,    28,     5,      86.15,      73.84,       0.00,     6233.9,       1.17,       2.33
    0,    28,     6,     136.83,      74.65,       0.00,    10253.0,       1.18,       2.34
    0,    28,     7,     103.66,      78.29,       0.00,    10145.3,       1.14,       2.41
    0,    28,     8,      70.06,     111.17,       0.00,    13055.6,       1.19,       2.39
    0,    28,     9,     112.76,     131.13,       0.00,    16831.1,       1.21,       2.29
    0,    28,    10,      95.01,     137.96,       0.00,     6906.8,       1.17,       2.32
    0,    28,    11,     101.82,     164.19,       0.00,    10706.2,       1.21,       2.31
    0,    29,     1,       8.98,      14.30,       0.00,     3051.3,       1.21,       2.22
    0,    29,     2,      29.23,      30.82,       0.00,    18075.7,       1.25,       2.29
    0,    29,     3,      43.80,      72.89,       0.00,     9943.3,       1.18,       2.24
    0,    29,     4,      68.46,      72.55,       0.00,    12371.9,       1.16,       2.31
    0,    29,     5,      86.11,      73.90,       0.00,     6253.1,       1.17,       2.32
    0,    29,     6,     136.83,      74.63,       0.00,    10304.6,       1.17,       2.28
    0,    29,     7,     103.70,      78.35,       0.00,    10051.9,       1.17,       2.43
    0,    29,     8,      70.06,     111.19,       0.00,    13285.3,       1.20,       2.38
    0,    29,     9,     112.75,     131.17,       0.00,    17046.4,       1.23,       2.35
    0,    29,    10,      95.00,     137.94,       0.00,     6998.1,       1.17,       2.28
    0,    29,    11,     101.84,     164.14,       0.00,    10429.0,       1.20,       2.26
    0,    30,     1,       8.98,      14.45,       0.00,     2783.2,       1.05,       2.35
    0,    30,     2,      29.24,      30.85,       0.00,    18129.4,       1.27,       2.30
    0,    30,     3,      68.44,      72.58,       0.00,    12524.8,       1.16,       2.33
    0,    30,     4,      43.81,      72.83,       0.00,    10144.7,       1.18,       2.30
    0,    30,     5,      86.19,      73.87,       0.00,     6163.6,       1.14,       2.28
    0,    30,     6,     136.82,      74.69,       0.00,    10964.8,       1.20,       2.30
    0,    30,     7,     103.69,      78.37,       0.00,    10137.5,       1.14,       2.40
    0,    30,     8,      70.05,     111.12,       0.00,    13213.1,       1.17,       2.32
    0,    30,     9,     112.77,     131.16,       0.00,    16905.0,       1.23,       2.33
    0,    30,    10,      95.01,     138.03,       0.00,     7092.1,       1.18,       2.24
    0,    30,    11,     101.81,     164.13,       0.00,    10494.5,       1.20,       2.31
    0,    31,     1,       8.94,      14.41,       0.00,     2911.2,       1.14,       2.24
    0,    31,     2,      29.25,      30.82,       0.00,    17892.7,       1.26,       2.28
    0,    31,     3,      68.45,      72.57,       0.00,    12523.8,       1.17,       2.29
    0,    31,     4,      43.80,      72.88,       0.00,    10230.2,       1.15,       2.26
    0,    31,     5,      86.11,      73.85,       0.00,     5948.9,       1.07,       2.37
    0,    31,     6,     136.81,      74.58,       0.00,    10399.7,       1.18,       2.32
    0,    31,     7,     103.68,      78.28,       0.00,    10178.1,       1.13,       2.39
    0,    31,     8,      70.04,     111.21,       0.00,    13184.2,       1.19,       2.38
    0,    31,     9,     112.73,     131.15,       0.00,    16643.4,       1.21,       2.29
    0,    31,    10,      94.99,     138.03,       0.00,     7162.1,       1.19,       2.25
    0,    31,    11,     101.85,     164.10,       0.00,     9683.2,       1.18,       2.32
    0,    32,     1,       9.00,      14.34,       0.00,     2978.7,       1.15,       2.29
    0,    32,     2,      29.24,      30.84,       0.00,    18478.8,       1.26,       2.30
    0,    32,     3,      68.46,      72.58,       0.00,    12581.8,       1.16,       2.28
    0,    32,     4,      43.80,      72.91,       0.00,    10132.8,       1.16,       2.27
    0,    32,     5,      86.13,      73.91,       0.00,     6207.5,       1.16,       2.25
    0,    32,     6,     136.81,      74.67,       0.00,    10916.6,       1.19,       2.33
    0,    32,     7,     103.70,      78.24,       0.00,    10768.9,       1.16,       2.47
    0,    32,     8,      70.06,     111.15,       0.00,    12884.5,       1.16,       2.32
    0,    32,     9,     112.75,     131.18,       0.00,    16304.8,       1.21,       2.31
    0,    32,    10,      95.00,     138.01,       0.00,     7417.1,       1.22,       2.29
    0,    32,    11,     101.84,     164.13,       0.00,    10299.0,       1.21,       2.25
    0,    33,     1,       8.94,      14.36,       0.00,     3129.7,       1.12,       2.26
    0,    33,     2,      29.25,      30.82,       0.00,    17797.0,       1.26,       2.27
    0,    33,     3,      43.79,      72.88,       0.00,    10366.6,       1.17,       2.34
    0,    33,     4,      68.49,      72.63,       0.00,    12394.7,       1.18,       2.33
    0,    33,     5,      86.18,      73.79,       0.00,     5929.1,       1.21,       2.24
    0,    33,     6,     136.81,      74.64,       0.00,    10439.2,       1.19,       2.30
    0,    33,     7,     103.68,      78.29,       0.00,    10701.4,       1.19,       2.44
    0,    33,     8,      70.05,     111.15,       0.00,    13321.9,       1.17,       2.38
    0,    33,     9,     112.74,     131.15,       0.00,    15220.4,       1.22,       2.25
    0,    33,    10,      95.04,     137.96,       0.00,     7031.4,       1.17,       2.27
    0,    33,    11,     101.82,     164.16,       0.00,    10259.0,       1.16,       2.22
    0,    34,     1,       8.93,      14.51,       0.00,     2972.1,       1.07,       2.40
    0,    34,     2,      29.25,      30.85,       0.00,    18575.8,       1.25,       2.30
    0,    34,     3,      68.43,      72.57,       0.00,    11974.1,       1.19,       2.28
    0,    34,     4,      43.81,      72.90,       0.00,     9686.5,       1.17,       2.28
    0,    34,     5,      86.16,      73.86,       0.00,     5878.2,       1.17,       2.24
    0,    34,     6,     136.82,      74.68,       0.00,    10258.0,       1.18,       2.33
    0,    34,     7,     103.67,      78.32,       0.00,    10128.1,       1.17,       2.40
    0,    34,     8,      70.08,     111.15,       0.00,    12875.5,       1.15,       2.35
    0,    34,     9,     112.72,     131.11,       0.00,    16051.8,       1.22,       2.28
    0,    34,    10,      95.00,     137.98,       0.00,     6999.7,       1.16,       2.28
    0,    34,    11,     101.84,     164.17,       0.00,    10115.5,       1.18,       2.25
    0,    35,     1,       9.01,      14.48,       0.00,     2922.6,       1.20,       2.41
    0,    35,     2,      29.23,      30.83,       0.00,    18243.1,       1.24,       2.31
    0,    35,     3,      68.43,      72.56,       0.00,    12269.0,       1.15,       2.27
    0,    35,     4,      43.79,      72.85,       0.00,     9076.0,       1.16,       2.27
    0,    35,     5,      86.12,      73.85,       0.00,     6156.3,       1.15,       2.34
    0,    35,     6,     136.80,      74.64,       0.00,    10090.6,       1.17,       2.26
    0,    35,     7,     103.70,      78.31,       0.00,    10671.7,       1.14,       2.43
    0,    35,     8,      70.06,     111.17,       0.00,    12792.4,       1.17,       2.38
    0,    35,     9,     112.74,     131.13,       0.00,    16488.0,       1.22,       2.34
    0,    35,    10,      95.01,     137.97,       0.00,     6869.9,       1.18,       2.27
    0,    35,    11,     101.84,     164.18,       0.00,    10248.4,       1.22,       2.30
    0,    36,     1,       8.98,      14.38,       0.00,     2849.4,       1.11,       2.14
    0,    36,     2,      29.25,      30.86,       0.00,    18177.2,       1.26,       2.26
    0,    36,     3,      68.42,      72.55,       0.00,    12245.7,       1.13,       2.35
    0,    36,     4,      43.78,      72.87,       0.00,    10219.8,       1.19,       2.23
    0,    36,     5,      86.17,      73.86,       0.00,     6146.2,       1.15,       2.31
    0,    36,     6,     136.80,      74.67,       0.00,    10164.1,       1.16,       2.31
    0,    36,     7,     103.68,      78.33,       0.00,    10329.6,       1.14,       2.43
    0,    36,     8,      70.03,     111.16,       0.00,    13570.4,       1.18,       2.42
    0,    36,     9,     112.76,     131.10,       0.00,    16469.4,       1.19,       2.32
    0,    36,    10,      95.04,     137.99,       0.00,     7102.2,       1.19,       2.33
    0,    36,    11,     101.83,     164.12,       0.00,    10296.6,       1.20,       2.27
    0,    37,     1,       8.98,      14.42,       0.00,     2839.3,       1.11,       2.32
    0,    37,     2,      29.25,      30.84,       0.00,    18024.9,       1.24,       2.27
    0,    37,     3,      68.45,      72.54,       0.00,    12486.8,       1.17,       2.32
    0,    37,     4,      43.77,      72.85,       0.00,    10016.5,       1.18,       2.26
    0,    37,     5,      86.19,      73.94,       0.00,     6042.0,       1.17,       2.22
    0,    37,     6,     136.80,      74.63,       0.00,     9818.5,       1.19,       2.31
    0,    37,     7,     103.69,      78.26,       0.00,    10529.0,       1.14,       2.41
    0,    37,     8,      70.05,     111.14,       0.00,    13448.4,       1.17,       2.37
    0,    37,     9,     112.73,     131.15,       0.00,    16609.6,       1.21,       2.33
    0,    37,    10,      94.98,     137.97,       0.00,     6622.4,       1.22,       2.20
    0,    37,    11,     101.80,     164.12,       0.00,     9564.8,       1.18,       2.23
    0,    38,     1,       8.98,      14.36,       0.00,     3182.8,       1.18,       2.43
    0,    38,     2,      29.26,      30.81,       0.00,    18765.0,       1.27,       2.29
    0,    38,     3,      68.44,      72.60,       0.00,    12164.8,       1.17,       2.31
    0,    38,     4,      43.80,      72.88,       0.00,     9904.2,       1.18,       2.24
    0,    38,     5,      86.16,      73.83,       0.00,     6193.3,       1.14,       2.32
    0,    38,     6,     136.82,      74.62,       0.00,    10123.8,       1.17,       2.32
    0,    38,     7,     103.68,      78.29,       0.00,    10474.9,       1.15,       2.41
    0,    38,     8,      70.06,     111.16,       0.00,    13224.8,       1.20,       2.33
    0,    38,     9,     112.73,     131.16,       0.00,    16067.8,       1.20,       2.30
    0,    38,    10,      95.00,     137.98,       0.00,     7076.7,       1.25,       2.21
    0,    38,    11,     101.84,     164.15,       0.00,    10341.1,       1.18,       2.25
    0,    39,     1,       8.95,      14.47,       0.00,     3240.4,       1.23,       2.32
    0,    39,     2,      29.23,      30.88,       0.00,    18627.9,       1.28,       2.26
    0,    39,     3,      68.43,      72.62,       0.00,    11921.2,       1.13,       2.31
    0,    39,     4,      43.80,      72.94,       0.00,    10042.2,       1.21,       2.28
    0,    39,     5,      86.16,      73.91,       0.00,     6283.7,       1.18,       2.31
    0,    39,     6,     136.80,      74.68,       0.00,    10278.0,       1.20,       2.29
    0,    39,     7,     103.67,      78.33,       0.00,    10047.4,       1.15,       2.42
    0,    39,     8,      70.05,     111.13,       0.00,    13282.7,       1.17,       2.36
    0,    39,     9,     112.74,     131.17,       0.00,    16849.8,       1.22,       2.35
    0,    39,    10,      95.01,     137.96,       0.00,     6952.1,       1.21,       2.28
    0,    39,    11,     101.83,     164.12,       0.00,     9906.6,       1.17,       2.21
    0,    40,     1,       8.89,      14.41,       0.00,     3164.5,       1.23,       2.33
    0,    40,     2,      29.25,      30.85,       0.00,    18564.6,       1.25,       2.27
    0,    40,     3,      68.44,      72.59,       0.00,    12447.7,       1.16,       2.40
    0,    40,     4,      43.80,      72.86,       0.00,    10032.5,       1.18,       2.24
    0,    40,     5,     136.82,      74.67,       0.00,    10107.8,       1.18,       2.31
    0,    40,     6,      86.17,      73.86,       0.00,     6195.0,       1.16,       2.29
    0,    40,     7,     103.68,      78.31,       0.00,    10190.7,       1.14,       2.42
    0,    40,     8,      70.08,     111.20,       0.00,    13687.0,       1.19,       2.37
    0,    40,     9,     112.73,     131.12,       0.00,    15345.7,       1.21,       2.28
    0,    40,    10,      95.03,     137.97,       0.00,     6950.1,       1.19,       2.26
    0,    40,    11,     101.78,     164.13,       0.00,    10148.4,       1.16,       2.30
    0,    41,     1,       8.99,      14.41,       0.00,     3318.3,       1.13,       2.55
    0,    41,     2,      29.25,      30.83,       0.00,    18686.3,       1.29,       2.29
    0,    41,     3,      68.43,      72.56,       0.00,    12355.0,       1.16,       2.28
    0,    41,     4,      43.77,      72.87,       0.00,    10070.7,       1.16,       2.26
    0,    41,     5,      86.13,      73.91,       0.00,     6628.5,       1.12,       2.28
    0,    41,     6,     136.82,      74.67,       0.00,    10011.8,       1.16,       2.32
    0,    41,     7,     103.69,      78.34,       0.00,    10863.4,       1.19,       2.48
    0,    41,     8,      70.04,     111.15,       0.00,    13491.0,       1.17,       2.27
    0,    41,     9,     112.73,     131.14,       0.00,    15415.2,       1.22,       2.24
    0,    41,    10,      95.03,     138.07,       0.00,     7033.7,       1.19,       2.28
    0,    41,    11,     101.84,     164.11,       0.00,    10252.1,       1.20,       2.24
