#stackID(UINT32), frameID(UINT32), eventID(UINT32), x0(float), y0(float), z0(float), photon_count0(float), sigmaX0(float), sigmaY0(float) 
    0,     0,     1,       8.95,      14.37,       0.00,     3249.2,       1.10,       2.64
    0,     0,     2,      29.24,      30.73,       0.00,    22367.9,       1.19,       2.94
    0,     0,     3,      43.77,      72.68,       0.00,    11965.7,       1.10,       2.77
    0,     0,     4,      68.43,      72.46,       0.00,    14976.3,       1.07,       2.84
    0,     0,     5,      86.13,      73.70,       0.00,     8329.9,       1.10,       2.88
    0,     0,     6,     136.78,      74.53,       0.00,    12306.7,       1.08,       2.86
    0,     0,     7,     103.70,      78.24,       0.00,    11747.0,       1.09,       2.99
    0,     0,     8,      70.01,     110.95,       0.00,    15387.3,       1.09,       2.84
    0,     0,     9,     112.71,     131.01,       0.00,    17039.2,       1.15,       2.82
    0,     0,    10,      94.98,     137.81,       0.00,     7769.7,       1.12,       2.86
    0,     0,    11,     101.83,     163.96,       0.00,    12136.7,       1.12,       2.85
    0,     1,     1,       8.96,      14.32,       0.00,     3600.5,       1.12,       3.02
    0,     1,     2,      29.24,      30.66,       0.00,    21457.1,       1.18,       2.87
    0,     1,     3,      43.74,      72.65,       0.00,    11218.3,       1.11,       2.80
    0,     1,     4,      68.41,      72.41,       0.00,    15408.2,       1.10,       2.84
    0,     1,     5,      86.16,      73.75,       0.00,     7538.4,       1.09,       2.76
    0,     1,     6,     136.74,      74.47,       0.00,    11022.6,       1.06,       2.77
    0,     1,     7,     103.68,      78.14,       0.00,    11123.2,       1.08,       2.97
    0,     1,     8,      69.98,     111.04,       0.00,    15614.3,       1.11,       2.84
    0,     1,     9,     112.74,     131.03,       0.00,    16671.1,       1.17,       2.79
    0,     1,    10,      95.00,     137.91,       0.00,     7908.2,       1.09,       2.80
    0,     1,    11,     101.80,     164.10,       0.00,    11980.9,       1.14,       2.79
    0,     2,     1,       8.98,      14.17,       0.00,     3480.9,       1.10,       2.78
    0,     2,     2,      29.23,      30.71,       0.00,    21674.2,       1.19,       2.87
    0,     2,     3,      43.78,      72.72,       0.00,    10954.9,       1.12,       2.80
    0,     2,     4,      68.40,      72.45,       0.00,    14759.6,       1.08,       2.85
    0,     2,     5,      86.17,      73.80,       0.00,     7844.2,       1.08,       2.85
    0,     2,     6,     136.80,      74.45,       0.00,    11681.0,       1.06,       2.78
    0,     2,     7,     103.68,      78.13,       0.00,    11000.4,       1.06,       2.91
    0,     2,     8,      70.00,     111.01,       0.00,    15204.5,       1.12,       2.91
    0,     2,     9,     112.72,     130.99,       0.00,    16917.3,       1.12,       2.77
    0,     2,    10,      94.97,     137.86,       0.00,     7576.4,       1.11,       2.85
    0,     2,    11,     101.82,     163.97,       0.00,    11345.2,       1.07,       2.74
    0,     3,     1,       9.05,      14.27,       0.00,     3591.3,       1.10,       2.96
    0,     3,     2,      29.23,      30.68,       0.00,    21631.5,       1.20,       2.86
    0,     3,     3,      43.79,      72.69,       0.00,    10826.7,       1.08,       2.78
    0,     3,     4,      68.44,      72.52,       0.00,    14533.4,       1.06,       2.77
    0,     3,     5,      86.13,      73.69,       0.00,     7136.7,       1.08,       2.91
    0,     3,     6,     136.78,      74.54,       0.00,    11645.6,       1.08,       2.82
    0,     3,     7,     103.64,      78.21,       0.00,    11237.9,       1.12,       2.94
    0,     3,     8,      70.01,     110.96,       0.00,    15006.8,       1.10,       2.85
    0,     3,     9,     112.70,     131.01,       0.00,    16479.8,       1.12,       2.80
    0,     3,    10,      94.93,     137.83,       0.00,     7449.6,       1.07,       2.76
    0,     3,    11,     101.80,     163.90,       0.00,    11383.8,       1.10,       2.75
    0,     4,     1,       8.99,      14.27,       0.00,     3343.1,       1.02,       2.84
    0,     4,     2,      29.22,      30.59,       0.00,    20126.9,       1.18,       2.83
    0,     4,     3,      43.73,      72.74,       0.00,    10276.3,       1.10,       2.73
    0,     4,     4,      68.41,      72.55,       0.00,    14561.8,       1.10,       2.87
    0,     4,     5,      86.12,      73.84,       0.00,     7344.0,       1.06,       2.84
    0,     4,     6,     136.78,      74.52,       0.00,    11290.8,       1.08,       2.81
    0,     4,     7,     103.67,      78.21,       0.00,    10594.5,       1.08,       2.92
    0,     4,     8,      70.01,     110.96,       0.00,    14755.8,       1.06,       2.84
    0,     4,     9,     112.72,     130.97,       0.00,    16232.6,       1.13,       2.79
    0,     4,    10,      95.01,     137.87,       0.00,     7754.2,       1.10,       2.78
    0,     4,    11,     101.86,     163.92,       0.00,    11770.8,       1.09,       2.80
    0,     5,     1,       9.03,      14.31,       0.00,     3423.3,       1.09,       2.81
    0,     5,     2,      29.23,      30.65,       0.00,    20422.8,       1.14,       2.88
    0,     5,     3,      43.78,      72.69,       0.00,    10521.4,       1.09,       2.71
    0,     5,     4,      68.41,      72.46,       0.00,    14352.7,       1.06,       2.81
    0,     5,     5,      86.09,      73.65,       0.00,     7489.6,       1.09,       2.80
    0,     5,     6,     136.79,      74.53,       0.00,    11301.5,       1.08,       2.85
    0,     5,     7,     103.65,      78.14,       0.00,    10946.1,       1.10,       2.97
    0,     5,     8,      70.00,     111.05,       0.00,    15068.6,       1.10,       2.84
    0,     5,     9,     112.71,     130.98,       0.00,    16563.7,       1.12,       2.79
    0,     5,    10,      94.98,     137.88,       0.00,     7809.4,       1.11,       2.80
    0,     5,    11,     101.78,     164.02,       0.00,    11623.7,       1.12,       2.80
    0,     6,     1,       8.99,      14.19,       0.00,     3422.0,       1.10,       2.97
    0,     6,     2,      29.23,      30.64,       0.00,    20559.4,       1.16,       2.86
    0,     6,     3,      68.44,      72.44,       0.00,    14696.1,       1.10,       2.87
    0,     6,     4,      43.80,      72.67,       0.00,    10856.1,       1.08,       2.74
    0,     6,     5,      86.14,      73.72,       0.00,     7460.9,       1.10,       2.87
    0,     6,     6,     136.79,      74.48,       0.00,    11356.7,       1.09,       2.75
    0,     6,     7,     103.66,      78.21,       0.00,    10750.9,       1.06,       2.94
    0,     6,     8,      70.01,     111.03,       0.00,    14954.0,       1.08,       2.82
    0,     6,     9,     112.72,     130.91,       0.00,    16477.4,       1.13,       2.78
    0,     6,    10,      94.96,     137.78,       0.00,     7593.6,       1.09,       2.80
    0,     6,    11,     101.79,     164.05,       0.00,    11476.6,       1.11,       2.79
    0,     7,     1,       8.96,      14.29,       0.00,     3581.1,       1.13,       2.89
    0,     7,     2,      29.24,      30.66,       0.00,    20554.2,       1.17,       2.88
    0,     7,     3,      68.43,      72.50,       0.00,    14702.8,       1.09,       2.90
    0,     7,     4,      43.79,      72.69,       0.00,    11079.4,       1.08,       2.78
    0,     7,     5,      86.11,      73.74,       0.00,     7602.4,       1.07,       2.83
    0,     7,     6,     136.78,      74.49,       0.00,    11543.1,       1.11,       2.85
    0,     7,     7,     103.68,      78.12,       0.00,    11179.0,       1.04,       2.99
    0,     7,     8,      70.03,     111.04,       0.00,    14893.6,       1.10,       2.89
    0,     7,     9,     112.70,     130.93,       0.00,    16518.1,       1.12,       2.81
    0,     7,    10,      94.98,     137.80,       0.00,     7824.3,       1.06,       2.74
    0,     7,    11,     101.80,     164.05,       0.00,    10612.2,       1.07,       2.74
    0,     8,     1,       8.92,      14.33,       0.00,     3088.8,       1.00,       2.73
    0,     8,     2,      29.24,      30.70,       0.00,    21130.6,       1.18,       2.91
    0,     8,     3,      43.74,      72.61,       0.00,    10866.8,       1.07,       2.74
    0,     8,     4,      68.45,      72.48,       0.00,    14569.3,       1.10,       2.86
    0,     8,     5,      86.15,      73.69,       0.00,     7749.6,       1.10,       2.93
    0,     8,     6,     136.78,      74.51,       0.00,    11721.5,       1.12,       2.82
    0,     8,     7,     103.67,      78.19,       0.00,    11312.3,       1.10,       2.97
    0,     8,     8,      70.01,     111.01,       0.00,    14601.4,       1.09,       2.84
    0,     8,     9,     112.72,     130.90,       0.00,    16469.4,       1.12,       2.79
    0,     8,    10,      95.00,     137.77,       0.00,     8007.0,       1.12,       2.80
    0,     8,    11,     101.81,     163.99,       0.00,    11982.3,       1.12,       2.80
    0,     9,     1,       9.02,      14.25,       0.00,     3447.7,       1.11,       2.90
    0,     9,     2,      29.23,      30.65,       0.00,    20465.4,       1.16,       2.81
    0,     9,     3,      68.43,      72.46,       0.00,    14562.2,       1.06,       2.84
    0,     9,     4,      43.79,      72.70,       0.00,    10613.0,       1.08,       2.72
    0,     9,     5,      86.14,      73.73,       0.00,     7539.5,       1.10,       2.94
    0,     9,     6,     136.78,      74.49,       0.00,    11739.2,       1.10,       2.80
    0,     9,     7,     103.66,      78.22,       0.00,    11020.4,       1.08,       2.95
    0,     9,     8,      70.00,     111.02,       0.00,    14465.0,       1.09,       2.88
    0,     9,     9,     112.71,     130.91,       0.00,    16375.0,       1.14,       2.80
    0,     9,    10,      94.97,     137.72,       0.00,     7531.6,       1.12,       2.78
    0,     9,    11,     101.80,     163.98,       0.00,    11536.3,       1.12,       2.83
    0,    10,     1,       8.97,      14.11,       0.00,     3568.5,       1.07,       2.77
    0,    10,     2,      29.22,      30.66,       0.00,    21152.0,       1.17,       2.88
    0,    10,     3,      43.79,      72.74,       0.00,    10698.3,       1.10,       2.80
    0,    10,     4,      68.41,      72.43,       0.00,    14685.2,       1.11,       2.86
    0,    10,     5,      86.13,      73.75,       0.00,     7680.6,       1.09,       2.87
    0,    10,     6,     136.78,      74.51,       0.00,    11584.4,       1.11,       2.82
    0,    10,     7,     103.68,      78.15,       0.00,    10523.7,       1.08,       3.01
    0,    10,     8,      70.01,     110.95,       0.00,    14786.5,       1.11,       2.86
    0,    10,     9,     112.72,     130.96,       0.00,    15440.3,       1.12,       2.70
    0,    10,    10,      94.97,     137.66,       0.00,     7473.2,       1.06,       2.75
    0,    10,    11,     101.81,     164.00,       0.00,    11733.3,       1.13,       2.75
    0,    11,     1,       8.96,      14.20,       0.00,     3512.4,       1.04,       2.87
    0,    11,     2,      29.24,      30.71,       0.00,    20460.1,       1.19,       2.83
    0,    11,     3,      68.41,      72.38,       0.00,    14396.4,       1.06,       2.87
    0,    11,     4,      43.77,      72.70,       0.00,    10908.0,       1.09,       2.73
    0,    11,     5,      86.17,      73.76,       0.00,     7193.2,       1.06,       2.86
    0,    11,     6,     136.78,      74.48,       0.00,    10995.1,       1.07,       2.73
    0,    11,     7,     103.67,      78.24,       0.00,    10507.0,       1.08,       2.93
    0,    11,     8,      70.00,     111.02,       0.00,    14386.5,       1.10,       2.90
    0,    11,     9,     112.72,     130.94,       0.00,    15988.2,       1.16,       2.79
    0,    11,    10,      95.02,     137.74,       0.00,     7972.8,       1.10,       2.91
    0,    11,    11,     101.84,     163.98,       0.00,    11379.7,       1.09,       2.75
    0,    12,     1,       8.96,      14.28,       0.00,     3394.6,       1.04,       2.79
    0,    12,     2,      29.24,      30.67,       0.00,    21003.1,       1.17,       2.90
    0,    12,     3,      43.74,      72.57,       0.00,    10041.0,       1.07,       2.72
    0,    12,     4,      68.42,      72.45,       0.00,    13815.7,       1.07,       2.90
    0,    12,     5,      86.14,      73.76,       0.00,     7214.2,       1.03,       2.85
    0,    12,     6,     136.75,      74.57,       0.00,    11771.9,       1.09,       2.88
    0,    12,     7,     103.67,      78.22,       0.00,    10933.2,       1.08,       2.94
    0,    12,     8,      70.03,     110.98,       0.00,    14796.6,       1.09,       2.92
    0,    12,     9,     112.75,     130.94,       0.00,    16470.6,       1.15,       2.82
    0,    12,    10,      94.99,     137.74,       0.00,     7404.4,       1.07,       2.76
    0,    12,    11,     101.82,     164.02,       0.00,    11550.7,       1.06,       2.83
    0,    13,     1,       9.01,      14.30,       0.00,     3849.5,       1.06,       2.84
    0,    13,     2,      29.23,      30.70,       0.00,    20233.8,       1.16,       2.81
    0,    13,     3,      43.77,      72.74,       0.00,    10654.7,       1.08,       2.80
    0,    13,     4,      68.41,      72.42,       0.00,    14597.9,       1.09,       2.88
    0,    13,     5,      86.15,      73.67,       0.00,     7072.2,       1.03,       2.85
    0,    13,     6,     136.76,      74.50,       0.00,    11345.5,       1.09,       2.84
    0,    13,     7,     103.66,      78.15,       0.00,    10332.6,       1.07,       2.88
    0,    13,     8,      70.03,     110.98,       0.00,    15385.4,       1.10,       2.85
    0,    13,     9,     112.71,     130.95,       0.00,    15958.3,       1.13,       2.78
    0,    13,    10,      94.99,     137.79,       0.00,     7377.1,       1.11,       2.78
    0,    13,    11,     101.82,     164.00,       0.00,    10696.1,       1.09,       2.83
    0,    14,     1,       8.97,      14.41,       0.00,     3627.2,       1.08,       2.96
    0,    14,     2,      29.25,      30.63,       0.00,    20510.3,       1.17,       2.88
    0,    14,     3,      68.43,      72.42,       0.00,    14532.2,       1.09,       2.88
    0,    14,     4,      43.76,      72.66,       0.00,    10952.4,       1.09,       2.75
    0,    14,     5,      86.11,      73.74,       0.00,     7464.3,       1.04,       2.88
    0,    14,     6,     136.81,      74.47,       0.00,    11826.2,       1.10,       2.87
    0,    14,     7,     103.64,      78.17,       0.00,    10938.1,       1.09,       3.04
    0,    14,     8,      70.04,     111.03,       0.00,    14503.3,       1.07,       2.89
    0,    14,     9,     112.70,     130.96,       0.00,    15742.4,       1.10,       2.78
    0,    14,    10,      94.97,     137.78,       0.00,     8027.6,       1.10,       2.90
    0,    14,    11,     101.82,     163.98,       0.00,    11106.3,       1.12,       2.75
    0,    15,     1,       8.94,      14.28,       0.00,     3482.0,       1.10,       2.75
    0,    15,     2,      29.23,      30.67,       0.00,    20304.6,       1.17,       2.90
    0,    15,     3,      43.79,      72.67,       0.00,    11222.1,       1.06,       2.78
    0,    15,     4,      68.43,      72.44,       0.00,    14700.8,       1.08,       2.92
    0,    15,     5,      86.12,      73.77,       0.00,     7297.7,       1.09,       2.94
    0,    15,     6,     136.79,      74.45,       0.00,    11449.5,       1.10,       2.79
    0,    15,     7,     103.65,      78.08,       0.00,    11002.8,       1.10,       2.98
    0,    15,     8,      70.04,     110.99,       0.00,    14835.0,       1.10,       2.89
    0,    15,     9,     112.71,     130.96,       0.00,    16383.8,       1.12,       2.80
    0,    15,    10,      94.97,     137.72,       0.00,     7816.5,       1.06,       2.78
    0,    15,    11,     101.83,     163.96,       0.00,    11061.5,       1.08,       2.78
    0,    16,     1,       9.01,      14.36,       0.00,     3421.4,       1.06,       2.81
    0,    16,     2,      29.24,      30.66,       0.00,    20666.5,       1.17,       2.85
    0,    16,     3,      43.75,      72.59,       0.00,    10844.0,       1.07,       2.76
    0,    16,     4,      68.43,      72.44,       0.00,    14289.2,       1.06,       2.88
    0,    16,     5,      86.15,      73.75,       0.00,     7473.5,       1.08,       2.91
    0,    16,     6,     136.75,      74.41,       0.00,    10363.6,       1.07,       2.79
    0,    16,     7,     103.64,      78.07,       0.00,    10646.3,       1.08,       2.94
    0,    16,     8,      70.01,     111.01,       0.00,    14366.3,       1.08,       2.86
    0,    16,     9,     112.71,     130.99,       0.00,    15890.1,       1.12,       2.75
    0,    16,    10,      95.00,     137.81,       0.00,     7711.3,       1.08,       2.85
    0,    16,    11,     101.81,     163.95,       0.00,    10782.4,       1.07,       2.82
    0,    17,     1,       8.94,      14.33,       0.00,     3469.7,       1.11,       2.91
    0,    17,     2,      29.25,      30.62,       0.00,    20245.4,       1.16,       2.85
    0,    17,     3,      68.41,      72.45,       0.00,    14945.0,       1.10,       2.91
    0,    17,     4,      43.77,      72.65,       0.00,    10962.7,       1.07,       2.79
    0,    17,     5,      86.14,      73.64,       0.00,     7313.1,       1.10,       2.85
    0,    17,     6,     136.78,      74.52,       0.00,    10871.3,       1.09,       2.93
    0,    17,     7,     103.69,      78.19,       0.00,    10694.9,       1.07,       2.97
    0,    17,     8,      70.02,     110.94,       0.00,    14275.6,       1.10,       2.86
    0,    17,     9,     112.70,     130.91,       0.00,    17209.5,       1.13,       2.83
    0,    17,    10,      94.93,     137.75,       0.00,     7718.2,       1.13,       2.89
    0,    17,    11,     101.82,     164.02,       0.00,    11074.1,       1.08,       2.81
    0,    18,     1,       8.99,      14.48,       0.00,     3414.9,       1.04,       2.80
    0,    18,     2,      29.24,      30.67,       0.00,    20353.5,       1.17,       2.83
    0,    18,     3,      43.76,      72.63,       0.00,    10945.1,       1.08,       2.80
    0,    18,     4,      68.41,      72.45,       0.00,    14394.3,       1.09,       2.89
    0,    18,     5,      86.12,      73.66,       0.00,     7172.9,       1.08,       2.89
    0,    18,     6,     136.77,      74.49,       0.00,    11481.9,       1.11,       2.87
    0,    18,     7,     103.67,      78.18,       0.00,    10293.5,       1.08,       2.85
    0,    18,     8,      70.00,     111.00,       0.00,    14283.0,       1.11,       2.80
    0,    18,     9,     112.71,     130.99,       0.00,    16316.9,       1.13,       2.78
    0,    18,    10,      94.97,     137.72,       0.00,     7014.7,       1.09,       2.76
    0,    18,    11,     101.80,     163.91,       0.00,    11734.9,       1.12,       2.81
    0,    19,     1,       8.93,      14.24,       0.00,     3383.4,       1.10,       2.82
    0,    19,     2,      29.24,      30.64,       0.00,    21079.7,       1.19,       2.89
    0,    19,     3,      68.41,      72.48,       0.00,    14021.0,       1.07,       2.94
    0,    19,     4,      43.78,      72.73,       0.00,    10591.4,       1.08,       2.79
    0,    19,     5,      86.12,      73.68,       0.00,     7231.9,       1.08,       3.02
    0,    19,     6,     136.78,      74.50,       0.00,    11403.6,       1.09,       2.82
    0,    19,     7,     103.68,      78.24,       0.00,    11100.2,       1.05,       2.93
    0,    19,     8,      70.02,     111.00,       0.00,    14116.5,       1.11,       2.83
    0,    19,     9,     112.70,     131.03,       0.00,    17289.5,       1.13,       2.84
    0,    19,    10,      94.93,     137.70,       0.00,     7415.9,       1.11,       2.81
    0,    19,    11,     101.84,     163.94,       0.00,    11320.5,       1.09,       2.82
    0,    20,     1,       9.04,      14.32,       0.00,     3274.3,       1.03,       2.75
    0,    20,     2,      29.23,      30.68,       0.00,    21320.3,       1.20,       2.86
    0,    20,     3,      43.77,      72.69,       0.00,    10563.7,       1.09,       2.79
    0,    20,     4,      68.41,      72.40,       0.00,    13817.4,       1.08,       2.86
    0,    20,     5,      86.13,      73.74,       0.00,     7036.4,       1.04,       2.86
    0,    20,     6,     136.77,      74.51,       0.00,    11403.3,       1.10,       2.84
    0,    20,     7,     103.70,      78.22,       0.00,    11558.5,       1.06,       3.01
    0,    20,     8,      70.02,     110.97,       0.00,    13830.4,       1.10,       2.89
    0,    20,     9,     112.69,     130.97,       0.00,    16978.7,       1.13,       2.78
    0,    20,    10,      94.94,     137.77,       0.00,     7128.6,       1.07,       2.72
    0,    20,    11,     101.80,     164.01,       0.00,    11672.3,       1.11,       2.79
    0,    21,     1,       8.96,      14.25,       0.00,     3443.1,       1.12,       2.86
    0,    21,     2,      29.23,      30.63,       0.00,    20806.0,       1.18,       2.91
    0,    21,     3,      68.44,      72.42,       0.00,    14633.3,       1.09,       2.87
    0,    21,     4,      43.76,      72.68,       0.00,    10570.3,       1.06,       2.75
    0,    21,     5,      86.14,      73.64,       0.00,     7172.0,       1.07,       2.93
    0,    21,     6,     136.78,      74.56,       0.00,    11311.1,       1.10,       2.85
    0,    21,     7,     103.68,      78.09,       0.00,    10891.5,       1.07,       2.99
    0,    21,     8,      70.03,     110.94,       0.00,    14480.9,       1.09,       2.89
    0,    21,     9,     112.72,     130.94,       0.00,    16944.6,       1.12,       2.81
    0,    21,    10,      95.00,     137.73,       0.00,     7265.9,       1.09,       2.76
    0,    21,    11,     101.78,     164.03,       0.00,    11099.4,       1.07,       2.83
    0,    22,     1,       8.95,      14.25,       0.00,     3711.9,       1.13,       3.05
    0,    22,     2,      29.21,      30.70,       0.00,    20529.2,       1.17,       2.89
    0,    22,     3,      68.42,      72.39,       0.00,    13655.2,       1.07,       2.84
    0,    22,     4,      43.76,      72.72,       0.00,    11218.8,       1.08,       2.76
    0,    22,     5,      86.12,      73.64,       0.00,     6713.0,       1.08,       2.78
    0,    22,     6,     136.80,      74.56,       0.00,    11042.0,       1.07,       2.86
    0,    22,     7,     103.68,      78.12,       0.00,    11137.0,       1.08,       2.93
    0,    22,     8,      70.04,     111.04,       0.00,    14642.3,       1.09,       2.93
    0,    22,     9,     112.69,     130.98,       0.00,    16044.1,       1.13,       2.76
    0,    22,    10,      94.99,     137.80,       0.00,     7703.8,       1.12,       2.90
    0,    22,    11,     101.80,     164.00,       0.00,    11318.6,       1.13,       2.84
    0,    23,     1,       8.94,      14.28,       0.00,     3187.8,       1.00,       2.86
    0,    23,     2,      29.22,      30.67,       0.00,    21012.0,       1.19,       2.88
    0,    23,     3,      43.76,      72.62,       0.00,    10804.6,       1.10,       2.79
    0,    23,     4,      68.44,      72.55,       0.00,    14638.2,       1.10,       2.90
    0,    23,     5,      86.14,      73.70,       0.00,     7238.2,       1.04,       2.89
    0,    23,     6,     136.79,      74.53,       0.00,    11026.1,       1.13,       2.89
    0,    23,     7,     103.65,      78.26,       0.00,    11397.0,       1.11,       2.94
    0,    23,     8,      70.03,     110.99,       0.00,    14555.3,       1.10,       2.89
    0,    23,     9,     112.72,     130.95,       0.00,    17052.4,       1.13,       2.80
    0,    23,    10,      94.99,     137.84,       0.00,     7719.9,       1.09,       2.81
    0,    23,    11,     101.78,     164.04,       0.00,    10567.5,       1.09,       2.78
    0,    24,     1,       9.00,      14.23,       0.00,     3327.1,       1.01,       2.62
    0,    24,     2,      29.24,      30.65,       0.00,    20613.5,       1.16,       2.85
    0,    24,     3,      43.79,      72.61,       0.00,    10496.3,       1.11,       2.81
    0,    24,     4,      68.40,      72.48,       0.00,    14167.8,       1.09,       2.82
    0,    24,     5,      86.13,      73.60,       0.00,     7206.1,       1.07,       2.84
    0,    24,     6,     136.78,      74.54,       0.00,    11432.0,       1.10,       2.85
    0,    24,     7,     103.70,      78.12,       0.00,    11107.9,       1.08,       2.98
    0,    24,     8,      70.03,     110.94,       0.00,    14817.7,       1.11,       2.95
    0,    24,     9,     112.69,     130.95,       0.00,    17039.1,       1.12,       2.85
    0,    24,    10,      95.02,     137.80,       0.00,     7428.6,       1.13,       2.80
    0,    24,    11,     101.80,     164.01,       0.00,    10643.6,       1.07,       2.76
    0,    25,     1,       9.01,      14.25,       0.00,     3631.5,       1.17,       2.95
    0,    25,     2,      29.25,      30.66,       0.00,    20727.8,       1.18,       2.86
    0,    25,     3,      43.78,      72.74,       0.00,    11270.9,       1.10,       2.81
    0,    25,     4,      68.39,      72.46,       0.00,    14085.0,       1.09,       2.84
    0,    25,     5,      86.16,      73.71,       0.00,     7086.2,       1.06,       2.87
    0,    25,     6,     136.77,      74.39,       0.00,    10855.4,       1.09,       2.84
    0,    25,     7,     103.68,      78.27,       0.00,    10938.6,       1.08,       2.93
    0,    25,     8,      70.03,     110.97,       0.00,    15059.4,       1.08,       2.97
    0,    25,     9,     112.70,     130.94,       0.00,    15989.9,       1.12,       2.82
    0,    25,    10,      94.98,     137.81,       0.00,     7731.0,       1.09,       2.87
    0,    25,    11,     101.79,     163.94,       0.00,    11060.3,       1.06,       2.74
    0,    26,     1,       8.92,      14.22,       0.00,     3120.9,       1.09,       2.79
    0,    26,     2,      29.23,      30.62,       0.00,    20738.9,       1.18,       2.90
    0,    26,     3,      68.44,      72.47,       0.00,    14178.2,       1.07,       2.87
    0,    26,     4,      43.75,      72.61,       0.00,    10390.0,       1.10,       2.81
    0,    26,     5,      86.09,      73.69,       0.00,     7057.9,       1.06,       2.97
    0,    26,     6,     136.79,      74.43,       0.00,    11487.9,       1.10,       2.85
    0,    26,     7,     103.69,      78.15,       0.00,    11738.2,       1.08,       3.02
    0,    26,     8,      69.99,     110.93,       0.00,    14657.0,       1.10,       2.89
    0,    26,     9,     112.70,     130.94,       0.00,    16184.4,       1.11,       2.85
    0,    26,    10,      94.97,     137.75,       0.00,     7609.4,       1.06,       2.87
    0,    26,    11,     101.78,     163.88,       0.00,    10959.5,       1.10,       2.78
    0,    27,     1,       8.99,      14.46,       0.00,     3338.3,       1.04,       2.97
    0,    27,     2,      29.21,      30.62,       0.00,    21233.2,       1.16,       2.94
    0,    27,     3,      43.75,      72.66,       0.00,    10683.9,       1.08,       2.73
    0,    27,     4,      68.42,      72.46,       0.00,    14145.7,       1.06,       2.89
    0,    27,     5,      86.16,      73.68,       0.00,     7088.6,       1.08,       2.93
    0,    27,     6,     136.81,      74.58,       0.00,    11431.4,       1.08,       2.87
    0,    27,     7,     103.69,      78.21,       0.00,    11127.0,       1.07,       2.91
    0,    27,     8,      70.02,     111.05,       0.00,    14165.5,       1.09,       2.94
    0,    27,     9,     112.71,     130.92,       0.00,    16419.8,       1.11,       2.80
    0,    27,    10,      95.01,     137.74,       0.00,     7385.8,       1.07,       2.81
    0,    27,    11,     101.79,     163.98,       0.00,    10887.4,       1.10,       2.81
    0,    28,     1,       8.89,      14.12,       0.00,     3286.0,       1.05,       2.77
    0,    28,     2,      29.24,      30.70,       0.00,    20611.1,       1.15,       2.86
    0,    28,     3,      43.75,      72.72,       0.00,    10482.4,       1.09,       2.84
    0,    28,     4,      68.41,      72.49,       0.00,    14483.2,       1.07,       2.90
    0,    28,     5,      86.14,      73.71,       0.00,     7023.6,       1.10,       2.90
    0,    28,     6,     136.77,      74.51,       0.00,    11207.3,       1.07,       2.85
    0,    28,     7,     103.68,      78.10,       0.00,    11547.3,       1.09,       2.96
    0,    28,     8,      70.00,     111.00,       0.00,    13925.4,       1.07,       2.86
    0,    28,     9,     112.70,     130.88,       0.00,    15690.5,       1.11,       2.78
    0,    28,    10,      95.01,     137.80,       0.00,     7923.9,       1.08,       2.87
    0,    28,    11,     101.79,     163.94,       0.00,    10664.6,       1.11,       2.79
    0,    29,     1,       9.00,      14.20,       0.00,     3165.5,       1.06,       2.85
    0,    29,     2,      29.23,      30.67,       0.00,    20975.3,       1.18,       2.90
    0,    29,     3,      68.44,      72.43,       0.00,    14660.4,       1.09,       2.92
    0,    29,     4,      43.74,      72.61,       0.00,    10068.2,       1.07,       2.75
    0,    29,     5,      86.13,      73.72,       0.00,     7009.3,       1.07,       2.92
    0,    29,     6,     136.79,      74.49,       0.00,    11082.6,       1.10,       2.83
    0,    29,     7,     103.66,      78.13,       0.00,    10979.5,       1.06,       2.94
    0,    29,     8,      70.01,     111.03,       0.00,    14298.6,       1.09,       2.90
    0,    29,     9,     112.71,     130.97,       0.00,    16106.4,       1.11,       2.84
    0,    29,    10,      95.00,     137.75,       0.00,     7306.8,       1.06,       2.82
    0,    29,    11,     101.80,     163.99,       0.00,    11591.9,       1.12,       2.83
    0,    30,     1,       8.92,      14.20,       0.00,     3553.6,       1.08,       2.95
    0,    30,     2,      29.22,      30.62,       0.00,    20210.1,       1.15,       2.89
    0,    30,     3,      43.77,      72.62,       0.00,    10667.3,       1.09,       2.76
    0,    30,     4,      68.42,      72.43,       0.00,    14296.1,       1.09,       2.86
    0,    30,     5,      86.12,      73.73,       0.00,     7176.4,       1.10,       2.93
    0,    30,     6,     136.79,      74.46,       0.00,    11746.1,       1.11,       2.91
    0,    30,     7,     103.68,      78.21,       0.00,    11422.4,       1.08,       2.95
    0,    30,     8,      70.00,     110.91,       0.00,    13766.5,       1.09,       2.86
    0,    30,     9,     112.71,     130.97,       0.00,    15855.1,       1.13,       2.81
    0,    30,    10,      95.00,     137.71,       0.00,     7098.1,       1.10,       2.81
    0,    30,    11,     101.80,     164.03,       0.00,    11515.6,       1.09,       2.81
    0,    31,     1,       8.93,      14.25,       0.00,     3440.0,       1.06,       2.94
    0,    31,     2,      29.24,      30.69,       0.00,    20856.5,       1.17,       2.90
    0,    31,     3,      68.43,      72.43,       0.00,    14462.6,       1.09,       2.94
    0,    31,     4,      43.76,      72.72,       0.00,    11206.4,       1.08,       2.89
    0,    31,     5,      86.17,      73.62,       0.00,     7070.3,       1.10,       2.94
    0,    31,     6,     136.79,      74.46,       0.00,    11666.7,       1.09,       2.91
    0,    31,     7,     103.66,      78.16,       0.00,    11528.4,       1.08,       3.02
    0,    31,     8,      70.01,     110.97,       0.00,    14067.1,       1.10,       2.90
    0,    31,     9,     112.72,     130.92,       0.00,    16259.9,       1.12,       2.76
    0,    31,    10,      95.01,     137.79,       0.00,     7729.1,       1.13,       2.93
    0,    31,    11,     101.81,     163.96,       0.00,    10218.6,       1.07,       2.81
    0,    32,     1,       8.97,      14.27,       0.00,     3626.7,       1.07,       2.93
    0,    32,     2,      29.24,      30.68,       0.00,    20888.3,       1.16,       2.89
    0,    32,     3,      68.42,      72.42,       0.00,    14651.1,       1.07,       2.94
    0,    32,     4,      43.75,      72.69,       0.00,    11495.2,       1.12,       2.83
    0,    32,     5,      86.11,      73.67,       0.00,     6393.3,       1.08,       2.80
    0,    32,     6,     136.80,      74.56,       0.00,    11692.8,       1.09,       2.91
    0,    32,     7,     103.68,      78.22,       0.00,    11125.3,       1.08,       2.97
    0,    32,     8,      70.01,     110.96,       0.00,    14403.1,       1.09,       2.90
    0,    32,     9,     112.72,     130.96,       0.00,    16942.8,       1.13,       2.93
    0,    32,    10,      94.95,     137.79,       0.00,     7349.3,       1.10,       2.87
    0,    32,    11,     101.81,     163.94,       0.00,    10955.0,       1.10,       2.80
    0,    33,     1,       8.94,      14.28,       0.00,     3376.2,       1.06,       3.03
    0,    33,     2,      29.24,      30.67,       0.00,    21310.6,       1.18,       2.88
    0,    33,     3,      43.78,      72.69,       0.00,    10292.6,       1.07,       2.80
    0,    33,     4,      68.42,      72.40,       0.00,    14658.0,       1.07,       2.90
    0,    33,     5,      86.17,      73.81,       0.00,     7185.7,       1.10,       2.92
    0,    33,     6,     136.80,      74.49,       0.00,    10952.2,       1.09,       2.85
    0,    33,     7,     103.71,      78.20,       0.00,    11208.2,       1.04,       2.95
    0,    33,     8,      70.03,     110.98,       0.00,    14138.4,       1.07,       2.87
    0,    33,     9,     112.70,     130.93,       0.00,    16685.4,       1.15,       2.86
    0,    33,    10,      94.97,     137.81,       0.00,     7371.3,       1.11,       2.81
    0,    33,    11,     101.78,     163.92,       0.00,    10951.8,       1.09,       2.75
    0,    34,     1,       8.91,      14.28,       0.00,     3604.3,       1.06,       2.91
    0,    34,     2,      29.23,      30.64,       0.00,    20642.2,       1.15,       2.90
    0,    34,     3,      68.43,      72.43,       0.00,    14608.9,       1.10,       2.90
    0,    34,     4,      43.77,      72.59,       0.00,    10379.7,       1.07,       2.80
    0,    34,     5,      86.13,      73.62,       0.00,     7307.9,       1.10,       2.93
    0,    34,     6,     136.78,      74.47,       0.00,    10832.0,       1.08,       2.90
    0,    34,     7,     103.68,      78.16,       0.00,    11799.5,       1.10,       3.02
    0,    34,     8,      70.01,     111.00,       0.00,    14390.1,       1.11,       2.92
    0,    34,     9,     112.69,     130.93,       0.00,    15949.2,       1.11,       2.78
    0,    34,    10,      95.00,     137.77,       0.00,     7553.3,       1.12,       2.87
    0,    34,    11,     101.78,     163.91,       0.00,    11112.0,       1.07,       2.83
    0,    35,     1,       8.97,      14.25,       0.00,     3470.7,       1.07,       2.82
    0,    35,     2,      29.24,      30.71,       0.00,    21372.1,       1.19,       2.89
    0,    35,     3,      68.44,      72.47,       0.00,    14347.7,       1.10,       2.92
    0,    35,     4,      43.78,      72.66,       0.00,    10003.3,       1.07,       2.82
    0,    35,     5,      86.12,      73.75,       0.00,     7229.9,       1.05,       2.97
    0,    35,     6,     136.79,      74.49,       0.00,    11914.1,       1.08,       2.89
    0,    35,     7,     103.64,      78.14,       0.00,    11485.3,       1.08,       3.05
    0,    35,     8,      70.00,     110.98,       0.00,    14435.0,       1.08,       2.93
    0,    35,     9,     112.69,     130.96,       0.00,    16149.0,       1.12,       2.81
    0,    35,    10,      94.98,     137.85,       0.00,     7113.1,       1.05,       2.79
    0,    35,    11,     101.82,     164.03,       0.00,    10823.3,       1.13,       2.82
    0,    36,     1,       9.01,      14.30,       0.00,     3369.3,       1.10,       2.87
    0,    36,     2,      29.22,      30.63,       0.00,    20703.9,       1.17,       2.91
    0,    36,     3,      68.43,      72.42,       0.00,    14844.8,       1.08,       2.95
    0,    36,     4,      43.80,      72.71,       0.00,    10065.8,       1.08,       2.81
    0,    36,     5,      86.14,      73.68,       0.00,     7273.5,       1.04,       2.93
    0,    36,     6,     136.76,      74.49,       0.00,    11348.2,       1.08,       2.75
    0,    36,     7,     103.68,      78.13,       0.00,    11080.2,       1.08,       3.00
    0,    36,     8,      70.01,     111.04,       0.00,    13986.8,       1.08,       2.86
    0,    36,     9,     112.71,     131.02,       0.00,    16809.7,       1.12,       2.84
    0,    36,    10,      95.00,     137.85,       0.00,     7067.5,       1.09,       2.84
    0,    36,    11,     101.82,     163.89,       0.00,    11247.7,       1.10,       2.84
    0,    37,     1,       8.93,      14.45,       0.00,     3304.4,       1.06,       2.99
    0,    37,     2,      29.23,      30.61,       0.00,    20443.1,       1.16,       2.87
    0,    37,     3,      43.75,      72.64,       0.00,    10956.9,       1.07,       2.78
    0,    37,     4,      68.42,      72.46,       0.00,    14244.3,       1.07,       2.89
    0,    37,     5,      86.13,      73.71,       0.00,     7267.3,       1.10,       2.99
    0,    37,     6,     136.79,      74.46,       0.00,    11417.5,       1.09,       2.88
    0,    37,     7,     103.66,      78.24,       0.00,    10845.1,       1.10,       2.95
    0,    37,     8,      70.01,     110.98,       0.00,    14473.4,       1.12,       2.93
    0,    37,     9,     112.70,     130.93,       0.00,    16620.6,       1.13,       2.83
    0,    37,    10,      95.00,     137.81,       0.00,     6888.1,       1.06,       2.79
    0,    37,    11,     101.80,     163.94,       0.00,    10692.1,       1.07,       2.73
    0,    38,     1,       8.98,      14.32,       0.00,     3736.0,       1.11,       3.01
    0,    38,     2,      29.23,      30.68,       0.00,    21227.0,       1.16,       2.91
    0,    38,     3,      43.75,      72.67,       0.00,    10670.8,       1.07,       2.79
    0,    38,     4,      68.44,      72.47,       0.00,    14373.3,       1.07,       2.93
    0,    38,     5,      86.11,      73.66,       0.00,     6818.6,       1.08,       2.83
    0,    38,     6,     136.78,      74.45,       0.00,    11532.3,       1.08,       2.83
    0,    38,     7,     103.68,      78.13,       0.00,    11504.5,       1.12,       2.96
    0,    38,     8,      70.03,     110.98,       0.00,    14398.0,       1.09,       2.87
    0,    38,     9,     112.70,     130.98,       0.00,    16885.9,       1.13,       2.83
    0,    38,    10,      94.97,     137.78,       0.00,     7198.9,       1.09,       2.90
    0,    38,    11,     101.83,     163.99,       0.00,    11570.6,       1.08,       2.78
    0,    39,     1,       8.99,      14.30,       0.00,     3395.2,       1.14,       2.83
    0,    39,     2,      29.26,      30.66,       0.00,    20903.0,       1.16,       2.91
    0,    39,     3,      43.75,      72.65,       0.00,    10667.4,       1.11,       2.84
    0,    39,     4,      68.43,      72.47,       0.00,    14770.6,       1.08,       2.92
    0,    39,     5,      86.15,      73.78,       0.00,     7123.9,       1.07,       2.91
    0,    39,     6,     136.79,      74.60,       0.00,    11888.8,       1.08,       2.95
    0,    39,     7,     103.70,      78.23,       0.00,    11272.9,       1.09,       2.96
    0,    39,     8,      70.02,     110.96,       0.00,    14111.3,       1.11,       2.91
    0,    39,     9,     112.70,     130.98,       0.00,    16488.4,       1.15,       2.82
    0,    39,    10,      94.99,     137.73,       0.00,     6931.8,       1.10,       2.81
    0,    39,    11,     101.81,     164.00,       0.00,    11570.0,       1.11,       2.88
    0,    40,     1,       8.99,      14.30,       0.00,     3395.2,       1.14,       2.83
    0,    40,     2,      29.26,      30.66,       0.00,    20903.0,       1.16,       2.91
    0,    40,     3,      43.75,      72.65,       0.00,    10667.4,       1.11,       2.84
    0,    40,     4,      68.43,      72.47,       0.00,    14770.6,       1.08,       2.92
    0,    40,     5,      86.15,      73.78,       0.00,     7123.9,       1.07,       2.91
    0,    40,     6,     136.79,      74.60,       0.00,    11888.8,       1.08,       2.95
    0,    40,     7,     103.70,      78.23,       0.00,    11272.9,       1.09,       2.96
    0,    40,     8,      70.02,     110.96,       0.00,    14111.3,       1.11,       2.91
    0,    40,     9,     112.70,     130.98,       0.00,    16488.4,       1.15,       2.82
    0,    40,    10,      94.99,     137.73,       0.00,     6931.8,       1.10,       2.81
    0,    40,    11,     101.81,     164.00,       0.00,    11570.0,       1.11,       2.88
