#stackID(UINT32), frameID(UINT32), eventID(UINT32), x0(float), y0(float), z0(float), photon_count0(float), sigmaX0(float), sigmaY0(float) 
    0,     0,     1,       9.00,      14.58,       0.00,     3274.1,       1.26,       2.17
    0,     0,     2,      29.27,      30.90,       0.00,    20223.7,       1.37,       2.09
    0,     0,     3,      43.84,      72.91,       0.00,     9823.4,       1.30,       2.01
    0,     0,     4,      68.48,      72.75,       0.00,    13950.2,       1.25,       2.23
    0,     0,     5,      86.20,      73.94,       0.00,     6894.4,       1.15,       2.07
    0,     0,     6,     136.80,      74.72,       0.00,    10729.5,       1.24,       2.13
    0,     0,     7,     103.67,      78.32,       0.00,    11390.7,       1.23,       2.17
    0,     0,     8,      70.07,     111.27,       0.00,    15258.9,       1.26,       2.19
    0,     0,     9,     112.76,     131.20,       0.00,    16782.4,       1.28,       2.13
    0,     0,    10,      95.05,     138.06,       0.00,     7567.9,       1.27,       2.12
    0,     0,    11,     101.85,     164.26,       0.00,    13087.8,       1.31,       2.12
    0,     1,     1,       8.98,      14.50,       0.00,     3234.6,       1.29,       2.27
    0,     1,     2,      29.26,      30.94,       0.00,    20597.6,       1.39,       2.10
    0,     1,     3,      68.51,      72.73,       0.00,    13436.3,       1.24,       2.15
    0,     1,     4,      43.82,      72.93,       0.00,     9721.6,       1.27,       2.07
    0,     1,     5,      86.20,      73.88,       0.00,     7335.1,       1.24,       2.16
    0,     1,     6,     136.82,      74.79,       0.00,    10676.4,       1.24,       2.15
    0,     1,     7,     103.69,      78.32,       0.00,    12240.8,       1.24,       2.24
    0,     1,     8,      70.07,     111.26,       0.00,    14286.0,       1.25,       2.16
    0,     1,     9,     112.77,     131.18,       0.00,    17043.5,       1.29,       2.12
    0,     1,    10,      95.09,     138.09,       0.00,     7424.2,       1.29,       2.10
    0,     1,    11,     101.85,     164.17,       0.00,    11828.8,       1.29,       2.08
    0,     2,     1,       8.98,      14.45,       0.00,     2946.3,       1.22,       2.12
    0,     2,     2,      29.25,      30.94,       0.00,    19749.3,       1.36,       2.08
    0,     2,     3,      43.79,      72.93,       0.00,     9307.1,       1.26,       2.03
    0,     2,     4,      68.50,      72.74,       0.00,    13686.9,       1.26,       2.13
    0,     2,     5,      86.12,      73.84,       0.00,     7144.1,       1.21,       2.17
    0,     2,     6,     136.85,      74.76,       0.00,    10383.0,       1.23,       2.08
    0,     2,     7,     103.68,      78.37,       0.00,    12245.2,       1.22,       2.27
    0,     2,     8,      70.07,     111.26,       0.00,    14150.9,       1.23,       2.17
    0,     2,     9,     112.78,     131.16,       0.00,    17041.7,       1.28,       2.13
    0,     2,    10,      95.02,     138.06,       0.00,     7590.6,       1.23,       2.10
    0,     2,    11,     101.83,     164.23,       0.00,    11236.7,       1.30,       2.08
    0,     3,     1,       8.93,      14.45,       0.00,     2975.3,       1.26,       2.06
    0,     3,     2,      29.24,      30.90,       0.00,    20091.7,       1.38,       2.12
    0,     3,     3,      68.49,      72.72,       0.00,    12957.2,       1.22,       2.08
    0,     3,     4,      43.81,      72.93,       0.00,     9642.5,       1.30,       2.02
    0,     3,     5,      86.22,      73.96,       0.00,     7763.0,       1.23,       2.08
    0,     3,     6,     136.82,      74.73,       0.00,    10673.0,       1.27,       2.08
    0,     3,     7,     103.68,      78.36,       0.00,    11053.2,       1.20,       2.21
    0,     3,     8,      70.04,     111.19,       0.00,    13771.5,       1.23,       2.14
    0,     3,     9,     112.79,     131.15,       0.00,    16433.9,       1.28,       2.12
    0,     3,    10,      95.05,     138.03,       0.00,     7032.0,       1.22,       2.09
    0,     3,    11,     101.87,     164.26,       0.00,    10963.9,       1.31,       2.10
    0,     4,     1,       8.95,      14.54,       0.00,     3196.2,       1.27,       2.28
    0,     4,     2,      29.25,      30.92,       0.00,    19892.4,       1.38,       2.10
    0,     4,     3,      43.85,      72.96,       0.00,     9713.6,       1.27,       2.07
    0,     4,     4,      68.48,      72.73,       0.00,    13204.7,       1.26,       2.20
    0,     4,     5,      86.19,      73.86,       0.00,     7561.5,       1.23,       2.21
    0,     4,     6,     136.82,      74.75,       0.00,    10740.7,       1.26,       2.09
    0,     4,     7,     103.68,      78.34,       0.00,    11598.0,       1.24,       2.21
    0,     4,     8,      70.06,     111.28,       0.00,    14165.6,       1.25,       2.20
    0,     4,     9,     112.79,     131.22,       0.00,    16793.7,       1.30,       2.11
    0,     4,    10,      95.08,     138.17,       0.00,     6988.5,       1.20,       2.06
    0,     4,    11,     101.84,     164.26,       0.00,    10284.8,       1.24,       2.04
    0,     5,     1,       9.00,      14.43,       0.00,     2892.8,       1.28,       2.11
    0,     5,     2,      29.27,      30.91,       0.00,    19574.4,       1.34,       2.11
    0,     5,     3,      43.83,      72.95,       0.00,     9905.9,       1.25,       2.05
    0,     5,     4,      68.51,      72.69,       0.00,    12841.9,       1.22,       2.13
    0,     5,     5,      86.19,      73.94,       0.00,     7378.2,       1.24,       2.14
    0,     5,     6,     136.84,      74.72,       0.00,    10686.4,       1.23,       2.10
    0,     5,     7,     103.70,      78.33,       0.00,    11488.7,       1.20,       2.20
    0,     5,     8,      70.08,     111.30,       0.00,    13682.1,       1.20,       2.15
    0,     5,     9,      13.73,     128.01,       0.00,      843.9,       1.26,       2.06
    0,     5,    10,     112.79,     131.17,       0.00,    16477.8,       1.31,       2.10
    0,     5,    11,      95.05,     138.06,       0.00,     7144.7,       1.22,       2.07
    0,     5,    12,     101.83,     164.18,       0.00,    10220.1,       1.26,       1.95
    0,     6,     1,       9.01,      14.35,       0.00,     2861.9,       1.22,       2.11
    0,     6,     2,      29.27,      30.92,       0.00,    19495.2,       1.37,       2.08
    0,     6,     3,      43.83,      72.89,       0.00,     9851.4,       1.28,       2.11
    0,     6,     4,      68.50,      72.75,       0.00,    13110.3,       1.27,       2.15
    0,     6,     5,      86.16,      73.87,       0.00,     7119.3,       1.21,       2.16
    0,     6,     6,     136.80,      74.76,       0.00,    10843.7,       1.30,       2.11
    0,     6,     7,     103.66,      78.39,       0.00,    11658.0,       1.24,       2.22
    0,     6,     8,      70.06,     111.28,       0.00,    14175.0,       1.25,       2.19
    0,     6,     9,     112.76,     131.17,       0.00,    16519.6,       1.28,       2.11
    0,     6,    10,      95.05,     138.08,       0.00,     7404.1,       1.30,       2.14
    0,     6,    11,     101.88,     164.28,       0.00,    10012.5,       1.28,       2.05
    0,     7,     1,       8.97,      14.50,       0.00,     3107.1,       1.15,       2.24
    0,     7,     2,      29.26,      30.88,       0.00,    19738.6,       1.38,       2.10
    0,     7,     3,      68.51,      72.70,       0.00,    12802.6,       1.24,       2.15
    0,     7,     4,      43.81,      72.97,       0.00,     9780.5,       1.29,       2.04
    0,     7,     5,      86.16,      73.96,       0.00,     7131.2,       1.20,       2.16
    0,     7,     6,     136.84,      74.69,       0.00,    10610.9,       1.23,       2.09
    0,     7,     7,     103.67,      78.35,       0.00,    11157.9,       1.22,       2.24
    0,     7,     8,      70.03,     111.25,       0.00,    13822.5,       1.23,       2.16
    0,     7,     9,     112.79,     131.22,       0.00,    16143.6,       1.27,       2.12
    0,     7,    10,      95.08,     138.07,       0.00,     7232.4,       1.28,       2.08
    0,     7,    11,     101.87,     164.31,       0.00,    11488.8,       1.28,       2.17
    0,     8,     1,       8.95,      14.37,       0.00,     2888.8,       1.21,       2.22
    0,     8,     2,      29.24,      30.93,       0.00,    19322.5,       1.35,       2.14
    0,     8,     3,      43.80,      72.95,       0.00,     9222.5,       1.30,       2.00
    0,     8,     4,      68.49,      72.72,       0.00,    12546.5,       1.22,       2.11
    0,     8,     5,      86.21,      73.96,       0.00,     6859.0,       1.22,       2.10
    0,     8,     6,     136.82,      74.71,       0.00,    10662.5,       1.27,       2.05
    0,     8,     7,     103.65,      78.33,       0.00,    11406.3,       1.22,       2.18
    0,     8,     8,      70.05,     111.25,       0.00,    13879.1,       1.23,       2.14
    0,     8,     9,     112.78,     131.20,       0.00,    16259.8,       1.29,       2.12
    0,     8,    10,      95.03,     138.07,       0.00,     6778.9,       1.28,       2.01
    0,     8,    11,     101.86,     164.20,       0.00,    10868.6,       1.26,       2.01
    0,     9,     1,       9.00,      14.38,       0.00,     3395.9,       1.27,       2.15
    0,     9,     2,      29.25,      30.91,       0.00,    19231.2,       1.38,       2.11
    0,     9,     3,      43.83,      72.95,       0.00,     8722.4,       1.24,       2.03
    0,     9,     4,      68.53,      72.74,       0.00,    12857.2,       1.24,       2.12
    0,     9,     5,      86.16,      73.96,       0.00,     6580.0,       1.20,       2.06
    0,     9,     6,     136.83,      74.69,       0.00,    10126.7,       1.26,       2.06
    0,     9,     7,     103.71,      78.37,       0.00,    10518.3,       1.21,       2.21
    0,     9,     8,      70.05,     111.31,       0.00,    13720.9,       1.28,       2.17
    0,     9,     9,     112.79,     131.18,       0.00,    15674.4,       1.27,       2.04
    0,     9,    10,      95.04,     138.04,       0.00,     7395.2,       1.23,       2.07
    0,     9,    11,     101.85,     164.20,       0.00,    11092.6,       1.26,       2.02
    0,    10,     1,       9.00,      14.36,       0.00,     2853.8,       1.26,       1.99
    0,    10,     2,      29.26,      30.93,       0.00,    19370.0,       1.35,       2.10
    0,    10,     3,      43.80,      72.86,       0.00,     8772.6,       1.27,       2.00
    0,    10,     4,      68.49,      72.74,       0.00,    12781.7,       1.23,       2.11
    0,    10,     5,      86.15,      73.99,       0.00,     7016.2,       1.23,       2.10
    0,    10,     6,     136.79,      74.67,       0.00,    10457.4,       1.25,       2.12
    0,    10,     7,     103.71,      78.39,       0.00,    10343.7,       1.18,       2.20
    0,    10,     8,      70.03,     111.28,       0.00,    14157.8,       1.26,       2.18
    0,    10,     9,     112.76,     131.17,       0.00,    15745.6,       1.26,       2.07
    0,    10,    10,      95.06,     138.07,       0.00,     7345.6,       1.26,       2.08
    0,    10,    11,     101.85,     164.24,       0.00,    10574.9,       1.29,       2.05
    0,    11,     1,       8.97,      14.47,       0.00,     3094.7,       1.30,       2.10
    0,    11,     2,      29.23,      30.92,       0.00,    20263.4,       1.36,       2.13
    0,    11,     3,      68.48,      72.74,       0.00,    13264.0,       1.27,       2.19
    0,    11,     4,      43.84,      72.99,       0.00,    10147.0,       1.32,       2.06
    0,    11,     5,      86.19,      73.86,       0.00,     6575.5,       1.15,       2.04
    0,    11,     6,     136.83,      74.71,       0.00,    10550.4,       1.27,       2.13
    0,    11,     7,     103.69,      78.36,       0.00,    10352.7,       1.19,       2.18
    0,    11,     8,      70.06,     111.28,       0.00,    13695.9,       1.25,       2.21
    0,    11,     9,     112.78,     131.21,       0.00,    16196.2,       1.28,       2.13
    0,    11,    10,      95.09,     138.10,       0.00,     7278.9,       1.25,       2.21
    0,    11,    11,     101.86,     164.20,       0.00,    11449.0,       1.29,       2.07
    0,    12,     1,       8.98,      14.49,       0.00,     2856.6,       1.23,       2.01
    0,    12,     2,      29.23,      30.90,       0.00,    19802.5,       1.35,       2.12
    0,    12,     3,      68.48,      72.67,       0.00,    12451.8,       1.23,       2.08
    0,    12,     4,      43.81,      72.92,       0.00,     9224.1,       1.30,       2.01
    0,    12,     5,      86.14,      73.94,       0.00,     7342.6,       1.22,       2.22
    0,    12,     6,     136.84,      74.73,       0.00,    10783.3,       1.24,       2.09
    0,    12,     7,     103.70,      78.42,       0.00,    10298.8,       1.22,       2.20
    0,    12,     8,      70.06,     111.27,       0.00,    13532.1,       1.27,       2.18
    0,    12,     9,     112.78,     131.20,       0.00,    16218.2,       1.29,       2.09
    0,    12,    10,      95.05,     138.03,       0.00,     6742.5,       1.27,       2.03
    0,    12,    11,     101.85,     164.20,       0.00,    10279.3,       1.27,       2.04
    0,    13,     1,       8.93,      14.33,       0.00,     2676.3,       1.18,       2.15
    0,    13,     2,      29.23,      30.91,       0.00,    19071.3,       1.36,       2.09
    0,    13,     3,      68.49,      72.70,       0.00,    12930.8,       1.24,       2.14
    0,    13,     4,      43.82,      72.94,       0.00,     9039.3,       1.28,       2.04
    0,    13,     5,      86.20,      74.04,       0.00,     6599.1,       1.21,       2.05
    0,    13,     6,     136.86,      74.70,       0.00,    10186.2,       1.27,       2.04
    0,    13,     7,     103.69,      78.42,       0.00,    10117.0,       1.24,       2.12
    0,    13,     8,      70.07,     111.24,       0.00,    13235.7,       1.22,       2.12
    0,    13,     9,     112.79,     131.24,       0.00,    15851.1,       1.25,       2.08
    0,    13,    10,      95.05,     138.03,       0.00,     6960.1,       1.21,       2.07
    0,    13,    11,     101.88,     164.20,       0.00,    10975.3,       1.29,       2.09
    0,    14,     1,       8.93,      14.53,       0.00,     3250.4,       1.26,       2.17
    0,    14,     2,      29.24,      30.90,       0.00,    19277.7,       1.38,       2.10
    0,    14,     3,      43.83,      72.96,       0.00,     9580.5,       1.26,       2.13
    0,    14,     4,      68.49,      72.73,       0.00,    13389.3,       1.22,       2.17
    0,    14,     5,      86.14,      73.90,       0.00,     6981.2,       1.26,       2.10
    0,    14,     6,     136.83,      74.71,       0.00,    10741.4,       1.26,       2.06
    0,    14,     7,     103.72,      78.38,       0.00,    10173.9,       1.23,       2.20
    0,    14,     8,      70.03,     111.32,       0.00,    13914.3,       1.27,       2.23
    0,    14,     9,     112.75,     131.20,       0.00,    15946.8,       1.27,       2.07
    0,    14,    10,      95.07,     138.05,       0.00,     7029.0,       1.27,       2.03
    0,    14,    11,     101.89,     164.14,       0.00,    10706.1,       1.27,       2.11
    0,    15,     1,       8.98,      14.51,       0.00,     3051.6,       1.38,       2.24
    0,    15,     2,      29.23,      30.87,       0.00,    19649.3,       1.37,       2.11
    0,    15,     3,      43.78,      72.92,       0.00,     9601.3,       1.28,       1.99
    0,    15,     4,      68.52,      72.70,       0.00,    12581.2,       1.27,       2.09
    0,    15,     5,      86.18,      73.80,       0.00,     7020.9,       1.22,       2.10
    0,    15,     6,     136.81,      74.71,       0.00,    10576.1,       1.22,       2.08
    0,    15,     7,     103.72,      78.43,       0.00,    10337.3,       1.22,       2.19
    0,    15,     8,      70.07,     111.22,       0.00,    13850.0,       1.26,       2.12
    0,    15,     9,     112.78,     131.19,       0.00,    16028.2,       1.27,       2.10
    0,    15,    10,      95.09,     138.09,       0.00,     6985.9,       1.25,       2.02
    0,    15,    11,     101.89,     164.22,       0.00,    10944.6,       1.28,       2.07
    0,    16,     1,       8.96,      14.46,       0.00,     2900.7,       1.18,       2.09
    0,    16,     2,      29.25,      30.88,       0.00,    19604.4,       1.40,       2.11
    0,    16,     3,      43.78,      72.94,       0.00,     9415.7,       1.28,       1.94
    0,    16,     4,      68.52,      72.72,       0.00,    12983.7,       1.26,       2.15
    0,    16,     5,      86.16,      73.90,       0.00,     6826.5,       1.28,       2.03
    0,    16,     6,     136.82,      74.72,       0.00,    10790.6,       1.28,       2.12
    0,    16,     7,     103.70,      78.35,       0.00,    10126.1,       1.19,       2.24
    0,    16,     8,      70.07,     111.25,       0.00,    13817.8,       1.23,       2.20
    0,    16,     9,     112.79,     131.19,       0.00,    15799.0,       1.26,       2.11
    0,    16,    10,      95.08,     138.11,       0.00,     7273.7,       1.28,       2.14
    0,    16,    11,     101.84,     164.21,       0.00,    10071.0,       1.29,       2.04
    0,    17,     1,       8.99,      14.24,       0.00,     3090.2,       1.19,       2.05
    0,    17,     2,      29.22,      30.91,       0.00,    19519.8,       1.37,       2.12
    0,    17,     3,      43.79,      72.90,       0.00,     9494.1,       1.27,       2.06
    0,    17,     4,      68.50,      72.69,       0.00,    12615.1,       1.23,       2.13
    0,    17,     5,      86.17,      73.90,       0.00,     7122.7,       1.25,       2.09
    0,    17,     6,     136.83,      74.74,       0.00,    11022.3,       1.29,       2.10
    0,    17,     7,     103.70,      78.34,       0.00,    10455.6,       1.25,       2.20
    0,    17,     8,      70.05,     111.24,       0.00,    14018.0,       1.24,       2.19
    0,    17,     9,     112.79,     131.19,       0.00,    15508.3,       1.27,       2.09
    0,    17,    10,      95.07,     138.04,       0.00,     6816.8,       1.22,       2.10
    0,    17,    11,     101.86,     164.25,       0.00,    10530.5,       1.25,       2.07
    0,    18,     1,       9.03,      14.50,       0.00,     3038.8,       1.24,       2.17
    0,    18,     2,      29.24,      30.93,       0.00,    19460.0,       1.36,       2.12
    0,    18,     3,      43.82,      72.89,       0.00,     9029.8,       1.30,       2.04
    0,    18,     4,      68.50,      72.73,       0.00,    12911.7,       1.27,       2.14
    0,    18,     5,      86.17,      73.92,       0.00,     6859.5,       1.24,       2.10
    0,    18,     6,     136.81,      74.70,       0.00,    10365.8,       1.25,       2.08
    0,    18,     7,     103.69,      78.36,       0.00,     9779.2,       1.16,       2.18
    0,    18,     8,      70.06,     111.29,       0.00,    13550.7,       1.23,       2.19
    0,    18,     9,     112.77,     131.20,       0.00,    16085.0,       1.28,       2.11
    0,    18,    10,      95.07,     138.03,       0.00,     7239.0,       1.33,       2.04
    0,    18,    11,     101.86,     164.26,       0.00,    10426.7,       1.24,       2.09
    0,    19,     1,       9.01,      14.42,       0.00,     2976.7,       1.20,       1.98
    0,    19,     2,      29.24,      30.90,       0.00,    19410.9,       1.36,       2.10
    0,    19,     3,      68.53,      72.70,       0.00,    12412.1,       1.23,       2.15
    0,    19,     4,      43.80,      72.89,       0.00,     9038.6,       1.28,       2.03
    0,    19,     5,      86.18,      73.93,       0.00,     6721.9,       1.26,       2.11
    0,    19,     6,     136.83,      74.73,       0.00,    10305.9,       1.23,       2.11
    0,    19,     7,     103.71,      78.37,       0.00,    10324.3,       1.25,       2.23
    0,    19,     8,      70.03,     111.26,       0.00,    12958.2,       1.25,       2.15
    0,    19,     9,     112.76,     131.16,       0.00,    15875.4,       1.28,       2.11
    0,    19,    10,      95.13,     138.05,       0.00,     7085.0,       1.24,       2.11
    0,    19,    11,     101.85,     164.24,       0.00,    10541.2,       1.28,       2.04
    0,    20,     1,       8.92,      14.42,       0.00,     2754.6,       1.15,       2.12
    0,    20,     2,      29.24,      30.90,       0.00,    18743.7,       1.37,       2.09
    0,    20,     3,      43.80,      72.89,       0.00,     8898.6,       1.26,       2.04
    0,    20,     4,      68.49,      72.68,       0.00,    12460.7,       1.23,       2.13
    0,    20,     5,      86.18,      73.95,       0.00,     6691.4,       1.21,       2.08
    0,    20,     6,     136.80,      74.71,       0.00,    10159.7,       1.26,       2.05
    0,    20,     7,     103.70,      78.29,       0.00,    10285.5,       1.19,       2.20
    0,    20,     8,      70.05,     111.27,       0.00,    13564.5,       1.21,       2.19
    0,    20,     9,     112.77,     131.19,       0.00,    15471.7,       1.29,       2.04
    0,    20,    10,      95.06,     138.07,       0.00,     6705.6,       1.21,       2.08
    0,    20,    11,     101.85,     164.25,       0.00,    11120.4,       1.28,       2.07
    0,    21,     1,       8.97,      14.48,       0.00,     3314.7,       1.30,       2.20
    0,    21,     2,      29.22,      30.90,       0.00,    19180.3,       1.36,       2.10
    0,    21,     3,      68.48,      72.70,       0.00,    12077.0,       1.21,       2.08
    0,    21,     4,      43.82,      72.96,       0.00,     8734.0,       1.31,       2.02
    0,    21,     5,     136.81,      74.71,       0.00,    10537.8,       1.28,       2.08
    0,    21,     6,      86.17,      73.94,       0.00,     6596.1,       1.23,       2.01
    0,    21,     7,     103.68,      78.40,       0.00,     9936.9,       1.17,       2.23
    0,    21,     8,      70.06,     111.26,       0.00,    13596.9,       1.21,       2.18
    0,    21,     9,     112.78,     131.22,       0.00,    16077.1,       1.29,       2.08
    0,    21,    10,      95.07,     138.08,       0.00,     6472.3,       1.28,       2.04
    0,    21,    11,     101.82,     164.27,       0.00,    10717.7,       1.29,       2.09
    0,    22,     1,       8.98,      14.49,       0.00,     3087.5,       1.23,       2.17
    0,    22,     2,      29.25,      30.90,       0.00,    19338.6,       1.33,       2.12
    0,    22,     3,      68.51,      72.73,       0.00,    12499.5,       1.20,       2.12
    0,    22,     4,      43.82,      72.91,       0.00,     9191.5,       1.30,       2.04
    0,    22,     5,      86.21,      73.97,       0.00,     6636.5,       1.22,       2.08
    0,    22,     6,     136.82,      74.77,       0.00,    10552.6,       1.26,       2.12
    0,    22,     7,     103.72,      78.34,       0.00,    10359.9,       1.23,       2.20
    0,    22,     8,      70.05,     111.30,       0.00,    13044.4,       1.25,       2.19
    0,    22,     9,     112.75,     131.25,       0.00,    16127.2,       1.30,       2.14
    0,    22,    10,      95.09,     138.09,       0.00,     6550.1,       1.26,       2.10
    0,    22,    11,     101.85,     164.16,       0.00,    10794.5,       1.29,       2.07
    0,    23,     1,       9.04,      14.42,       0.00,     2722.9,       1.24,       2.04
    0,    23,     2,      29.24,      30.90,       0.00,    19761.9,       1.36,       2.12
    0,    23,     3,      43.81,      72.95,       0.00,     9309.3,       1.27,       1.97
    0,    23,     4,      68.51,      72.68,       0.00,    12762.9,       1.24,       2.12
    0,    23,     5,      86.18,      73.93,       0.00,     6919.8,       1.24,       2.14
    0,    23,     6,     136.79,      74.74,       0.00,    10278.8,       1.26,       2.10
    0,    23,     7,     103.68,      78.37,       0.00,    10092.5,       1.21,       2.17
    0,    23,     8,      70.08,     111.30,       0.00,    13731.3,       1.29,       2.15
    0,    23,     9,     112.76,     131.22,       0.00,    16670.8,       1.29,       2.11
    0,    23,    10,      95.06,     138.05,       0.00,     6316.7,       1.29,       2.06
    0,    23,    11,     101.85,     164.19,       0.00,    10807.1,       1.26,       2.05
    0,    24,     1,       9.00,      14.30,       0.00,     2793.6,       1.19,       1.99
    0,    24,     2,      29.24,      30.91,       0.00,    19565.5,       1.38,       2.08
    0,    24,     3,      43.86,      72.90,       0.00,     9217.6,       1.32,       1.98
    0,    24,     4,      68.47,      72.73,       0.00,    12443.9,       1.24,       2.13
    0,    24,     5,      86.22,      73.95,       0.00,     6624.8,       1.21,       2.03
    0,    24,     6,     136.81,      74.69,       0.00,    10165.8,       1.25,       2.04
    0,    24,     7,     103.70,      78.34,       0.00,    10052.5,       1.22,       2.21
    0,    24,     8,      70.07,     111.26,       0.00,    13255.3,       1.24,       2.12
    0,    24,     9,     112.78,     131.24,       0.00,    16086.4,       1.29,       2.10
    0,    24,    10,      95.05,     138.04,       0.00,     6755.7,       1.26,       2.15
    0,    24,    11,     101.87,     164.23,       0.00,    10581.8,       1.27,       2.05
    0,    25,     1,       9.01,      14.37,       0.00,     3080.3,       1.17,       2.20
    0,    25,     2,      29.25,      30.92,       0.00,    19658.2,       1.38,       2.12
    0,    25,     3,      68.50,      72.72,       0.00,    12566.1,       1.24,       2.18
    0,    25,     4,      43.80,      72.94,       0.00,     8908.9,       1.26,       2.00
    0,    25,     5,      86.20,      73.96,       0.00,     6420.7,       1.20,       2.13
    0,    25,     6,     136.81,      74.71,       0.00,    10335.7,       1.26,       2.08
    0,    25,     7,     103.67,      78.38,       0.00,     9847.1,       1.17,       2.19
    0,    25,     8,      70.04,     111.25,       0.00,    13671.1,       1.28,       2.16
    0,    25,     9,     112.78,     131.26,       0.00,    16014.0,       1.30,       2.11
    0,    25,    10,      95.08,     138.07,       0.00,     6759.8,       1.25,       2.07
    0,    25,    11,     101.85,     164.17,       0.00,    10967.8,       1.28,       2.04
    0,    26,     1,       9.01,      14.44,       0.00,     3242.7,       1.29,       2.15
    0,    26,     2,      29.21,      30.90,       0.00,    19282.9,       1.34,       2.11
    0,    26,     3,      68.51,      72.72,       0.00,    12357.3,       1.24,       2.14
    0,    26,     4,      43.80,      72.96,       0.00,     9164.0,       1.24,       1.99
    0,    26,     5,      86.19,      73.90,       0.00,     6553.6,       1.20,       2.04
    0,    26,     6,     136.81,      74.71,       0.00,    10250.8,       1.23,       2.04
    0,    26,     7,     103.75,      78.42,       0.00,    10160.3,       1.21,       2.24
    0,    26,     8,      70.08,     111.24,       0.00,    13164.0,       1.24,       2.18
    0,    26,     9,     112.80,     131.24,       0.00,    16609.2,       1.32,       2.13
    0,    26,    10,      95.05,     138.07,       0.00,     6777.1,       1.28,       2.09
    0,    26,    11,     101.86,     164.18,       0.00,    11208.4,       1.27,       2.10
    0,    27,     1,       8.99,      14.37,       0.00,     2804.5,       1.24,       2.04
    0,    27,     2,      29.26,      30.90,       0.00,    18833.9,       1.36,       2.07
    0,    27,     3,      68.49,      72.73,       0.00,    12636.4,       1.24,       2.13
    0,    27,     4,      43.80,      72.93,       0.00,     9032.4,       1.28,       2.08
    0,    27,     5,      86.21,      73.94,       0.00,     6762.4,       1.23,       2.10
    0,    27,     6,     136.82,      74.66,       0.00,    10213.7,       1.23,       2.13
    0,    27,     7,     103.70,      78.35,       0.00,     9371.1,       1.18,       2.14
    0,    27,     8,      70.08,     111.23,       0.00,    13300.8,       1.25,       2.20
    0,    27,     9,     112.78,     131.20,       0.00,    15824.4,       1.30,       2.12
    0,    27,    10,      95.07,     138.06,       0.00,     6643.5,       1.25,       2.05
    0,    27,    11,     101.83,     164.23,       0.00,    10052.4,       1.30,       2.08
    0,    28,     1,       9.05,      14.38,       0.00,     2701.5,       1.12,       2.10
    0,    28,     2,      29.25,      30.88,       0.00,    19517.5,       1.37,       2.08
    0,    28,     3,      43.81,      72.92,       0.00,     8745.4,       1.28,       2.04
    0,    28,     4,      68.50,      72.71,       0.00,    12280.0,       1.23,       2.13
    0,    28,     5,      86.16,      73.90,       0.00,     6643.3,       1.26,       2.15
    0,    28,     6,     136.82,      74.69,       0.00,    10686.7,       1.25,       2.10
    0,    28,     7,     103.72,      78.37,       0.00,    10369.6,       1.24,       2.20
    0,    28,     8,      70.07,     111.26,       0.00,    12880.7,       1.24,       2.10
    0,    28,     9,     112.80,     131.26,       0.00,    15600.7,       1.30,       2.09
    0,    28,    10,      95.04,     138.08,       0.00,     6560.7,       1.26,       2.08
    0,    28,    11,     101.86,     164.20,       0.00,    10977.1,       1.33,       2.00
    0,    29,     1,       9.05,      14.54,       0.00,     2688.1,       1.31,       1.94
    0,    29,     2,      29.27,      30.89,       0.00,    18587.8,       1.34,       2.10
    0,    29,     3,      43.82,      72.91,       0.00,     8994.1,       1.28,       2.05
    0,    29,     4,      68.51,      72.76,       0.00,    12268.4,       1.23,       2.19
    0,    29,     5,      86.18,      73.88,       0.00,     6776.6,       1.23,       2.05
    0,    29,     6,     136.86,      74.69,       0.00,    10566.8,       1.24,       2.13
    0,    29,     7,     103.70,      78.34,       0.00,    10097.3,       1.23,       2.17
    0,    29,     8,      70.08,     111.25,       0.00,    14008.1,       1.25,       2.19
    0,    29,     9,     112.78,     131.18,       0.00,    16669.6,       1.27,       2.12
    0,    29,    10,      95.09,     138.00,       0.00,     6905.8,       1.27,       2.12
    0,    29,    11,     101.86,     164.17,       0.00,    10474.5,       1.28,       2.04
    0,    30,     1,       9.03,      14.37,       0.00,     2630.3,       1.27,       2.14
    0,    30,     2,      29.26,      30.86,       0.00,    18786.1,       1.36,       2.10
    0,    30,     3,      68.50,      72.68,       0.00,    12509.8,       1.23,       2.15
    0,    30,     4,      43.83,      72.95,       0.00,     9339.5,       1.26,       2.01
    0,    30,     5,      86.20,      73.99,       0.00,     6552.8,       1.27,       2.17
    0,    30,     6,     136.83,      74.75,       0.00,    10135.2,       1.24,       2.05
    0,    30,     7,     103.67,      78.31,       0.00,    10232.3,       1.24,       2.23
    0,    30,     8,      70.06,     111.25,       0.00,    13381.9,       1.26,       2.18
    0,    30,     9,     112.76,     131.19,       0.00,    16279.5,       1.28,       2.11
    0,    30,    10,      95.09,     138.00,       0.00,     6587.5,       1.30,       2.08
    0,    30,    11,     101.89,     164.16,       0.00,    10771.6,       1.30,       2.07
    0,    31,     1,       9.02,      14.44,       0.00,     2713.4,       1.26,       2.02
    0,    31,     2,      29.25,      30.90,       0.00,    18601.6,       1.35,       2.11
    0,    31,     3,      43.79,      72.94,       0.00,     9036.0,       1.32,       2.07
    0,    31,     4,      68.48,      72.65,       0.00,    12145.4,       1.25,       2.15
    0,    31,     5,      86.12,      73.99,       0.00,     6785.5,       1.30,       2.13
    0,    31,     6,     136.82,      74.73,       0.00,     9792.9,       1.22,       2.06
    0,    31,     7,     103.71,      78.37,       0.00,    10358.0,       1.21,       2.17
    0,    31,     8,      70.07,     111.24,       0.00,    13148.4,       1.23,       2.15
    0,    31,     9,     112.78,     131.18,       0.00,    15944.7,       1.29,       2.06
    0,    31,    10,      95.07,     138.11,       0.00,     6680.6,       1.23,       2.13
    0,    31,    11,     101.87,     164.21,       0.00,    11103.7,       1.26,       2.10
    0,    32,     1,       9.02,      14.40,       0.00,     2941.6,       1.19,       2.14
    0,    32,     2,      29.26,      30.86,       0.00,    18789.5,       1.35,       2.08
    0,    32,     3,      43.78,      72.94,       0.00,     8945.6,       1.26,       1.99
    0,    32,     4,      68.51,      72.74,       0.00,    12549.4,       1.26,       2.12
    0,    32,     5,      86.20,      73.90,       0.00,     6886.5,       1.20,       2.13
    0,    32,     6,     136.81,      74.73,       0.00,    10609.6,       1.27,       2.06
    0,    32,     7,     103.70,      78.28,       0.00,    10637.4,       1.20,       2.22
    0,    32,     8,      70.09,     111.23,       0.00,    12478.9,       1.24,       2.10
    0,    32,     9,     112.79,     131.18,       0.00,    15788.4,       1.30,       2.13
    0,    32,    10,      95.09,     138.07,       0.00,     6666.3,       1.31,       2.08
    0,    32,    11,     101.85,     164.19,       0.00,    11047.2,       1.24,       2.09
    0,    33,     1,       9.00,      14.53,       0.00,     2928.4,       1.38,       2.06
    0,    33,     2,      29.25,      30.86,       0.00,    18600.1,       1.35,       2.10
    0,    33,     3,      43.84,      72.93,       0.00,     8950.8,       1.28,       2.09
    0,    33,     4,      68.50,      72.72,       0.00,    12131.8,       1.24,       2.09
    0,    33,     5,      86.20,      73.87,       0.00,     6682.7,       1.23,       2.12
    0,    33,     6,     136.81,      74.71,       0.00,     9902.3,       1.26,       2.08
    0,    33,     7,     103.75,      78.33,       0.00,     9981.8,       1.22,       2.19
    0,    33,     8,      70.07,     111.21,       0.00,    13142.9,       1.28,       2.18
    0,    33,     9,     112.79,     131.20,       0.00,    15726.7,       1.27,       2.06
    0,    33,    10,      95.08,     138.00,       0.00,     6498.4,       1.29,       2.03
    0,    33,    11,     101.85,     164.17,       0.00,    11018.1,       1.27,       2.04
    0,    34,     1,       9.05,      14.39,       0.00,     3018.5,       1.15,       2.27
    0,    34,     2,      29.24,      30.89,       0.00,    18543.0,       1.36,       2.08
    0,    34,     3,      43.81,      72.96,       0.00,     9275.5,       1.28,       2.03
    0,    34,     4,      68.53,      72.72,       0.00,    12300.9,       1.21,       2.17
    0,    34,     5,      86.17,      73.97,       0.00,     6438.6,       1.21,       2.15
    0,    34,     6,     136.84,      74.75,       0.00,    10392.5,       1.25,       2.12
    0,    34,     7,     103.71,      78.34,       0.00,    10038.9,       1.22,       2.16
    0,    34,     8,      70.09,     111.21,       0.00,    12827.8,       1.24,       2.15
    0,    34,     9,     112.79,     131.23,       0.00,    16349.5,       1.30,       2.12
    0,    34,    10,      95.09,     138.01,       0.00,     6467.6,       1.26,       2.00
    0,    34,    11,     101.84,     164.18,       0.00,    10725.1,       1.29,       2.08
    0,    35,     1,       9.01,      14.46,       0.00,     2822.5,       1.26,       2.12
    0,    35,     2,      29.25,      30.88,       0.00,    19466.6,       1.35,       2.11
    0,    35,     3,      43.79,      72.91,       0.00,     9257.3,       1.29,       2.01
    0,    35,     4,      68.52,      72.76,       0.00,    12512.3,       1.27,       2.21
    0,    35,     5,      86.18,      73.92,       0.00,     6983.0,       1.27,       2.05
    0,    35,     6,     136.81,      74.73,       0.00,    10022.5,       1.23,       2.08
    0,    35,     7,     103.69,      78.33,       0.00,    10121.9,       1.20,       2.21
    0,    35,     8,      70.10,     111.21,       0.00,    13169.7,       1.27,       2.15
    0,    35,     9,     112.76,     131.22,       0.00,    16666.6,       1.27,       2.15
    0,    35,    10,      95.03,     138.01,       0.00,     6730.1,       1.26,       2.03
    0,    35,    11,     101.85,     164.14,       0.00,    10540.1,       1.28,       2.04
    0,    36,     1,       8.96,      14.41,       0.00,     2747.8,       1.25,       2.01
    0,    36,     2,      29.24,      30.90,       0.00,    19317.6,       1.35,       2.09
    0,    36,     3,      68.46,      72.74,       0.00,    11815.6,       1.25,       2.16
    0,    36,     4,      43.85,      72.92,       0.00,     8978.0,       1.31,       1.99
    0,    36,     5,      86.21,      73.93,       0.00,     6770.3,       1.22,       2.15
    0,    36,     6,     136.85,      74.65,       0.00,     9840.6,       1.26,       2.06
    0,    36,     7,     103.73,      78.30,       0.00,     9957.6,       1.16,       2.22
    0,    36,     8,      70.12,     111.17,       0.00,    12977.8,       1.29,       2.18
    0,    36,     9,     112.72,     131.22,       0.00,    16606.9,       1.30,       2.09
    0,    36,    10,      95.03,     138.07,       0.00,     6626.6,       1.22,       2.00
    0,    36,    11,     101.85,     164.21,       0.00,    11000.7,       1.27,       2.04
    0,    37,     1,       8.92,      14.49,       0.00,     2930.3,       1.30,       2.15
    0,    37,     2,      29.27,      30.92,       0.00,    19375.8,       1.36,       2.13
    0,    37,     3,      68.48,      72.74,       0.00,    11988.2,       1.24,       2.12
    0,    37,     4,      43.83,      72.98,       0.00,     9340.0,       1.33,       1.95
    0,    37,     5,      86.17,      73.88,       0.00,     6499.7,       1.23,       2.06
    0,    37,     6,     136.83,      74.76,       0.00,    10178.8,       1.28,       2.11
    0,    37,     7,     103.74,      78.37,       0.00,    10245.7,       1.21,       2.15
    0,    37,     8,      70.06,     111.26,       0.00,    13518.8,       1.25,       2.12
    0,    37,     9,     112.77,     131.16,       0.00,    16354.0,       1.29,       2.13
    0,    37,    10,      95.08,     138.10,       0.00,     6703.4,       1.31,       2.04
    0,    37,    11,     101.87,     164.20,       0.00,    10747.3,       1.29,       2.12
    0,    38,     1,       8.99,      14.42,       0.00,     2959.7,       1.25,       2.16
    0,    38,     2,      29.26,      30.94,       0.00,    19221.0,       1.36,       2.11
    0,    38,     3,      43.85,      72.91,       0.00,     9223.9,       1.29,       2.03
    0,    38,     4,      68.48,      72.71,       0.00,    11884.6,       1.24,       2.12
    0,    38,     5,      86.19,      73.92,       0.00,     6920.4,       1.25,       2.08
    0,    38,     6,     136.81,      74.74,       0.00,     9759.0,       1.21,       2.10
    0,    38,     7,     103.76,      78.34,       0.00,    10937.4,       1.20,       2.21
    0,    38,     8,      70.06,     111.18,       0.00,    13268.1,       1.26,       2.14
    0,    38,     9,     112.78,     131.23,       0.00,    15785.0,       1.30,       2.05
    0,    38,    10,      95.05,     138.02,       0.00,     6772.4,       1.24,       2.08
    0,    38,    11,     101.84,     164.19,       0.00,    11083.9,       1.31,       2.09
    0,    39,     1,       8.93,      14.46,       0.00,     2722.4,       1.26,       2.16
    0,    39,     2,      29.24,      30.90,       0.00,    18720.4,       1.35,       2.11
    0,    39,     3,      43.85,      72.93,       0.00,     9441.1,       1.28,       2.07
    0,    39,     4,      68.49,      72.72,       0.00,    12090.4,       1.20,       2.20
    0,    39,     5,      86.18,      73.96,       0.00,     6666.3,       1.23,       2.12
    0,    39,     6,     136.84,      74.63,       0.00,    10328.6,       1.27,       2.09
    0,    39,     7,     103.71,      78.33,       0.00,    10299.9,       1.23,       2.19
    0,    39,     8,      70.07,     111.15,       0.00,    13925.0,       1.28,       2.20
    0,    39,     9,     112.77,     131.20,       0.00,    15626.8,       1.28,       2.08
    0,    39,    10,      95.11,     138.02,       0.00,     6685.9,       1.27,       2.09
    0,    39,    11,     101.87,     164.16,       0.00,    10678.4,       1.28,       2.11
