#stackID(UINT32), frameID(UINT32), eventID(UINT32), x0(float), y0(float), z0(float), photon_count0(float), sigmaX0(float), sigmaY0(float) 
    0,     0,     1,       8.87,      14.29,       0.00,     4613.3,       1.18,       3.63
    0,     0,     2,      29.18,      30.57,       0.00,    26420.1,       1.26,       3.77
    0,     0,     3,      68.36,      72.28,       0.00,    18991.9,       1.14,       3.81
    0,     0,     4,      43.68,      72.53,       0.00,    12063.8,       1.08,       3.52
    0,     0,     5,      86.08,      73.55,       0.00,     9609.7,       1.10,       3.69
    0,     0,     6,     136.68,      74.39,       0.00,    14252.8,       1.13,       3.62
    0,     0,     7,     103.57,      77.98,       0.00,    13485.7,       1.12,       3.69
    0,     0,     8,      69.90,     110.85,       0.00,    16722.6,       1.12,       3.52
    0,     0,     9,     112.62,     130.80,       0.00,    19266.8,       1.15,       3.52
    0,     0,    10,      94.92,     137.53,       0.00,     9385.6,       1.10,       3.49
    0,     0,    11,      55.46,     145.66,       0.00,     1273.8,       0.98,       2.57
    0,     0,    12,     101.72,     163.76,       0.00,    11988.5,       1.13,       3.51
    0,     1,     1,       8.94,      13.88,       0.00,     4133.8,       1.15,       3.42
    0,     1,     2,      29.16,      30.52,       0.00,    25762.2,       1.26,       3.73
    0,     1,     3,      68.38,      72.31,       0.00,    18215.9,       1.13,       3.65
    0,     1,     4,      43.68,      72.52,       0.00,    11977.8,       1.09,       3.47
    0,     1,     5,      86.03,      73.47,       0.00,     9226.8,       1.06,       3.55
    0,     1,     6,     136.67,      74.30,       0.00,    13880.4,       1.12,       3.62
    0,     1,     7,     103.58,      77.88,       0.00,    13669.0,       1.15,       3.65
    0,     1,     8,      69.90,     110.89,       0.00,    16457.6,       1.11,       3.56
    0,     1,     9,     112.62,     130.75,       0.00,    19296.7,       1.15,       3.52
    0,     1,    10,      94.90,     137.53,       0.00,     9392.7,       1.09,       3.69
    0,     1,    11,      55.50,     145.42,       0.00,     1783.5,       1.02,       2.76
    0,     1,    12,     101.73,     163.82,       0.00,    11889.7,       1.12,       3.46
    0,     2,     1,       8.88,      14.01,       0.00,     3820.3,       1.08,       3.31
    0,     2,     2,      29.16,      30.48,       0.00,    24865.9,       1.22,       3.75
    0,     2,     3,      43.69,      72.56,       0.00,    12591.6,       1.11,       3.59
    0,     2,     4,      68.34,      72.24,       0.00,    18029.2,       1.14,       3.60
    0,     2,     5,      86.06,      73.40,       0.00,     9594.4,       1.08,       3.60
    0,     2,     6,     136.68,      74.22,       0.00,    14117.2,       1.14,       3.60
    0,     2,     7,     103.57,      77.96,       0.00,    13015.9,       1.10,       3.58
    0,     2,     8,      69.92,     110.82,       0.00,    16867.1,       1.12,       3.62
    0,     2,     9,     112.61,     130.80,       0.00,    18488.7,       1.13,       3.51
    0,     2,    10,      94.91,     137.43,       0.00,     9535.1,       1.10,       3.60
    0,     2,    11,      55.47,     145.80,       0.00,     1785.6,       0.91,       2.91
    0,     2,    12,     101.72,     163.72,       0.00,    11750.1,       1.12,       3.40
    0,     3,     1,       8.87,      14.16,       0.00,     4104.8,       1.13,       3.77
    0,     3,     2,      29.18,      30.47,       0.00,    25261.9,       1.23,       3.79
    0,     3,     3,      68.35,      72.19,       0.00,    18643.9,       1.15,       3.66
    0,     3,     4,      43.63,      72.38,       0.00,    12342.8,       1.07,       3.65
    0,     3,     5,      86.07,      73.51,       0.00,     9480.1,       1.07,       3.58
    0,     3,     6,     136.70,      74.28,       0.00,    13660.3,       1.09,       3.54
    0,     3,     7,     103.56,      77.87,       0.00,    12445.7,       1.09,       3.51
    0,     3,     8,      69.91,     110.81,       0.00,    16768.9,       1.12,       3.58
    0,     3,     9,     112.62,     130.84,       0.00,    18873.3,       1.13,       3.54
    0,     3,    10,      94.92,     137.45,       0.00,     9248.8,       1.09,       3.44
    0,     3,    11,      55.49,     145.58,       0.00,     1974.8,       1.01,       2.71
    0,     3,    12,     101.72,     163.87,       0.00,    11890.0,       1.07,       3.41
    0,     4,     1,       8.93,      13.96,       0.00,     3732.8,       1.08,       3.55
    0,     4,     2,      29.19,      30.49,       0.00,    25102.8,       1.24,       3.72
    0,     4,     3,      68.35,      72.26,       0.00,    18549.6,       1.15,       3.75
    0,     4,     4,      43.64,      72.56,       0.00,    11916.6,       1.05,       3.50
    0,     4,     5,      86.05,      73.38,       0.00,     9374.2,       1.08,       3.64
    0,     4,     6,     136.68,      74.33,       0.00,    13949.0,       1.11,       3.65
    0,     4,     7,     103.57,      77.73,       0.00,    13133.1,       1.11,       3.68
    0,     4,     8,      69.90,     110.73,       0.00,    15534.0,       1.11,       3.54
    0,     4,     9,     112.59,     130.73,       0.00,    17783.5,       1.13,       3.49
    0,     4,    10,      94.89,     137.51,       0.00,     8843.2,       1.09,       3.45
    0,     4,    11,      55.50,     145.30,       0.00,      865.6,       0.85,       2.58
    0,     4,    12,     101.74,     163.74,       0.00,    11755.1,       1.13,       3.52
    0,     5,     1,       8.90,      14.16,       0.00,     3888.0,       1.06,       3.33
    0,     5,     2,      29.18,      30.40,       0.00,    25112.8,       1.23,       3.81
    0,     5,     3,      43.66,      72.53,       0.00,    12033.0,       1.10,       3.50
    0,     5,     4,      68.38,      71.99,       0.00,    18600.2,       1.14,       3.83
    0,     5,     5,      86.05,      73.45,       0.00,     9013.6,       1.16,       3.50
    0,     5,     6,     136.70,      74.37,       0.00,    14112.6,       1.11,       3.62
    0,     5,     7,     103.58,      77.82,       0.00,    13334.9,       1.11,       3.77
    0,     5,     8,      69.92,     110.67,       0.00,    16532.2,       1.11,       3.69
    0,     5,     9,     112.61,     130.81,       0.00,    17933.2,       1.12,       3.56
    0,     5,    10,      94.92,     137.56,       0.00,     9286.3,       1.12,       3.47
    0,     5,    11,      55.46,     145.95,       0.00,     1312.2,       1.10,       2.76
    0,     5,    12,     101.77,     163.88,       0.00,    11497.4,       1.11,       3.50
    0,     6,     1,       9.00,      14.01,       0.00,     3793.7,       1.07,       3.37
    0,     6,     2,      29.17,      30.51,       0.00,    24835.6,       1.23,       3.76
    0,     6,     3,      68.36,      72.22,       0.00,    18004.9,       1.11,       3.65
    0,     6,     4,      43.68,      72.50,       0.00,    12209.5,       1.09,       3.51
    0,     6,     5,      86.04,      73.40,       0.00,     9217.9,       1.10,       3.63
    0,     6,     6,     136.71,      74.33,       0.00,    14609.3,       1.12,       3.71
    0,     6,     7,     103.59,      77.79,       0.00,    13550.6,       1.14,       3.82
    0,     6,     8,      69.93,     110.82,       0.00,    16839.1,       1.14,       3.62
    0,     6,     9,     112.62,     130.82,       0.00,    18442.1,       1.14,       3.48
    0,     6,    10,      94.93,     137.55,       0.00,     9443.0,       1.10,       3.66
    0,     6,    11,      55.31,     145.71,       0.00,     1091.4,       0.85,       2.51
    0,     6,    12,     101.77,     163.80,       0.00,    11112.0,       1.09,       3.48
    0,     7,     1,       8.92,      13.90,       0.00,     4341.2,       1.12,       3.64
    0,     7,     2,      29.18,      30.47,       0.00,    25581.4,       1.25,       3.74
    0,     7,     3,      68.38,      72.26,       0.00,    17911.0,       1.13,       3.66
    0,     7,     4,      43.65,      72.51,       0.00,    11997.5,       1.08,       3.49
    0,     7,     5,      86.03,      73.29,       0.00,     9144.9,       1.09,       3.54
    0,     7,     6,     136.71,      74.35,       0.00,    14477.4,       1.15,       3.64
    0,     7,     7,     103.61,      77.86,       0.00,    13499.3,       1.13,       3.88
    0,     7,     8,      69.95,     110.74,       0.00,    16301.0,       1.12,       3.57
    0,     7,     9,     112.61,     130.66,       0.00,    18245.4,       1.13,       3.53
    0,     7,    10,      94.91,     137.51,       0.00,     8765.6,       1.08,       3.68
    0,     7,    11,      55.45,     145.45,       0.00,     1682.8,       0.96,       2.91
    0,     7,    12,     101.74,     163.64,       0.00,    12301.0,       1.11,       3.58
    0,     8,     1,       8.83,      13.98,       0.00,     3890.3,       1.08,       3.37
    0,     8,     2,      29.15,      30.45,       0.00,    25047.2,       1.24,       3.75
    0,     8,     3,      68.37,      72.23,       0.00,    17946.9,       1.13,       3.67
    0,     8,     4,      43.62,      72.48,       0.00,    11591.7,       1.10,       3.45
    0,     8,     5,      86.05,      73.46,       0.00,     9728.4,       1.12,       3.64
    0,     8,     6,     136.71,      74.25,       0.00,    14509.1,       1.09,       3.66
    0,     8,     7,     103.58,      77.78,       0.00,    13594.1,       1.14,       3.70
    0,     8,     8,      69.90,     110.79,       0.00,    16612.5,       1.13,       3.65
    0,     8,     9,     112.60,     130.90,       0.00,    19616.3,       1.15,       3.62
    0,     8,    10,      94.92,     137.24,       0.00,     9506.3,       1.13,       3.68
    0,     8,    11,      55.38,     145.63,       0.00,     1229.4,       1.05,       2.55
    0,     8,    12,     101.76,     163.68,       0.00,    12386.9,       1.11,       3.60
    0,     9,     1,       9.00,      13.84,       0.00,     4128.9,       1.07,       3.56
    0,     9,     2,      29.16,      30.35,       0.00,    26445.4,       1.24,       3.93
    0,     9,     3,      43.64,      72.46,       0.00,    11908.9,       1.11,       3.60
    0,     9,     4,      68.37,      72.27,       0.00,    17664.5,       1.13,       3.63
    0,     9,     5,      86.07,      73.26,       0.00,     9483.8,       1.10,       3.84
    0,     9,     6,     136.70,      74.23,       0.00,    14282.1,       1.12,       3.72
    0,     9,     7,     103.60,      77.80,       0.00,    13751.7,       1.13,       3.77
    0,     9,     8,      69.95,     110.60,       0.00,    16760.4,       1.14,       3.71
    0,     9,     9,     112.62,     130.78,       0.00,    18493.5,       1.14,       3.52
    0,     9,    10,      94.93,     137.69,       0.00,     9206.2,       1.12,       3.66
    0,     9,    11,     101.76,     163.70,       0.00,    11879.5,       1.12,       3.50
    0,    10,     1,       8.89,      13.98,       0.00,     3830.2,       1.08,       3.49
    0,    10,     2,      29.16,      30.48,       0.00,    24579.7,       1.22,       3.68
    0,    10,     3,      68.33,      72.16,       0.00,    18423.5,       1.15,       3.71
    0,    10,     4,      43.67,      72.41,       0.00,    11934.7,       1.10,       3.49
    0,    10,     5,      86.09,      73.47,       0.00,     9699.7,       1.12,       3.71
    0,    10,     6,     136.72,      74.27,       0.00,    14184.7,       1.11,       3.67
    0,    10,     7,     103.57,      77.78,       0.00,    13497.0,       1.13,       3.81
    0,    10,     8,      69.92,     110.77,       0.00,    16782.4,       1.11,       3.61
    0,    10,     9,     112.62,     130.82,       0.00,    17967.4,       1.14,       3.49
    0,    10,    10,      94.89,     137.61,       0.00,     9054.6,       1.07,       3.62
    0,    10,    11,      55.43,     145.12,       0.00,     1215.1,       0.86,       2.93
    0,    10,    12,     101.73,     163.70,       0.00,    12406.5,       1.13,       3.49
    0,    11,     1,       8.90,      13.89,       0.00,     4192.9,       1.14,       3.50
    0,    11,     2,      29.15,      30.58,       0.00,    24611.8,       1.22,       3.74
    0,    11,     3,      68.35,      72.23,       0.00,    18329.6,       1.15,       3.65
    0,    11,     4,      43.67,      72.40,       0.00,    12365.3,       1.10,       3.70
    0,    11,     5,      86.08,      73.44,       0.00,     9061.5,       1.10,       3.66
    0,    11,     6,     136.72,      74.24,       0.00,    14044.3,       1.11,       3.63
    0,    11,     7,     103.55,      77.76,       0.00,    13189.2,       1.14,       3.80
    0,    11,     8,      69.93,     110.70,       0.00,    17046.2,       1.12,       3.70
    0,    11,     9,     112.61,     130.77,       0.00,    18809.6,       1.14,       3.60
    0,    11,    10,      94.87,     137.51,       0.00,     8685.3,       1.10,       3.56
    0,    11,    11,     101.73,     163.79,       0.00,    11946.9,       1.12,       3.39
    0,    12,     1,       8.87,      14.12,       0.00,     4254.9,       1.13,       3.76
    0,    12,     2,      29.16,      30.47,       0.00,    24636.4,       1.22,       3.75
    0,    12,     3,      68.37,      72.20,       0.00,    18058.7,       1.15,       3.72
    0,    12,     4,      43.68,      72.34,       0.00,    11372.9,       1.08,       3.55
    0,    12,     5,      86.06,      73.31,       0.00,     9158.2,       1.11,       3.75
    0,    12,     6,     136.71,      74.33,       0.00,    14164.0,       1.14,       3.71
    0,    12,     7,     103.59,      77.92,       0.00,    12791.9,       1.16,       3.64
    0,    12,     8,      69.93,     110.84,       0.00,    15439.4,       1.10,       3.61
    0,    12,     9,     112.62,     130.78,       0.00,    18449.5,       1.15,       3.55
    0,    12,    10,      94.91,     137.50,       0.00,     8941.0,       1.08,       3.63
    0,    12,    11,      55.38,     145.49,       0.00,     1267.6,       1.23,       2.59
    0,    12,    12,     101.74,     163.77,       0.00,    12428.1,       1.13,       3.47
    0,    13,     1,       8.98,      14.04,       0.00,     3962.5,       1.09,       3.49
    0,    13,     2,      29.16,      30.49,       0.00,    24638.9,       1.22,       3.72
    0,    13,     3,      68.34,      72.27,       0.00,    17898.6,       1.13,       3.69
    0,    13,     4,      43.66,      72.39,       0.00,    11654.0,       1.07,       3.58
    0,    13,     5,      86.06,      73.36,       0.00,     8739.9,       1.07,       3.59
    0,    13,     6,     136.68,      74.27,       0.00,    13777.0,       1.12,       3.62
    0,    13,     7,     103.58,      77.91,       0.00,    13204.0,       1.12,       3.73
    0,    13,     8,      69.91,     110.85,       0.00,    15383.2,       1.13,       3.55
    0,    13,     9,     112.64,     130.82,       0.00,    18125.2,       1.15,       3.50
    0,    13,    10,      94.89,     137.51,       0.00,     8666.1,       1.10,       3.41
    0,    13,    11,      54.76,     144.69,       0.00,     3285.8,       1.07,       5.36
    0,    13,    12,     101.72,     163.60,       0.00,    12135.9,       1.13,       3.54
    0,    14,     1,       8.93,      13.93,       0.00,     3727.7,       1.05,       3.52
    0,    14,     2,      29.18,      30.31,       0.00,    25334.0,       1.21,       3.92
    0,    14,     3,      68.35,      72.15,       0.00,    18136.8,       1.13,       3.68
    0,    14,     4,      43.66,      72.40,       0.00,    12008.1,       1.10,       3.50
    0,    14,     5,      86.01,      73.40,       0.00,     9085.0,       1.11,       3.70
    0,    14,     6,     136.70,      74.32,       0.00,    13588.6,       1.12,       3.61
    0,    14,     7,     103.59,      77.91,       0.00,    12435.5,       1.14,       3.62
    0,    14,     8,      69.90,     110.78,       0.00,    15378.0,       1.10,       3.53
    0,    14,     9,     112.64,     130.80,       0.00,    17765.2,       1.14,       3.49
    0,    14,    10,      94.92,     137.54,       0.00,     8537.5,       1.10,       3.46
    0,    14,    11,     101.75,     163.66,       0.00,    11458.1,       1.12,       3.44
    0,    15,     1,       8.94,      14.12,       0.00,     3782.5,       1.09,       3.49
    0,    15,     2,      29.17,      30.46,       0.00,    25029.8,       1.24,       3.78
    0,    15,     3,      43.66,      72.42,       0.00,    11653.2,       1.09,       3.46
    0,    15,     4,      68.35,      72.25,       0.00,    17552.5,       1.14,       3.67
    0,    15,     5,      86.04,      73.50,       0.00,     9204.7,       1.09,       3.55
    0,    15,     6,     136.69,      74.30,       0.00,    13533.6,       1.11,       3.71
    0,    15,     7,     103.61,      77.83,       0.00,    12925.3,       1.14,       3.77
    0,    15,     8,      69.90,     110.86,       0.00,    16153.4,       1.13,       3.67
    0,    15,     9,     112.63,     130.78,       0.00,    17371.9,       1.14,       3.52
    0,    15,    10,      94.92,     137.40,       0.00,     9050.5,       1.12,       3.78
    0,    15,    11,     101.79,     163.78,       0.00,    12118.9,       1.13,       3.48
    0,    16,     1,       9.00,      14.02,       0.00,     4048.1,       1.26,       3.52
    0,    16,     2,      29.18,      30.43,       0.00,    25754.0,       1.24,       3.84
    0,    16,     3,      43.65,      72.53,       0.00,    11607.9,       1.09,       3.43
    0,    16,     4,      68.37,      72.06,       0.00,    18149.0,       1.14,       3.82
    0,    16,     5,      86.06,      73.44,       0.00,     8917.4,       1.08,       3.69
    0,    16,     6,     136.72,      74.24,       0.00,    13442.1,       1.11,       3.61
    0,    16,     7,     103.57,      77.85,       0.00,    12752.8,       1.10,       3.68
    0,    16,     8,      69.93,     110.67,       0.00,    15938.0,       1.13,       3.70
    0,    16,     9,     112.64,     130.82,       0.00,    17927.7,       1.12,       3.53
    0,    16,    10,      94.92,     137.59,       0.00,     8835.4,       1.08,       3.52
    0,    16,    11,      55.38,     145.47,       0.00,     1408.7,       0.97,       2.80
    0,    16,    12,     101.72,     163.70,       0.00,    11464.4,       1.14,       3.46
    0,    17,     1,       8.96,      14.11,       0.00,     3881.8,       1.18,       3.54
    0,    17,     2,      29.19,      30.49,       0.00,    25027.7,       1.23,       3.73
    0,    17,     3,      43.68,      72.49,       0.00,    12545.0,       1.13,       3.55
    0,    17,     4,      68.34,      72.18,       0.00,    17101.1,       1.11,       3.66
    0,    17,     5,      86.07,      73.50,       0.00,     9071.4,       1.13,       3.68
    0,    17,     6,     136.70,      74.28,       0.00,    14207.1,       1.13,       3.63
    0,    17,     7,     103.61,      77.78,       0.00,    12966.0,       1.10,       3.86
    0,    17,     8,      69.92,     110.65,       0.00,    16189.9,       1.13,       3.77
    0,    17,     9,     112.59,     130.75,       0.00,    17198.0,       1.12,       3.43
    0,    17,    10,      94.94,     137.48,       0.00,     9362.9,       1.14,       3.69
    0,    17,    11,      55.47,     145.68,       0.00,     1180.5,       0.84,       2.74
    0,    17,    12,     101.76,     163.70,       0.00,    12092.6,       1.11,       3.46
    0,    18,     1,       8.95,      14.01,       0.00,     4061.5,       1.12,       3.44
    0,    18,     2,      29.16,      30.46,       0.00,    24977.0,       1.23,       3.77
    0,    18,     3,      43.65,      72.46,       0.00,    11962.6,       1.08,       3.47
    0,    18,     4,      68.38,      72.18,       0.00,    18089.4,       1.15,       3.75
    0,    18,     5,      86.08,      73.51,       0.00,     9440.0,       1.14,       3.70
    0,    18,     6,     136.71,      74.24,       0.00,    13432.8,       1.12,       3.67
    0,    18,     7,     103.60,      77.76,       0.00,    13425.6,       1.13,       3.84
    0,    18,     8,      69.93,     110.74,       0.00,    16267.5,       1.13,       3.69
    0,    18,     9,     112.64,     130.82,       0.00,    17721.1,       1.15,       3.50
    0,    18,    10,      94.91,     137.62,       0.00,     9272.1,       1.07,       3.70
    0,    18,    11,      55.43,     145.58,       0.00,     1218.9,       1.00,       2.58
    0,    18,    12,     101.79,     163.67,       0.00,    11816.3,       1.10,       3.51
    0,    19,     1,       8.86,      14.21,       0.00,     3789.9,       1.08,       3.47
    0,    19,     2,      29.16,      30.50,       0.00,    24809.1,       1.22,       3.77
    0,    19,     3,      68.35,      72.26,       0.00,    17721.2,       1.12,       3.75
    0,    19,     4,      43.65,      72.57,       0.00,    11843.0,       1.05,       3.52
    0,    19,     5,      86.03,      73.29,       0.00,     9094.2,       1.09,       3.55
    0,    19,     6,     136.70,      74.21,       0.00,    13811.6,       1.10,       3.71
    0,    19,     7,     103.60,      77.87,       0.00,    12830.8,       1.11,       3.78
    0,    19,     8,      69.93,     110.74,       0.00,    15567.4,       1.09,       3.67
    0,    19,     9,     112.61,     130.82,       0.00,    17968.3,       1.15,       3.53
    0,    19,    10,      94.95,     137.74,       0.00,     9320.8,       1.08,       3.68
    0,    19,    11,      55.47,     145.11,       0.00,     1282.1,       0.98,       2.59
    0,    19,    12,     101.77,     163.72,       0.00,    11002.4,       1.12,       3.46
    0,    20,     1,       8.89,      14.08,       0.00,     4235.2,       1.08,       3.70
    0,    20,     2,      29.16,      30.47,       0.00,    24984.4,       1.23,       3.74
    0,    20,     3,      43.68,      72.50,       0.00,    12154.6,       1.09,       3.52
    0,    20,     4,      68.37,      72.24,       0.00,    17638.6,       1.12,       3.78
    0,    20,     5,      86.05,      73.28,       0.00,     9363.9,       1.11,       3.69
    0,    20,     6,     136.69,      74.22,       0.00,    13628.1,       1.09,       3.65
    0,    20,     7,     103.56,      77.85,       0.00,    12804.5,       1.12,       3.62
    0,    20,     8,      69.90,     110.74,       0.00,    17501.7,       1.13,       3.66
    0,    20,     9,     112.62,     130.76,       0.00,    17920.2,       1.14,       3.52
    0,    20,    10,      94.94,     137.45,       0.00,     9547.9,       1.11,       3.74
    0,    20,    11,      55.35,     145.34,       0.00,     1670.4,       1.00,       2.68
    0,    20,    12,     101.76,     163.59,       0.00,    12011.9,       1.13,       3.63
    0,    21,     1,       8.87,      13.89,       0.00,     3827.0,       1.11,       3.53
    0,    21,     2,      29.18,      30.48,       0.00,    24834.3,       1.23,       3.77
    0,    21,     3,      68.35,      72.21,       0.00,    17691.3,       1.12,       3.72
    0,    21,     4,      43.67,      72.39,       0.00,    11203.9,       1.03,       3.27
    0,    21,     5,      86.07,      73.48,       0.00,     9317.2,       1.08,       3.58
    0,    21,     6,     136.70,      74.31,       0.00,    13802.1,       1.13,       3.68
    0,    21,     7,     103.56,      77.89,       0.00,    12785.1,       1.14,       3.72
    0,    21,     8,      69.93,     110.83,       0.00,    16513.3,       1.13,       3.62
    0,    21,     9,     112.65,     130.76,       0.00,    18067.4,       1.15,       3.53
    0,    21,    10,      94.92,     137.43,       0.00,     8676.2,       1.14,       3.50
    0,    21,    11,      55.55,     145.40,       0.00,     1390.8,       0.96,       2.77
    0,    21,    12,     101.75,     163.65,       0.00,    11766.3,       1.10,       3.48
    0,    22,     1,       8.89,      13.84,       0.00,     3877.4,       1.10,       3.44
    0,    22,     2,      29.16,      30.44,       0.00,    25016.5,       1.23,       3.77
    0,    22,     3,      68.38,      72.19,       0.00,    17781.7,       1.14,       3.72
    0,    22,     4,      43.67,      72.50,       0.00,    12078.8,       1.09,       3.46
    0,    22,     5,      86.05,      73.47,       0.00,     8954.1,       1.09,       3.55
    0,    22,     6,     136.71,      74.21,       0.00,    14233.1,       1.16,       3.74
    0,    22,     7,     103.56,      77.70,       0.00,    12442.7,       1.11,       3.73
    0,    22,     8,      69.94,     110.77,       0.00,    16142.3,       1.11,       3.61
    0,    22,     9,     112.64,     130.78,       0.00,    18234.9,       1.13,       3.58
    0,    22,    10,      94.92,     137.42,       0.00,     9620.5,       1.12,       3.76
    0,    22,    11,      55.31,     145.56,       0.00,     1313.9,       1.10,       2.76
    0,    22,    12,     101.76,     163.78,       0.00,    11372.0,       1.13,       3.46
    0,    23,     1,       8.91,      14.01,       0.00,     3687.8,       1.12,       3.41
    0,    23,     2,      29.19,      30.47,       0.00,    24612.6,       1.22,       3.75
    0,    23,     3,      68.36,      72.17,       0.00,    17529.6,       1.11,       3.67
    0,    23,     4,      43.68,      72.56,       0.00,    12355.2,       1.10,       3.51
    0,    23,     5,      86.08,      73.45,       0.00,     9340.4,       1.12,       3.70
    0,    23,     6,     136.69,      74.28,       0.00,    14187.7,       1.12,       3.62
    0,    23,     7,     103.60,      77.85,       0.00,    12258.1,       1.10,       3.83
    0,    23,     8,      69.89,     110.79,       0.00,    15988.8,       1.11,       3.59
    0,    23,     9,     112.63,     130.80,       0.00,    17063.0,       1.14,       3.53
    0,    23,    10,      94.92,     137.40,       0.00,     9033.4,       1.09,       3.69
    0,    23,    11,      55.26,     145.15,       0.00,     1170.7,       1.20,       2.42
    0,    23,    12,     101.75,     163.68,       0.00,    12020.9,       1.12,       3.57
    0,    24,     1,       8.90,      14.12,       0.00,     4221.3,       1.20,       3.54
    0,    24,     2,      29.17,      30.46,       0.00,    24923.1,       1.22,       3.76
    0,    24,     3,      43.68,      72.46,       0.00,    12036.2,       1.09,       3.42
    0,    24,     4,      68.36,      72.17,       0.00,    17614.8,       1.12,       3.72
    0,    24,     5,      86.07,      73.57,       0.00,     9953.5,       1.12,       3.70
    0,    24,     6,     136.71,      74.27,       0.00,    14333.6,       1.11,       3.68
    0,    24,     7,     103.60,      78.02,       0.00,    12407.0,       1.14,       3.69
    0,    24,     8,      69.89,     110.72,       0.00,    15660.8,       1.11,       3.59
    0,    24,     9,     112.63,     130.84,       0.00,    18177.2,       1.15,       3.60
    0,    24,    10,      94.92,     137.40,       0.00,     8341.6,       1.11,       3.55
    0,    24,    11,      55.39,     145.51,       0.00,     1272.7,       0.90,       2.91
    0,    24,    12,     101.75,     163.73,       0.00,    11278.0,       1.12,       3.57
    0,    25,     1,       8.95,      14.10,       0.00,     4083.1,       1.14,       3.49
    0,    25,     2,      29.17,      30.32,       0.00,    25907.7,       1.21,       3.90
    0,    25,     3,      68.36,      72.21,       0.00,    17805.7,       1.12,       3.71
    0,    25,     4,      43.70,      72.45,       0.00,    12087.6,       1.08,       3.48
    0,    25,     5,      86.08,      73.45,       0.00,     9579.1,       1.14,       3.65
    0,    25,     6,     136.68,      74.31,       0.00,    14236.4,       1.10,       3.66
    0,    25,     7,     103.59,      77.86,       0.00,    12846.4,       1.14,       3.81
    0,    25,     8,      69.91,     110.64,       0.00,    15887.9,       1.12,       3.63
    0,    25,     9,     112.64,     130.80,       0.00,    17762.7,       1.14,       3.50
    0,    25,    10,      94.91,     137.57,       0.00,     8541.2,       1.09,       3.60
    0,    25,    11,      55.24,     145.36,       0.00,     1267.4,       1.11,       2.64
    0,    25,    12,     101.75,     163.66,       0.00,    11481.0,       1.11,       3.56
    0,    26,     1,       8.99,      14.12,       0.00,     3730.3,       1.15,       3.33
    0,    26,     2,      29.17,      30.46,       0.00,    24770.1,       1.23,       3.73
    0,    26,     3,      68.37,      72.16,       0.00,    17204.4,       1.11,       3.72
    0,    26,     4,      43.66,      72.46,       0.00,    12019.1,       1.09,       3.52
    0,    26,     5,      86.09,      73.33,       0.00,     9242.9,       1.13,       3.63
    0,    26,     6,     136.74,      74.23,       0.00,    13560.0,       1.10,       3.65
    0,    26,     7,     103.60,      77.91,       0.00,    12753.9,       1.14,       3.83
    0,    26,     8,      69.93,     110.74,       0.00,    16000.2,       1.13,       3.57
    0,    26,     9,     112.63,     130.76,       0.00,    17568.9,       1.12,       3.49
    0,    26,    10,      94.90,     137.44,       0.00,     8648.9,       1.10,       3.67
    0,    26,    11,      55.19,     145.29,       0.00,     1196.8,       1.05,       2.68
    0,    26,    12,     101.74,     163.80,       0.00,    12300.9,       1.15,       3.57
    0,    27,     1,       8.88,      13.94,       0.00,     3903.7,       1.07,       3.51
    0,    27,     2,      29.19,      30.51,       0.00,    24307.7,       1.21,       3.78
    0,    27,     3,      68.36,      72.20,       0.00,    17668.0,       1.16,       3.70
    0,    27,     4,      43.67,      72.45,       0.00,    11721.3,       1.12,       3.51
    0,    27,     5,      86.06,      73.41,       0.00,     9270.9,       1.09,       3.58
    0,    27,     6,     136.69,      74.25,       0.00,    13356.1,       1.11,       3.64
    0,    27,     7,     103.57,      77.87,       0.00,    12869.6,       1.11,       3.85
    0,    27,     8,      69.92,     110.69,       0.00,    16561.7,       1.14,       3.57
    0,    27,     9,     112.63,     130.74,       0.00,    17676.1,       1.14,       3.53
    0,    27,    10,      94.92,     137.43,       0.00,     8922.8,       1.13,       3.75
    0,    27,    11,      55.34,     146.01,       0.00,     1483.0,       1.09,       2.66
    0,    27,    12,     101.77,     163.66,       0.00,    11756.7,       1.12,       3.49
    0,    28,     1,       8.88,      13.84,       0.00,     3601.1,       1.06,       3.37
    0,    28,     2,      29.15,      30.27,       0.00,    24721.5,       1.22,       3.84
    0,    28,     3,      43.65,      72.36,       0.00,    11601.6,       1.11,       3.44
    0,    28,     4,      68.34,      72.13,       0.00,    17320.3,       1.12,       3.69
    0,    28,     5,      86.06,      73.46,       0.00,     9338.7,       1.10,       3.60
    0,    28,     6,     136.68,      74.24,       0.00,    13447.6,       1.13,       3.68
    0,    28,     7,     103.57,      77.84,       0.00,    12754.6,       1.11,       3.87
    0,    28,     8,      69.93,     110.57,       0.00,    16747.0,       1.12,       3.80
    0,    28,     9,     112.60,     130.79,       0.00,    17231.3,       1.12,       3.50
    0,    28,    10,      94.94,     137.51,       0.00,     8385.9,       1.08,       3.51
    0,    28,    11,      55.45,     145.40,       0.00,     1340.7,       1.03,       2.40
    0,    28,    12,     101.75,     163.77,       0.00,    12215.1,       1.12,       3.47
    0,    29,     1,       8.93,      14.04,       0.00,     3904.5,       1.14,       3.44
    0,    29,     2,      29.18,      30.34,       0.00,    25053.1,       1.23,       3.86
    0,    29,     3,      68.38,      72.20,       0.00,    17544.7,       1.14,       3.67
    0,    29,     4,      43.66,      72.46,       0.00,    11627.0,       1.09,       3.46
    0,    29,     5,      86.07,      73.43,       0.00,     9526.3,       1.14,       3.65
    0,    29,     6,     136.69,      74.29,       0.00,    13500.1,       1.13,       3.62
    0,    29,     7,     103.58,      77.94,       0.00,    12294.5,       1.10,       3.84
    0,    29,     8,      69.93,     110.65,       0.00,    16498.8,       1.13,       3.79
    0,    29,     9,     112.63,     130.79,       0.00,    16801.7,       1.12,       3.47
    0,    29,    10,      94.89,     137.50,       0.00,     8618.4,       1.12,       3.57
    0,    29,    11,      55.51,     145.55,       0.00,     1333.7,       1.03,       2.56
    0,    29,    12,     101.73,     163.74,       0.00,    11814.6,       1.14,       3.54
    0,    30,     1,       8.86,      14.06,       0.00,     3708.1,       1.14,       3.40
    0,    30,     2,      29.17,      30.31,       0.00,    25539.4,       1.24,       3.89
    0,    30,     3,      68.37,      72.21,       0.00,    17482.3,       1.13,       3.65
    0,    30,     4,      43.64,      72.30,       0.00,    11740.8,       1.06,       3.59
    0,    30,     5,      86.09,      73.46,       0.00,     9213.2,       1.09,       3.58
    0,    30,     6,     136.70,      74.27,       0.00,    13414.1,       1.09,       3.62
    0,    30,     7,     103.58,      77.90,       0.00,    12784.9,       1.14,       3.81
    0,    30,     8,      69.90,     110.70,       0.00,    17232.0,       1.11,       3.77
    0,    30,     9,     112.62,     130.75,       0.00,    17698.0,       1.14,       3.56
    0,    30,    10,      94.90,     137.49,       0.00,     8628.5,       1.11,       3.64
    0,    30,    11,      55.48,     145.37,       0.00,     1420.7,       0.97,       2.80
    0,    30,    12,     101.72,     163.71,       0.00,    10777.8,       1.10,       3.45
    0,    31,     1,       8.87,      13.84,       0.00,     3890.9,       1.12,       3.52
    0,    31,     2,      29.17,      30.50,       0.00,    25214.3,       1.25,       3.74
    0,    31,     3,      43.67,      72.37,       0.00,    11402.0,       1.08,       3.40
    0,    31,     4,      68.36,      72.05,       0.00,    18864.6,       1.15,       3.81
    0,    31,     5,      86.07,      73.52,       0.00,     9589.8,       1.12,       3.70
    0,    31,     6,     136.71,      74.22,       0.00,    14307.2,       1.14,       3.63
    0,    31,     7,     103.56,      78.06,       0.00,    12395.0,       1.12,       3.75
    0,    31,     8,      69.94,     110.68,       0.00,    17750.7,       1.12,       3.75
    0,    31,     9,     112.64,     130.81,       0.00,    18155.8,       1.13,       3.52
    0,    31,    10,      94.94,     137.50,       0.00,     8712.9,       1.12,       3.57
    0,    31,    11,      55.15,     145.45,       0.00,     1412.1,       0.96,       2.44
    0,    31,    12,     101.78,     163.69,       0.00,    11292.2,       1.12,       3.51
    0,    32,     1,       8.87,      14.03,       0.00,     3608.3,       1.04,       3.37
    0,    32,     2,      29.17,      30.50,       0.00,    24877.3,       1.24,       3.76
    0,    32,     3,      68.35,      72.18,       0.00,    17700.8,       1.11,       3.73
    0,    32,     4,      43.67,      72.40,       0.00,    11216.1,       1.08,       3.46
    0,    32,     5,      86.06,      73.45,       0.00,    10036.8,       1.14,       3.55
    0,    32,     6,     136.70,      74.32,       0.00,    13135.8,       1.09,       3.56
    0,    32,     7,     103.59,      77.84,       0.00,    12097.1,       1.10,       3.75
    0,    32,     8,      69.93,     110.65,       0.00,    18331.3,       1.12,       3.79
    0,    32,     9,     112.61,     130.86,       0.00,    17041.6,       1.14,       3.48
    0,    32,    10,      94.88,     137.49,       0.00,     8865.2,       1.19,       3.67
    0,    32,    11,      55.28,     145.43,       0.00,     1467.3,       1.13,       2.75
    0,    32,    12,     101.76,     163.79,       0.00,    10874.2,       1.10,       3.52
    0,    33,     1,       8.92,      13.82,       0.00,     3918.6,       1.16,       3.45
    0,    33,     2,      29.16,      30.47,       0.00,    24048.2,       1.23,       3.64
    0,    33,     3,      68.35,      72.17,       0.00,    17524.8,       1.12,       3.68
    0,    33,     4,      43.65,      72.46,       0.00,    11783.3,       1.12,       3.49
    0,    33,     5,      86.06,      73.40,       0.00,     9507.5,       1.11,       3.71
    0,    33,     6,     136.69,      74.30,       0.00,    14232.7,       1.12,       3.69
    0,    33,     7,     103.56,      77.93,       0.00,    12194.9,       1.12,       3.73
    0,    33,     8,      69.93,     110.70,       0.00,    18808.7,       1.15,       3.71
    0,    33,     9,     112.59,     130.80,       0.00,    18012.0,       1.15,       3.50
    0,    33,    10,      94.91,     137.53,       0.00,     8748.8,       1.11,       3.59
    0,    33,    11,      55.29,     145.47,       0.00,     1803.6,       1.00,       2.65
    0,    33,    12,     101.72,     163.72,       0.00,    11563.8,       1.12,       3.48
    0,    34,     1,       8.95,      13.88,       0.00,     3892.3,       1.05,       3.43
    0,    34,     2,      29.16,      30.48,       0.00,    24871.0,       1.24,       3.77
    0,    34,     3,      43.68,      72.49,       0.00,    11021.6,       1.07,       3.47
    0,    34,     4,      68.38,      72.24,       0.00,    18204.8,       1.12,       3.77
    0,    34,     5,      86.07,      73.39,       0.00,     9687.7,       1.10,       3.73
    0,    34,     6,     136.73,      74.35,       0.00,    14088.4,       1.12,       3.63
    0,    34,     7,     103.59,      77.92,       0.00,    12593.8,       1.14,       3.71
    0,    34,     8,      69.93,     110.71,       0.00,    18104.1,       1.14,       3.75
    0,    34,     9,     112.62,     130.74,       0.00,    16962.4,       1.13,       3.49
    0,    34,    10,      94.93,     137.43,       0.00,     8806.9,       1.12,       3.57
    0,    34,    11,      55.33,     145.30,       0.00,     1279.3,       0.93,       2.72
    0,    34,    12,     101.75,     163.67,       0.00,    11682.7,       1.10,       3.44
    0,    35,     1,       8.87,      13.99,       0.00,     4119.5,       1.18,       3.38
    0,    35,     2,      29.15,      30.45,       0.00,    23944.6,       1.21,       3.72
    0,    35,     3,      68.35,      72.23,       0.00,    17465.1,       1.11,       3.67
    0,    35,     4,      43.67,      72.45,       0.00,    11778.8,       1.09,       3.48
    0,    35,     5,      86.06,      73.37,       0.00,     9362.3,       1.13,       3.65
    0,    35,     6,     136.71,      74.25,       0.00,    14069.3,       1.11,       3.64
    0,    35,     7,     103.55,      77.89,       0.00,    12438.4,       1.13,       3.66
    0,    35,     8,      69.94,     110.72,       0.00,    17786.0,       1.11,       3.72
    0,    35,     9,     112.62,     130.86,       0.00,    17663.1,       1.15,       3.48
    0,    35,    10,      94.90,     137.60,       0.00,     8749.2,       1.10,       3.47
    0,    35,    11,      55.36,     145.37,       0.00,     1502.4,       0.95,       2.98
    0,    35,    12,     101.77,     163.75,       0.00,    11354.8,       1.10,       3.45
    0,    36,     1,       8.94,      13.69,       0.00,     3863.0,       1.11,       3.45
    0,    36,     2,      29.17,      30.28,       0.00,    24931.3,       1.22,       3.86
    0,    36,     3,      68.36,      72.15,       0.00,    17993.3,       1.14,       3.78
    0,    36,     4,      43.69,      72.45,       0.00,    11605.3,       1.10,       3.42
    0,    36,     5,      86.06,      73.32,       0.00,     8972.5,       1.09,       3.58
    0,    36,     6,     136.69,      74.28,       0.00,    13926.2,       1.13,       3.70
    0,    36,     7,     103.59,      77.86,       0.00,    12100.0,       1.16,       3.83
    0,    36,     8,      69.95,     110.61,       0.00,    18377.8,       1.13,       3.83
    0,    36,     9,     112.60,     130.83,       0.00,    18406.5,       1.17,       3.49
    0,    36,    10,      94.93,     137.45,       0.00,     8309.4,       1.07,       3.45
    0,    36,    11,      55.33,     145.72,       0.00,     1322.3,       1.00,       2.54
    0,    36,    12,     101.75,     163.61,       0.00,    11224.6,       1.10,       3.54
    0,    37,     1,       8.88,      13.80,       0.00,     4046.5,       1.15,       3.76
    0,    37,     2,      29.15,      30.47,       0.00,    24548.3,       1.24,       3.68
    0,    37,     3,      43.65,      72.51,       0.00,    11527.3,       1.09,       3.50
    0,    37,     4,      68.38,      72.15,       0.00,    17620.9,       1.13,       3.72
    0,    37,     5,      86.07,      73.43,       0.00,     9620.8,       1.11,       3.49
    0,    37,     6,     136.68,      74.28,       0.00,    13596.1,       1.11,       3.66
    0,    37,     7,     103.61,      78.05,       0.00,    12896.4,       1.19,       3.79
    0,    37,     8,      69.94,     110.65,       0.00,    17623.8,       1.10,       3.73
    0,    37,     9,     112.66,     130.72,       0.00,    18203.9,       1.15,       3.59
    0,    37,    10,      94.94,     137.55,       0.00,     8572.9,       1.11,       3.56
    0,    37,    11,      55.42,     145.29,       0.00,     1261.9,       1.01,       2.57
    0,    37,    12,     101.74,     163.70,       0.00,    11014.2,       1.10,       3.33
    0,    38,     1,       8.88,      13.74,       0.00,     3630.5,       1.09,       3.32
    0,    38,     2,      29.17,      30.44,       0.00,    23962.2,       1.20,       3.71
    0,    38,     3,      68.39,      72.17,       0.00,    17853.4,       1.14,       3.69
    0,    38,     4,      43.69,      72.51,       0.00,    11595.9,       1.08,       3.51
    0,    38,     5,      86.07,      73.61,       0.00,     9139.4,       1.07,       3.54
    0,    38,     6,     136.71,      74.29,       0.00,    13382.7,       1.10,       3.63
    0,    38,     7,     103.59,      77.85,       0.00,    11932.1,       1.10,       3.74
    0,    38,     8,      69.93,     110.71,       0.00,    17649.9,       1.12,       3.76
    0,    38,     9,     112.63,     130.77,       0.00,    17673.5,       1.16,       3.57
    0,    38,    10,      94.93,     137.52,       0.00,     8965.4,       1.07,       3.62
    0,    38,    11,      55.41,     145.64,       0.00,     1830.4,       1.12,       2.91
    0,    38,    12,     101.73,     163.70,       0.00,    11486.1,       1.12,       3.40
    0,    39,     1,       8.84,      13.67,       0.00,     3903.3,       1.08,       3.38
    0,    39,     2,      29.16,      30.48,       0.00,    24013.1,       1.21,       3.68
    0,    39,     3,      68.37,      72.16,       0.00,    18013.8,       1.13,       3.71
    0,    39,     4,      43.67,      72.39,       0.00,    11308.0,       1.08,       3.46
    0,    39,     5,      86.08,      73.46,       0.00,     9412.9,       1.11,       3.65
    0,    39,     6,     136.69,      74.30,       0.00,    14186.4,       1.09,       3.65
    0,    39,     7,     103.58,      77.84,       0.00,    12747.5,       1.13,       3.82
    0,    39,     8,      69.94,     110.75,       0.00,    18302.2,       1.12,       3.74
    0,    39,     9,     112.63,     130.77,       0.00,    17206.8,       1.12,       3.49
    0,    39,    10,      94.93,     137.46,       0.00,     8923.5,       1.10,       3.56
    0,    39,    11,      55.36,     145.10,       0.00,     1466.2,       1.02,       2.42
    0,    39,    12,     101.76,     163.67,       0.00,    11921.0,       1.12,       3.54
    0,    40,     1,       8.89,      14.04,       0.00,     4107.0,       1.11,       3.43
    0,    40,     2,      29.19,      30.44,       0.00,    24016.5,       1.21,       3.69
    0,    40,     3,      68.38,      72.18,       0.00,    18180.5,       1.12,       3.73
    0,    40,     4,      43.68,      72.35,       0.00,    12400.0,       1.08,       3.54
    0,    40,     5,      86.10,      73.38,       0.00,     9725.1,       1.12,       3.58
    0,    40,     6,     136.72,      74.22,       0.00,    14542.7,       1.12,       3.69
    0,    40,     7,     103.58,      77.88,       0.00,    13025.7,       1.15,       3.71
    0,    40,     8,      69.94,     110.76,       0.00,    17803.7,       1.13,       3.72
    0,    40,     9,     112.63,     130.80,       0.00,    17688.8,       1.12,       3.53
    0,    40,    10,      94.92,     137.63,       0.00,     8956.0,       1.09,       3.55
    0,    40,    11,      55.22,     145.49,       0.00,     1565.2,       1.03,       2.59
    0,    40,    12,     101.76,     163.81,       0.00,    11344.2,       1.10,       3.44
    0,    41,     1,       9.00,      13.98,       0.00,     4283.7,       1.16,       3.53
    0,    41,     2,      29.16,      30.47,       0.00,    24215.9,       1.22,       3.74
    0,    41,     3,      68.36,      72.19,       0.00,    17820.6,       1.11,       3.63
    0,    41,     4,      43.67,      72.49,       0.00,    11881.0,       1.09,       3.50
    0,    41,     5,      86.10,      73.47,       0.00,     9420.7,       1.11,       3.67
    0,    41,     6,     136.73,      74.34,       0.00,    14281.9,       1.13,       3.67
    0,    41,     7,     103.58,      77.86,       0.00,    13266.3,       1.14,       3.83
    0,    41,     8,      69.94,     110.58,       0.00,    17819.1,       1.16,       3.78
    0,    41,     9,     112.63,     130.69,       0.00,    17967.1,       1.15,       3.59
    0,    41,    10,      94.91,     137.70,       0.00,     8984.8,       1.08,       3.59
    0,    41,    11,      55.43,     145.53,       0.00,     1976.0,       1.05,       2.95
    0,    41,    12,     101.75,     163.77,       0.00,    11208.7,       1.10,       3.39
    0,    42,     1,       8.90,      13.88,       0.00,     3687.6,       1.09,       3.63
    0,    42,     2,      29.17,      30.54,       0.00,    24676.1,       1.22,       3.77
    0,    42,     3,      43.67,      72.40,       0.00,    11823.9,       1.10,       3.51
    0,    42,     4,      68.39,      72.18,       0.00,    18167.3,       1.14,       3.68
    0,    42,     5,      86.08,      73.36,       0.00,     9073.6,       1.09,       3.57
    0,    42,     6,     136.69,      74.28,       0.00,    12827.0,       1.13,       3.54
    0,    42,     7,     103.60,      77.84,       0.00,    12347.2,       1.15,       3.73
    0,    42,     8,      69.95,     110.70,       0.00,    18057.5,       1.14,       3.72
    0,    42,     9,     112.63,     130.73,       0.00,    17232.4,       1.12,       3.44
    0,    42,    10,      94.94,     137.64,       0.00,     9025.2,       1.12,       3.77
    0,    42,    11,      55.44,     145.34,       0.00,     1367.2,       1.05,       2.46
    0,    42,    12,     101.73,     163.75,       0.00,    12295.0,       1.10,       3.60
    0,    43,     1,       9.01,      14.05,       0.00,     3967.7,       1.14,       3.48
    0,    43,     2,      29.16,      30.27,       0.00,    25312.2,       1.22,       3.88
    0,    43,     3,      68.36,      72.20,       0.00,    18277.6,       1.13,       3.74
    0,    43,     4,      43.70,      72.51,       0.00,    11856.2,       1.10,       3.51
    0,    43,     5,      86.08,      73.37,       0.00,     9081.4,       1.13,       3.63
    0,    43,     6,     136.71,      74.24,       0.00,    13262.0,       1.11,       3.54
    0,    43,     7,     103.57,      77.88,       0.00,    12438.0,       1.13,       3.70
    0,    43,     8,      69.94,     110.79,       0.00,    15745.3,       1.13,       3.65
    0,    43,     9,     112.62,     130.75,       0.00,    17483.7,       1.14,       3.53
    0,    43,    10,      94.93,     137.55,       0.00,     8808.0,       1.09,       3.53
    0,    43,    11,      55.40,     145.38,       0.00,     1951.4,       1.04,       2.56
    0,    43,    12,     101.77,     163.81,       0.00,    12043.7,       1.14,       3.60
    0,    44,     1,       8.85,      13.72,       0.00,     4075.5,       1.13,       3.34
    0,    44,     2,      29.17,      30.51,       0.00,    24423.1,       1.23,       3.72
    0,    44,     3,      43.67,      72.44,       0.00,    12134.3,       1.11,       3.50
    0,    44,     4,      68.38,      72.19,       0.00,    17997.8,       1.15,       3.73
    0,    44,     5,      86.10,      73.44,       0.00,     9551.5,       1.10,       3.66
    0,    44,     6,     136.72,      74.33,       0.00,    13815.2,       1.09,       3.60
    0,    44,     7,     103.56,      77.80,       0.00,    11759.8,       1.10,       3.67
    0,    44,     8,      69.91,     110.59,       0.00,    17297.3,       1.14,       3.76
    0,    44,     9,     112.65,     130.80,       0.00,    17181.8,       1.15,       3.50
    0,    44,    10,      94.93,     137.64,       0.00,     9317.8,       1.12,       3.66
    0,    44,    11,      55.34,     145.38,       0.00,     1914.3,       0.99,       2.97
    0,    44,    12,     101.74,     163.77,       0.00,    11015.0,       1.11,       3.47
    0,    45,     1,       8.94,      14.05,       0.00,     4115.1,       1.16,       3.61
    0,    45,     2,      29.17,      30.41,       0.00,    23774.1,       1.20,       3.75
    0,    45,     3,      43.68,      72.46,       0.00,    12098.7,       1.12,       3.50
    0,    45,     4,      68.35,      72.12,       0.00,    17443.5,       1.11,       3.59
    0,    45,     5,      86.10,      73.40,       0.00,     9377.2,       1.12,       3.56
    0,    45,     6,     136.73,      74.27,       0.00,    14669.8,       1.11,       3.62
    0,    45,     7,     103.61,      77.94,       0.00,    12029.1,       1.15,       3.72
    0,    45,     8,      69.91,     110.70,       0.00,    15999.6,       1.12,       3.60
    0,    45,     9,     112.66,     130.79,       0.00,    17814.9,       1.14,       3.51
    0,    45,    10,      94.91,     137.57,       0.00,     8788.4,       1.09,       3.64
    0,    45,    11,      55.34,     145.45,       0.00,     1448.4,       0.96,       2.45
    0,    45,    12,     101.76,     163.77,       0.00,    11944.3,       1.11,       3.57
    0,    46,     1,       8.94,      14.05,       0.00,     4115.1,       1.16,       3.61
    0,    46,     2,      29.17,      30.41,       0.00,    23774.1,       1.20,       3.75
    0,    46,     3,      43.68,      72.46,       0.00,    12098.7,       1.12,       3.50
    0,    46,     4,      68.35,      72.12,       0.00,    17443.5,       1.11,       3.59
    0,    46,     5,      86.10,      73.40,       0.00,     9377.2,       1.12,       3.56
    0,    46,     6,     136.73,      74.27,       0.00,    14669.8,       1.11,       3.62
    0,    46,     7,     103.61,      77.94,       0.00,    12029.1,       1.15,       3.72
    0,    46,     8,      69.91,     110.70,       0.00,    15999.6,       1.12,       3.60
    0,    46,     9,     112.66,     130.79,       0.00,    17814.9,       1.14,       3.51
    0,    46,    10,      94.91,     137.57,       0.00,     8788.4,       1.09,       3.64
    0,    46,    11,      55.34,     145.45,       0.00,     1448.4,       0.96,       2.45
    0,    46,    12,     101.76,     163.77,       0.00,    11944.3,       1.11,       3.57
