   6.8906000e+02   1.3687000e+04
   9.9290000e+02   1.4814000e+04
   1.0635000e+03   8.4248000e+03
   1.1520000e+03   1.1874000e+04
   1.2030000e+03   7.2410000e+03
   1.2641000e+03   5.0258000e+03
   1.2538000e+03   1.7215000e+04
   1.3826000e+03   1.2589000e+04
   1.4238000e+03   1.3130000e+03
   1.7733000e+03   1.5848000e+04
   1.8058000e+03   3.6964000e+03
   1.8841000e+03   1.6485000e+04
   1.9520000e+03   1.1283000e+04
   1.9590000e+03   1.3782000e+04
   2.0369000e+03   7.6948000e+03
   2.2854000e+03   9.1917000e+03
   2.3520000e+03   1.1875000e+04
   2.3518000e+03   1.7372000e+04
   2.3652000e+03   1.0303000e+04
   2.6967000e+03   1.6179000e+04
   2.7073000e+03   9.9951000e+03
   2.7489000e+03   4.6518000e+03
   2.7927000e+03   1.5229000e+04
   3.0484000e+03   7.9519000e+03
   3.0608000e+03   5.5522000e+03
   3.1250000e+03   1.1524000e+04
   3.5511000e+03   9.0737000e+03
   3.5812000e+03   1.4016000e+04
   3.6160000e+03   8.4638000e+03
   3.7846000e+03   7.6406000e+03
   3.8905000e+03   1.4395000e+04
   4.0218000e+03   9.1971000e+03
   4.0630000e+03   7.1096000e+03
   4.1116000e+03   4.8825000e+03
   4.1759000e+03   4.2585000e+03
   4.2975000e+03   1.0304000e+04
   4.2995000e+03   2.4274000e+03
   4.3002000e+03   1.1840000e+04
   4.5687000e+03   3.2045000e+03
   4.6374000e+03   7.2587000e+03
   4.7775000e+03   5.4706000e+03
   4.9869000e+03   1.5930000e+04
   4.9891000e+03   8.3197000e+03
   5.1324000e+03   1.0476000e+03
   5.1671000e+03   1.0876000e+04
   5.1783000e+03   1.4255000e+04
   5.2971000e+03   9.9629000e+03
   5.3797000e+03   7.7107000e+03
   5.4798000e+03   1.6523000e+04
   5.5624000e+03   9.1212000e+03
   5.5959000e+03   2.7831000e+03
   5.5836000e+03   1.7315000e+04
   5.7231000e+03   1.3800000e+04
   5.8183000e+03   6.6817000e+03
   5.9846000e+03   8.6735000e+03
   6.3315000e+03   1.6945000e+04
   6.3340000e+03   1.6129000e+04
   6.4021000e+03   6.7958000e+03
   6.5898000e+03   4.6867000e+03
   6.6509000e+03   1.2473000e+04
   6.6479000e+03   9.7167000e+03
   6.6607000e+03   2.8078000e+03
   6.9723000e+03   1.1753000e+04
   6.9781000e+03   1.5189000e+04
   7.2799000e+03   1.2332000e+04
   7.4108000e+03   1.3899000e+04
   7.5434000e+03   4.3102000e+03
   7.5901000e+03   1.0906000e+04
   7.9385000e+03   1.6315000e+04
   8.0707000e+03   2.1525000e+03
   8.0999000e+03   7.5497000e+03
   8.1940000e+03   9.3496000e+03
   8.2685000e+03   2.5646000e+03
   8.3758000e+03   1.7578000e+03
   8.5949000e+03   5.1179000e+03
   8.8019000e+03   8.6069000e+03
   8.9089000e+03   1.8553000e+03
   9.0153000e+03   1.2911000e+04
   9.1169000e+03   3.4785000e+03
   9.1392000e+03   9.2838000e+03
   9.2175000e+03   2.9726000e+03
   9.2746000e+03   1.5205000e+04
   9.5263000e+03   1.6654000e+04
   9.7591000e+03   1.2793000e+04
   9.7858000e+03   2.3745000e+03
   9.8706000e+03   1.3141000e+04
   1.0021000e+04   6.8445000e+03
   1.0116000e+04   5.6170000e+03
   1.0126000e+04   7.8496000e+03
   1.0237000e+04   1.1197000e+04
   1.0425000e+04   4.5459000e+03
   1.0631000e+04   1.2391000e+04
   1.0651000e+04   1.5714000e+04
   1.0653000e+04   8.1896000e+03
   1.0697000e+04   7.1363000e+03
   1.0814000e+04   1.3864000e+04
   1.0906000e+04   2.4558000e+03
   1.1182000e+04   1.5227000e+04
   1.1590000e+04   7.2745000e+03
   1.1658000e+04   1.0989000e+04
   1.1675000e+04   1.5473000e+04
   1.1881000e+04   1.4401000e+04
   1.1992000e+04   7.2138000e+02
   1.2034000e+04   1.0372000e+04
   1.2127000e+04   2.4508000e+03
   1.2170000e+04   7.3453000e+03
   1.2196000e+04   6.4989000e+03
   1.2366000e+04   1.2096000e+04
   1.2373000e+04   1.5336000e+04
   1.2387000e+04   9.5351000e+03
   1.2549000e+04   8.6400000e+03
   1.2646000e+04   1.3376000e+03
   1.2890000e+04   6.1383000e+03
   1.2910000e+04   1.5140000e+04
   1.3017000e+04   6.7558000e+03
   1.3078000e+04   1.3513000e+04
   1.3133000e+04   5.6525000e+03
   1.3157000e+04   8.2355000e+03
   1.3182000e+04   1.8380000e+03
   1.3188000e+04   1.0081000e+04
   1.3375000e+04   1.1890000e+04
   1.3455000e+04   1.2539000e+04
   1.3887000e+04   8.5920000e+03
   1.3954000e+04   6.7413000e+03
   1.4189000e+04   1.1230000e+04
   1.4269000e+04   1.6556000e+04
   1.4285000e+04   5.4122000e+03
   1.4370000e+04   1.5904000e+04
   1.4409000e+04   1.1908000e+04
   1.4483000e+04   1.5177000e+04
   1.4607000e+04   8.2333000e+03
   1.4742000e+04   7.0404000e+03
   1.4756000e+04   1.7774000e+03
   1.4827000e+04   1.6968000e+04
   1.4954000e+04   1.6130000e+04
   1.4978000e+04   1.4408000e+04
   1.5009000e+04   1.0129000e+04
   1.5154000e+04   9.3130000e+03
   1.5163000e+04   1.4964000e+04
   1.5176000e+04   4.4862000e+03
   1.5390000e+04   1.5311000e+04
   1.5503000e+04   3.4560000e+03
   1.5573000e+04   1.7424000e+04
   1.5617000e+04   7.0368000e+03
   1.5821000e+04   8.0514000e+03
   1.5864000e+04   1.3044000e+04
   1.5964000e+04   1.0167000e+04
   1.5992000e+04   1.4593000e+04
   1.6132000e+04   1.1529000e+04
   1.6148000e+04   5.8530000e+03
   1.6238000e+04   5.1811000e+03
   1.6339000e+04   1.6559000e+04
   1.6368000e+04   1.5636000e+04
   1.6414000e+04   1.4928000e+04
   1.6427000e+04   1.0097000e+04
   1.6518000e+04   6.5834000e+03
   1.6598000e+04   1.7294000e+04
   1.6713000e+04   1.0598000e+04
   1.6766000e+04   9.1626000e+03
   1.6766000e+04   7.9576000e+03
   1.6867000e+04   1.2228000e+04
   1.6965000e+04   1.6494000e+04
   1.6984000e+04   1.0953000e+04
   1.7002000e+04   2.8039000e+03
   1.7079000e+04   6.6096000e+03
   1.7196000e+04   3.6360000e+03
   1.7288000e+04   2.2485000e+03
   1.7403000e+04   9.7252000e+03
